1000
739 409 546
225 227 246
78 695 974
965 554 29
172 186 925
379 344 420
331 28 296
917 217 160
650 70 222
989 360 923
24 891 431
848 494 284
254 647 936
990 154 425
444 987 320
645 528 42
827 795 179
823 864 74
873 717 68
341 693 910
69 778 651
732 532 125
147 539 696
830 850 899
285 955 219
173 958 65
244 450 819
391 114 684
389 6 456
415 209 779
322 744 891
702 212 811
294 118 641
416 393 598
312 547 153
448 702 879
749 797 179
954 878 570
322 671 670
201 96 224
20 432 934
926 960 647
152 367 61
160 417 764
333 819 815
782 194 622
127 919 695
820 108 146
378 695 778
643 236 55
38 551 488
906 825 894
298 409 948
815 341 509
897 558 154
105 515 658
936 152 830
323 621 12
786 151 46
924 450 738
877 962 243
332 835 149
410 379 80
295 402 263
145 539 733
277 502 757
624 138 430
445 566 985
611 187 966
191 568 29
853 669 54
821 80 91
564 228 215
636 983 947
925 33 849
799 520 669
120 764 713
295 351 442
461 926 997
219 136 449
453 553 576
688 275 235
654 750 175
830 221 996
54 88 743
581 236 981
547 530 285
219 938 903
267 252 26
403 496 773
812 739 69
61 44 962
833 700 381
207 537 913
978 115 554
906 971 709
132 753 759
350 580 662
80 576 593
731 479 426
998 831 855
212 213 926
599 814 549
95 982 188
126 696 14
183 55 131
17 562 157
129 647 924
240 214 151
357 510 33
648 389 849
279 448 221
346 3 382
345 492 803
276 869 788
772 904 765
8 215 460
316 308 715
507 984 562
258 917 605
145 770 487
522 553 758
979 188 613
369 173 994
484 614 423
820 947 990
262 857 444
910 309 885
381 255 915
804 457 298
255 393 386
657 697 591
311 864 484
805 514 842
61 676 966
284 778 921
932 934 922
645 919 812
166 355 898
161 72 494
249 139 312
516 387 292
409 687 979
455 18 561
235 698 400
476 346 346
694 284 983
672 389 425
983 810 592
623 864 11
613 880 638
937 68 370
801 494 759
173 217 898
830 83 873
476 789 233
737 482 500
796 645 583
511 1 52
708 356 704
290 689 258
153 926 927
816 475 230
152 119 916
480 156 369
72 100 252
918 642 275
567 114 34
515 575 669
422 409 258
11 4 198
389 783 970
93 716 582
819 302 566
771 7 195
714 372 40
150 329 608
513 176 612
734 102 229
289 984 741
651 436 364
118 865 703
48 146 59
957 707 973
405 565 124
528 634 686
287 539 394
22 486 189
509 385 373
361 897 729
841 244 150
719 282 708
904 678 244
498 829 626
416 959 501
720 684 132
872 214 454
158 191 582
596 798 152
880 928 66
625 859 688
459 741 830
747 678 290
603 662 162
680 878 326
199 163 706
325 615 44
680 578 530
993 729 136
717 611 724
859 834 321
343 490 617
578 183 786
938 358 571
860 476 455
930 402 560
116 791 564
95 510 915
397 66 677
567 193 229
347 545 402
130 330 587
426 893 554
282 957 744
75 105 748
749 942 677
454 288 415
68 138 158
845 765 619
196 319 299
608 565 462
574 129 542
909 535 652
627 640 800
205 156 445
678 438 371
532 224 760
593 855 411
292 625 531
199 771 982
802 164 382
269 196 850
481 662 897
601 120 169
932 469 550
734 43 38
713 415 229
177 760 847
764 418 45
144 904 113
481 793 557
878 845 691
814 666 753
557 38 368
292 739 584
846 189 7
495 568 88
886 34 27
982 268 199
640 212 142
918 789 223
452 777 504
933 563 89
226 123 841
923 830 181
682 730 111
498 274 906
814 714 41
136 49 356
546 708 83
460 619 285
389 633 317
660 100 764
604 237 512
45 793 534
164 970 340
797 3 310
899 203 216
637 205 223
894 965 632
19 352 834
949 641 643
8 42 818
113 268 156
117 188 315
885 308 65
258 767 562
215 148 327
262 282 163
38 376 654
879 991 410
78 731 228
872 75 993
850 4 931
924 96 408
500 426 721
375 650 15
747 300 60
586 734 939
431 940 961
531 146 612
603 97 218
172 779 450
52 308 61
365 957 608
103 703 722
893 490 559
120 867 219
909 207 93
389 483 113
137 924 646
426 596 624
878 275 316
143 223 424
333 288 648
317 537 760
667 389 814
66 925 704
52 819 872
19 858 759
550 650 794
637 752 573
513 812 420
867 838 581
708 418 508
312 943 732
959 36 199
99 524 554
584 438 326
879 81 853
159 379 398
878 116 664
352 34 928
104 696 229
499 902 307
300 44 887
583 400 762
763 487 635
82 204 442
816 242 671
913 194 187
990 854 246
998 234 20
110 229 184
302 870 92
486 772 805
481 424 336
819 244 969
359 625 233
237 61 200
593 182 890
575 832 658
779 587 827
318 379 732
612 495 29
398 588 73
424 394 292
208 817 952
737 970 165
898 232 640
840 183 259
704 754 150
147 745 13
948 138 547
20 736 820
607 427 839
369 616 285
738 195 203
959 115 637
713 769 534
817 312 903
497 129 37
889 485 995
645 107 364
714 1000 441
608 474 923
919 356 646
455 561 493
361 815 173
384 317 328
255 931 518
413 397 392
806 122 660
988 877 395
618 754 678
165 165 570
786 506 800
65 44 475
118 127 906
229 638 197
38 839 775
826 570 843
970 461 586
668 439 634
473 735 644
137 506 819
83 799 187
88 283 460
182 232 535
255 988 758
891 739 763
459 868 19
106 864 914
585 637 734
546 60 61
584 505 237
575 960 597
272 866 49
8 778 935
75 554 387
13 263 587
555 90 669
923 466 127
479 81 893
858 442 662
887 873 400
706 379 868
439 236 358
390 812 868
951 492 305
484 878 810
349 79 671
401 74 455
586 188 751
520 961 628
158 288 957
112 75 446
759 846 865
734 75 981
168 189 832
536 238 602
1 891 75
594 972 188
953 339 465
445 819 423
788 175 834
309 987 295
791 125 196
757 686 927
860 788 865
154 319 692
15 459 556
335 65 291
600 465 60
847 293 696
580 694 265
952 629 649
103 337 70
150 630 504
208 497 107
519 535 894
247 21 167
609 346 13
591 25 911
974 936 535
38 427 635
106 971 167
329 933 951
85 682 413
468 248 372
675 473 368
972 694 738
617 839 691
601 931 71
38 688 836
502 812 846
449 126 493
702 91 542
62 508 356
783 365 935
13 541 311
870 483 276
954 190 936
587 744 33
856 270 736
894 805 595
224 247 784
120 636 252
3 179 244
829 251 276
379 308 251
604 637 645
932 529 452
151 455 919
344 496 623
515 388 952
50 769 52
97 298 884
852 598 792
829 266 210
306 825 4
410 897 291
400 983 685
172 545 111
427 824 548
948 973 101
60 750 433
74 450 445
657 169 740
392 882 399
306 363 246
767 638 946
128 416 566
783 26 234
767 224 483
724 291 949
897 742 770
517 83 703
820 203 944
173 316 344
51 224 126
194 329 750
683 731 468
242 267 17
120 468 809
774 700 862
134 930 445
192 188 347
913 645 632
408 250 375
343 645 616
412 372 64
733 742 179
630 57 663
307 453 874
975 591 445
366 256 686
758 933 663
85 886 427
920 933 911
979 265 18
807 454 347
280 438 457
94 460 10
922 740 228
874 658 186
19 782 439
135 89 395
722 893 899
471 736 359
403 719 287
710 19 924
906 980 586
870 73 273
910 148 602
489 615 213
661 336 369
438 813 772
890 103 82
729 937 591
977 155 237
967 846 962
668 685 960
933 453 294
103 382 987
48 70 778
301 821 125
594 607 313
206 169 210
897 959 923
782 715 1000
813 578 844
167 591 584
587 581 205
916 869 745
450 308 698
711 18 957
945 899 481
248 425 319
785 142 374
579 672 960
946 266 46
96 294 493
228 524 600
231 278 479
220 179 83
249 782 628
967 826 512
963 185 970
811 529 654
329 774 479
798 165 392
715 736 903
573 42 968
407 790 356
630 329 847
394 145 637
583 590 470
995 380 326
993 266 930
135 968 453
515 389 919
325 532 115
896 802 843
167 731 713
4 430 513
891 718 297
890 283 969
257 192 857
309 576 305
277 884 2
100 780 321
699 532 243
215 221 217
515 239 766
915 992 936
410 687 298
613 99 749
116 47 959
444 237 823
400 720 849
322 608 914
447 761 837
204 880 500
932 875 691
398 200 558
973 558 901
388 7 153
871 933 184
159 884 401
857 548 945
632 792 96
976 377 929
783 829 845
822 407 506
657 250 997
272 568 429
402 630 440
896 658 796
452 171 802
105 253 31
884 292 197
111 200 39
324 375 338
968 197 706
143 757 691
288 145 164
282 875 341
892 723 891
500 566 564
324 17 38
631 592 745
251 351 594
925 974 985
471 544 689
536 952 236
102 300 800
588 891 582
905 57 769
539 610 821
642 52 142
327 133 443
557 789 622
108 344 60
631 959 129
66 246 392
201 169 801
400 991 854
265 873 257
762 574 525
900 367 917
555 238 546
366 825 907
604 361 377
326 966 695
383 556 396
659 590 808
628 134 842
798 389 692
876 873 747
59 128 325
205 716 486
271 230 637
832 88 294
500 588 291
466 566 685
155 282 61
440 444 361
257 126 494
471 546 111
728 329 104
532 956 912
231 607 17
6 164 523
15 10 559
547 302 485
867 225 39
562 879 195
370 463 913
224 943 750
872 998 23
155 669 822
865 931 974
738 521 381
621 924 656
893 76 4
106 202 473
440 561 886
845 768 271
739 838 630
606 864 300
93 394 485
948 734 15
954 985 317
683 812 673
615 475 456
317 894 682
402 844 865
699 263 593
606 175 679
395 84 734
125 185 872
468 331 200
456 953 982
483 121 692
566 211 549
229 496 735
812 627 712
371 507 937
692 62 78
406 123 15
146 491 558
404 942 450
912 69 205
792 172 981
431 88 154
604 725 804
298 328 534
596 389 123
638 177 972
15 594 119
340 61 390
545 808 274
559 780 574
634 41 679
341 769 858
509 933 294
14 384 901
901 734 273
17 456 725
444 990 483
157 151 601
286 956 783
674 307 276
847 760 934
536 811 934
643 676 901
558 299 554
596 379 515
401 616 628
182 383 570
814 263 51
973 278 814
231 131 437
43 963 805
221 346 967
209 808 164
994 913 135
328 683 320
253 724 612
539 250 777
789 379 521
156 813 784
144 587 28
46 406 68
782 758 885
799 944 24
710 829 403
726 244 476
402 870 753
509 780 856
231 972 897
981 302 818
527 314 990
769 444 140
224 866 431
567 292 235
466 968 100
837 4 48
911 926 825
90 326 798
379 104 373
52 486 101
968 470 908
183 532 438
904 178 333
805 588 520
734 267 816
627 596 509
174 485 323
647 275 899
293 591 237
315 429 172
685 246 591
575 415 147
697 606 882
38 385 675
298 276 345
911 408 246
400 388 64
82 84 830
37 812 285
205 877 249
696 408 483
264 307 933
961 496 93
301 715 70
126 300 771
982 461 899
337 290 178
726 630 870
807 518 165
295 628 182
825 205 409
874 534 881
227 523 667
483 283 489
853 546 850
148 354 376
315 123 911
937 623 213
342 889 692
963 230 464
196 393 932
932 211 830
335 751 226
181 16 680
7 957 620
71 216 670
243 958 493
341 145 373
258 883 274
258 699 120
646 617 742
956 802 224
94 460 470
430 775 420
804 147 238
726 757 906
817 679 988
570 886 144
161 289 137
919 994 578
911 520 15
756 526 205
907 940 513
165 518 313
523 218 236
947 308 212
53 443 435
403 151 376
272 411 945
22 475 846
513 830 10
581 64 994
331 34 806
695 146 999
129 437 902
550 907 217
937 661 92
738 44 758
232 231 573
131 787 327
677 201 134
844 452 511
935 960 152
829 290 472
286 665 574
621 698 779
267 21 648
45 538 649
146 67 637
861 215 140
266 466 360
863 476 510
134 168 663
262 780 35
405 289 894
474 898 873
19 160 175
16 488 830
738 635 292
536 419 46
246 521 200
440 454 685
877 219 189
214 524 666
935 525 436
720 330 611
183 185 608
518 795 486
422 650 881
541 657 318
72 870 938
645 65 587
878 618 114
468 565 864
63 278 940
155 568 971
471 982 595
272 996 239
190 912 669
71 176 197
585 9 307
466 230 488
241 782 327
287 664 184
648 259 243
204 944 64
514 313 661
426 767 685
703 361 677
351 872 166
808 904 294
395 354 18
917 477 266
188 268 455
600 936 977
419 17 929
981 144 677
437 141 976
574 231 636
444 958 425
580 864 383
643 3 930
879 907 509
678 751 830
295 797 449
576 84 477
136 953 384
547 577 455
494 439 590
280 493 554
547 198 80
567 445 521
106 904 529
962 467 880
14 146 536
740 32 882
74 909 660
781 460 898
660 140 58
423 972 246
758 814 998
459 777 768
204 500 986
442 669 693
536 897 661
271 778 742
506 331 657
700 280 152
186 127 155
507 76 31
230 117 407
283 614 797
478 155 936
258 255 594
288 211 524
342 567 892
672 783 516
365 859 894
796 983 485
330 551 494
547 314 243
642 852 901
242 779 69
557 940 329
746 105 620
360 750 464
906 314 716
932 741 469
942 3 915
998 507 968
848 220 115
117 646 148
644 46 31
790 618 837
881 454 195
938 404 750
773 785 390
448 174 457
109 712 244
570 998 499
12 570 289
750 348 409
336 419 191
926 700 408
238 264 670
976 575 332
544 823 799
273 363 976
845 682 954
406 675 471
839 517 288
933 289 249
448 187 263
738 920 620
403 313 85
470 968 65
851 605 434
