1394
77212 62342 42240
99639 27806 75403
48977 7715 94817
91515 97643 9408
76687 95896 90698
83175 12835 88259
14285 42484 73365
47892 8993 65932
36326 53290 21655
27819 23145 11253
20326 78838 624
39636 83294 20817
78673 33773 34175
25154 98912 54778
90211 68500 43457
1335 70149 65862
16035 87740 88460
41919 2489 26213
82573 23332 52915
60705 75814 31480
2367 46409 22160
35024 1082 61116
11847 10584 48019
27955 24362 9012
51065 67491 81038
86762 18392 13984
62191 70633 4204
86554 12417 946
6431 71850 58024
13933 61951 51337
58639 78744 72362
11393 23309 7757
15983 96189 86072
61271 48705 15135
2265 30181 55170
98756 38603 78364
2489 56721 2601
86256 77373 45459
29576 43672 96533
36319 68391 92457
85488 48342 26859
99543 93656 96259
77070 31365 94639
72671 49284 39261
45398 49224 1911
60842 77946 94585
51727 20287 38146
98726 42918 94020
33581 99607 21257
53673 49467 21778
92211 56166 25261
43085 35435 51413
78666 43863 88920
91993 61801 14758
84723 72687 94244
4705 22193 17880
27907 92218 30301
37987 70059 24115
53001 77700 42039
4508 36982 82585
25588 23978 34101
39791 26102 78214
23394 60326 17546
52353 97556 32537
53195 45633 62679
64639 40860 29905
57391 12957 52
42295 20303 18849
20798 52781 24952
69890 46924 64744
32875 53350 47339
13168 16572 7915
21121 68133 4781
39174 22794 16526
73168 64420 60018
54469 3082 67681
2613 7859 27041
36750 57709 9127
3622 83789 79261
64752 11241 34675
76717 6696 90349
3563 97097 46909
95200 45784 37850
77425 21286 67462
43030 41410 35133
35484 45774 90206
40484 93118 80143
20846 15478 4973
33043 80057 73636
94038 92419 24180
4707 2371 63547
8483 7446 96161
75674 10535 97611
57046 75153 74828
21861 65553 26539
42621 75953 93853
18492 48103 37903
95055 72107 64111
18786 45087 1422
45205 24724 5179
96581 51106 61955
52349 89252 16462
90117 59273 47171
27985 48040 52413
17504 92116 86222
19958 97769 16338
12568 31039 76520
12586 56664 49197
4867 53527 22728
44755 97980 14643
72872 42329 77701
32242 41166 1639
92960 77371 87899
35877 37786 71037
89616 72661 87545
71289 66006 1295
47949 39507 81726
27954 60310 39125
78109 16703 4884
7618 95626 47309
77040 57217 12916
37743 19015 58868
90242 35990 21796
80630 17295 52596
32521 79095 18613
88183 26692 68133
67690 46054 91553
52248 38517 31930
18174 86418 73843
13949 77049 38025
62184 30323 50256
82643 31085 55400
93338 6429 24362
99783 32890 37380
29014 11332 49123
601 74848 54103
97982 78255 28900
85586 17579 66030
80430 93313 33807
88254 49888 79220
3496 84175 1641
4795 62241 96434
3116 12295 77283
23362 3114 98100
89208 9187 94471
3361 43358 39543
12281 84852 80658
55734 68763 73197
83998 59612 95414
25769 44018 72510
29876 5133 16765
72136 20433 33561
19438 30010 18775
17024 53309 46402
90356 34112 46250
91143 77028 6993
37463 88174 15508
68755 46601 67134
43827 30374 20694
13496 42189 23800
59011 50832 59828
62865 29444 74917
68993 80090 91315
51067 48517 5540
69979 30359 34449
94064 65788 1051
20123 85338 49947
70620 62737 83465
69230 16226 2749
28360 11228 28338
18556 64767 3077
74929 49093 49042
10074 18213 23561
15544 70138 37798
55607 24964 46306
81929 23808 19069
67787 93409 97656
24965 84588 21630
40655 40041 83665
21283 68160 56748
12013 10547 10008
19405 70405 997
92705 96054 58448
70667 39864 79672
25308 51820 31613
58347 33194 70169
525 20582 50497
37277 21980 58779
32148 88267 93655
36457 89003 83774
11988 70752 86541
68171 97507 62659
82498 50498 35292
34061 38777 97771
13792 40097 66652
39409 15688 32531
44846 25896 60987
54756 62916 58024
23221 65746 66144
73584 81423 23336
11277 13238 47128
84625 6660 57711
2858 77537 48371
1186 60271 5250
19935 81706 61644
83172 79592 77047
28740 88709 13004
50870 32824 96252
35172 48742 69499
35241 73050 37058
27319 73327 43831
93058 9609 44602
66033 25579 80647
98618 88463 75260
66642 37289 90166
21326 58238 31948
22299 54430 31116
4093 94272 97899
63318 64275 28649
64383 45704 7415
27360 47678 3901
79673 64041 96042
87673 93533 72645
79616 67889 80194
37645 31290 88633
27813 50102 48651
59645 32624 21290
16892 81475 91905
11757 27533 73229
86701 84852 4502
82583 3034 59834
10576 43786 53260
35597 84241 2871
48281 74612 60975
46363 28604 53254
98432 70317 36636
36308 54170 79882
16871 78865 64205
95223 70785 16219
72511 73352 51277
8522 14089 49616
49562 4606 93187
59428 27719 64651
11444 258 24758
21129 88610 96122
74219 95966 71706
84547 42073 36924
2060 60439 3019
81416 18989 63937
69944 30999 75989
5438 95806 6681
58769 82752 43716
14121 51584 70416
27879 73711 99096
33433 1576 9265
87767 42497 73747
26231 14614 57015
70069 71235 48725
33306 92911 26208
63550 87772 66543
44205 23995 95937
66519 86323 45172
58779 2597 73405
59857 1636 6961
25637 24092 49754
90853 37760 61418
42499 24703 71282
96346 84628 37582
9268 40952 49549
5839 97922 34603
46091 2084 86610
29286 87286 44325
79539 72748 28370
66431 40696 32856
68005 48166 20038
33978 5038 6103
64000 34482 11952
69762 38226 53155
31504 86768 53060
92373 90589 77508
3801 53411 91382
49937 37874 15896
47534 73850 88946
87246 41409 45009
90804 51000 17602
81958 128 97746
4711 39229 13947
9211 13876 18439
14551 53517 72886
1272 69479 39278
3145 47270 64029
9006 28705 67729
53021 97107 77858
30430 58360 86672
63003 44710 2621
4821 15005 31207
6381 66470 43100
42644 1334 56026
13065 24024 13275
2602 92948 57394
15165 81901 79521
51696 28290 94178
78315 99067 85614
17492 49769 79567
19213 12766 44123
1462 37582 14575
68848 19498 19609
27539 90118 26043
25037 83016 96627
3602 24581 43098
58002 38629 30169
15798 92939 36405
95763 44308 94655
62981 66218 59920
78887 71442 79376
57003 84111 9934
59827 34014 59502
18715 32032 52801
7875 30973 81125
40285 82265 61538
94137 90505 92786
97990 26180 57134
16112 61152 20292
73604 37297 71787
23384 48835 33245
93993 55925 78106
33023 67607 74118
77603 364 1839
23573 15420 42783
49285 85297 86950
13363 66625 42322
29934 92663 78021
79227 42542 19890
75625 20381 74559
69505 99622 12600
4143 1890 34016
57595 940 40766
3040 85638 14309
52228 3609 61681
85381 78116 57911
24567 30188 66770
15475 66735 20251
42535 64075 9799
83754 71445 95694
58188 64854 19114
90398 57042 68164
31014 97641 50059
98456 89661 28324
41937 65853 36125
67675 9652 36302
89623 47089 41954
11346 21985 69796
29638 35523 89483
68534 962 61963
82327 32575 84142
58578 62968 92320
51363 3080 40792
38910 51462 34564
95871 60846 40412
34520 49081 72561
16403 56431 62634
97748 36074 8582
75623 72852 91678
12778 30941 30159
98635 69172 98626
76632 76957 70303
59397 43458 52208
77135 62532 4186
91827 14654 71838
36543 4781 84316
21814 41377 85938
28100 28842 20941
34802 44811 76018
37194 92746 74334
9179 21628 27348
76734 86991 25972
87932 50417 40450
13776 34824 21321
41428 9364 42973
91113 74230 36647
27332 82446 10369
82078 35015 61226
6977 82264 16127
70962 69009 26666
73121 47163 96649
30901 98610 68382
92589 38913 86482
34229 9857 55548
37158 25917 17714
83223 32447 20303
56567 38712 78226
62848 13279 43338
60443 64975 26498
44058 22893 74626
14864 30676 74568
78673 25138 99069
15275 80445 81952
67093 99900 50090
11507 25242 25793
28233 83495 81236
8522 54584 15362
47109 145 99913
54842 33011 31543
46095 1287 12140
53649 67551 54940
49077 78964 52901
55743 50226 98617
22824 73335 35743
44193 13294 73170
87227 56609 3892
28890 81819 27797
91171 14372 30079
86552 47636 10445
72181 6315 65067
63027 50981 48016
12397 20471 97250
31333 11351 9413
59704 63431 17426
92138 77361 74530
33186 96193 10193
75356 28002 55841
86177 54677 85477
67366 72526 77851
12857 34353 24525
6602 78040 66902
44274 27405 31637
19253 2057 9564
6872 43340 76156
17594 50899 71803
90028 42543 65472
63800 63925 58546
81930 88305 79307
15352 79590 67548
39300 27366 23651
79225 81730 65393
35755 80616 77458
6707 63027 71323
52254 86743 68088
23384 78473 51966
90654 25095 21642
38729 41107 41633
589 54459 12098
24918 27393 94364
91868 64684 23228
21712 98332 7234
54018 56752 35459
53051 32921 10350
26028 81512 82055
27601 87158 80305
43829 22810 9152
50964 51934 16807
14936 81778 89239
45579 82560 97748
99824 11620 96776
79826 98917 10923
9740 25351 86544
21388 38096 43967
34128 72793 7442
87267 43931 62988
77861 69940 19272
88758 51310 48996
91121 28089 89819
27567 21416 97146
15156 55181 61238
99967 70435 97538
83338 25221 47007
27100 20173 98842
27878 47703 48787
3002 44531 40877
47994 62291 3410
23626 64046 26880
88394 27745 61558
54573 92172 54005
12617 1018 75390
81573 65585 99510
65348 56460 57579
89967 86928 75609
56725 90513 38072
49623 44432 60591
97855 42259 81246
44545 26660 27934
84644 42447 52446
43567 83294 80995
37531 21240 13766
79825 85616 9926
22045 79396 53804
91929 54135 5135
97740 82253 15231
12816 26365 37779
70523 74766 20884
62349 8477 58109
81356 38892 88617
36061 72761 260
4927 6756 85793
62198 61646 95563
63024 94769 90634
27415 93087 17290
77011 17978 87593
71752 89384 53834
49641 7470 50032
49337 43682 84622
14409 32555 10072
62982 31894 59925
71340 21907 42857
76527 27339 36482
70908 63408 75791
70880 54549 72630
23785 51466 46564
67245 56468 71462
58442 90652 98028
81912 1393 2614
46824 47738 19447
52675 70784 95674
65330 4804 49983
84342 88702 85707
95751 57115 2766
45913 18695 83282
73098 80303 89853
80259 54833 11264
60239 25892 72791
16752 61571 87995
5735 18944 38597
26762 44051 21462
68758 13766 50379
85703 3197 92837
10996 53611 39355
19274 29320 58764
10673 85331 93287
68736 37057 48015
56633 28234 48821
67152 57747 43279
20452 80793 39786
97510 89049 91952
29864 64409 95335
36593 69585 80258
7877 61995 17891
94143 1071 56342
21320 64245 56274
32228 16778 41079
35947 33119 20915
25906 29152 97664
28462 29751 23623
39567 33530 45382
70981 97654 99691
85740 84873 54761
66221 5586 34805
93815 51297 83630
36267 54432 8558
65341 51906 78253
52629 43387 85425
19385 39576 64984
15159 74534 65811
33239 66403 79723
69600 76855 94347
33278 5800 47272
63386 29002 53197
89916 54566 26203
93992 74706 29440
95128 36375 519
11977 2506 72376
74217 53876 30011
22979 29197 12791
78388 77162 66305
76824 22629 4893
39793 94414 19856
75968 30005 78297
11050 73341 62585
5666 29977 14091
74414 76374 25870
61489 88063 71473
75416 10903 82700
41406 21586 20005
26565 17897 78880
73002 77327 73288
33998 69252 18098
1682 73486 34032
62065 64430 17836
49032 30613 24112
88206 20498 31479
72560 12569 23679
50744 55433 8273
42995 58251 37612
96499 26481 85408
10044 40737 24020
30000 75041 30467
99588 40854 6736
24493 91211 73601
95994 9527 57925
17505 76504 46256
52292 87086 51837
11644 76624 17725
45234 44589 26185
47943 8463 14571
33300 49206 59443
20241 68768 40037
51440 95808 94580
27339 12805 98228
36229 99872 50870
86874 34847 42009
53949 40748 39365
71227 8437 84393
99349 10533 60904
7968 89990 19605
14789 47977 54928
58720 83902 90761
56742 16671 2485
30764 12619 95393
74159 34887 72240
62623 30685 59044
33310 25055 33123
40807 32309 50469
27424 69314 89842
66289 33245 95860
56918 76439 1169
12559 13232 47348
77059 88748 78396
12620 36605 37196
22403 43260 84165
16041 55540 8861
65816 97110 76880
53661 83444 73428
28622 92671 94525
47575 48907 76018
42808 66787 55650
36720 9090 68767
40085 71151 15630
12767 78966 53054
21157 91148 48038
93890 77362 30128
15203 19326 28030
20084 91223 31048
5357 48629 74803
36876 64762 45475
35062 77643 20266
22174 94017 96572
91114 99210 34718
79822 42209 14534
96091 36559 25805
72633 36687 76393
8682 35626 27394
20180 33449 2018
63749 64384 5483
95452 65765 62738
1803 79081 83995
81796 74220 93282
29010 51863 13465
99884 50927 95724
17240 55122 41388
3532 30947 94085
70182 97373 8815
77059 8614 81500
13510 61930 99401
63702 1316 99916
29179 23353 48573
11404 31730 20245
46277 81507 2463
64104 9609 38177
87688 43094 80334
7343 53281 14120
44136 68214 98476
15572 28284 43307
89798 19061 52344
79352 78826 34316
16610 98095 58242
12016 62284 88588
26383 25141 98551
41963 39682 828
4731 57016 32025
80072 46354 84283
62727 43672 87532
13047 51669 85118
71174 79488 8571
94861 52571 26076
12313 14275 99508
36462 95487 54725
84702 72172 42837
53678 69820 25076
61317 65116 20855
24130 84577 87766
10344 30550 67496
74919 70937 4295
56665 75667 42252
68679 56649 51348
23467 85293 10847
83526 41074 31426
49544 56280 44954
48007 11298 86489
38279 71527 35879
54672 80383 25154
26393 33725 77205
95106 23777 73996
66371 41013 96620
52205 91271 18536
52785 68602 86555
21378 24582 61594
84696 37860 61720
80175 40896 22783
89339 52171 82708
62549 7428 44699
99528 53230 31941
64102 32067 90260
61934 25820 94430
22745 38883 63711
78248 92040 12254
10517 72868 17874
36960 95680 59986
75115 99653 35155
6240 20638 39358
52840 24148 84502
72087 8131 96636
61904 20491 24797
91283 42887 34699
98372 68918 35570
55892 36249 8695
7503 52866 53949
59012 35021 70853
20612 77044 50093
81462 27252 5827
53891 73956 64736
44990 84415 90744
49890 7430 81353
89909 38909 26519
59557 913 28958
89521 60369 61918
27701 70683 8177
88119 3062 21555
14795 12718 18483
85311 7474 69656
63051 30079 46315
77754 23103 3324
9752 95844 62030
82396 7205 70072
88074 22992 80219
41314 21460 44818
70830 49702 46249
77958 20886 90487
63162 22030 33316
4349 82956 11359
66580 91384 82781
14191 45734 80842
39361 27341 39771
50618 34592 58496
51171 43942 74898
87092 12843 33518
31523 80657 41758
19949 81701 25649
88655 32156 36364
5202 4962 17829
88120 34119 52278
72475 13714 46507
53842 56216 4656
46410 45849 85237
92738 15140 47458
27440 3751 83944
44590 2126 20269
5102 33196 92598
69467 89866 68363
60526 61451 7871
73830 54272 96772
19515 39358 56479
3957 29764 79994
79042 69894 65238
25938 16683 3049
46496 85250 64057
21225 17427 45647
34377 1325 2850
93355 32956 59042
92553 64904 8236
59067 98701 73306
62588 94653 89328
6569 71063 72981
32477 31136 84867
61375 73472 48457
83461 42338 94151
83673 99298 75821
80504 2443 81818
53388 90168 91251
88065 43136 73953
53944 53171 82057
8060 41362 16064
9886 51833 713
38581 44154 54881
22787 92559 97995
73377 12218 72744
49027 88419 4107
18294 72856 19292
30546 94589 38248
22253 42416 39706
82496 90730 30676
10367 29767 59726
48572 28583 27566
24502 78254 45946
36537 32779 43152
74582 6631 1480
18867 17707 19897
15854 6929 96944
36690 19064 70780
14745 12773 83094
50804 22258 14439
73654 17601 77715
77696 34953 53266
66118 40362 78525
56854 99473 40800
26677 87155 79346
92147 59169 40602
1537 69988 4673
62338 63945 35486
48163 97149 53481
43188 33466 51400
9761 37202 89634
71673 79511 49039
41702 52666 3729
64471 84549 41552
75862 89497 27752
61622 23585 17392
55365 13117 35123
27410 80949 3770
77364 55995 24865
15770 21812 16389
34348 97244 46110
92262 44047 4225
34645 68691 54261
55390 3997 97249
3240 48956 2095
3704 99689 8030
95001 17100 15635
50158 18225 91511
93112 37149 77862
83915 68430 43017
40696 39357 2849
62345 8553 72549
62329 51557 78741
77077 92966 24476
72516 92228 45119
77512 47501 3060
47651 89576 53589
48535 61898 96282
71325 70352 50833
97472 71777 7414
36604 73550 18559
89127 65786 22900
49920 79543 94718
17730 41169 89836
79773 31905 10781
20006 54625 50398
14702 87304 24976
31100 39184 1670
46919 76675 30610
18801 73686 26154
10719 81140 51568
39866 60062 41473
62819 15369 72970
32193 39571 47611
38903 35303 36129
80590 61113 82731
72724 31421 50481
99690 76346 60886
75417 2422 44886
1543 47992 59753
24118 39496 27463
8948 37478 95282
70628 63219 37570
21804 92218 20605
98730 36598 69993
4729 57001 22956
68112 41723 31090
62195 15504 42248
65698 9213 67464
17810 73917 46837
92599 93824 44990
27391 18385 75505
98471 36390 23410
64925 54202 16560
50082 88015 95306
61286 82576 68690
15775 15764 57147
49642 88056 82093
18669 88136 13975
24299 94165 45118
24693 2588 53104
72955 28282 65348
11639 74239 37167
94168 44394 9575
58247 47452 61860
71217 34364 97398
67556 85528 25392
86386 52739 58108
35889 88380 35628
90970 38034 10406
52765 31210 63797
29774 26880 35549
62452 95661 9883
8146 92659 63776
66220 86468 10012
30067 36507 92765
15693 60056 77601
16994 24852 56662
90515 5401 48343
45563 80963 483
1133 62139 26512
81408 41945 39879
69584 20187 54071
87232 29706 18469
15246 23257 49674
4579 71124 73565
98659 89993 85796
46795 54061 40971
59873 25573 82061
10199 9668 87120
49772 71661 42027
63216 17957 93622
60110 35580 21655
7397 54006 29497
82943 56050 908
77519 4921 13774
61370 56803 58352
95191 15036 80025
44892 23794 69825
79300 26265 84712
85090 95577 58712
78344 3737 57094
3200 80686 95314
90662 51597 45893
58203 72890 83675
83823 4594 7517
25728 35024 39125
48123 92306 67513
43090 32111 33333
52523 1851 98267
67298 27024 39770
55002 73929 86063
32543 79095 25490
6847 2516 63360
35705 16620 17226
54307 75736 83172
12281 87280 63336
34464 55235 95634
32352 2030 85347
28881 70790 34218
65779 89696 21570
86204 92897 59844
96584 58043 64097
20804 16964 92595
70743 1121 49294
23293 78937 392
69483 89028 42787
7973 19251 5516
82753 68829 8383
51453 23911 74653
67181 30333 67911
20179 47894 84352
76803 20725 59417
23259 19207 63852
86691 35038 50525
81646 29114 39904
52382 3039 1854
17334 32334 9230
55166 11183 15199
41631 41092 3467
69619 78595 86034
58925 9202 67354
96268 61436 85575
71281 92467 61531
63786 15760 40767
5647 41969 32311
21322 79434 14056
98526 76134 30889
68664 47589 63847
83724 78798 12245
89988 22286 2902
45826 7967 32061
89981 88206 78939
72616 35166 49168
89050 58075 48448
20215 19016 84537
65081 45989 12089
96056 42360 21864
4574 4324 32479
8467 36661 6400
67162 96271 72509
3702 55616 36272
17455 93245 77768
17477 86654 83745
27214 38233 13441
99349 42034 5982
40307 35077 16957
38675 26640 37833
27111 9036 54480
61903 43618 36105
31698 97585 6079
95679 53054 3566
40073 65013 86185
85778 64192 30410
81794 27618 20813
84037 73844 36227
42994 93741 29009
5296 53687 136
31733 24271 76690
44262 35435 73156
52155 28746 75031
12494 55745 46536
97993 46464 86407
79235 32306 23927
65626 46139 10929
17253 23705 30414
40022 69776 73459
60158 29084 50797
99413 56760 38457
17874 93222 28845
45590 18967 14515
91115 51144 61900
88470 64912 59599
45690 72795 20572
55697 99287 65848
74250 84380 55571
580 46434 31674
70256 3503 66702
62327 79160 42649
7192 80715 50839
287 44833 95073
8376 7959 71823
97377 59147 75616
42909 10301 9945
13240 23104 54002
30528 22471 8303
48562 11037 90631
11389 47427 74605
67467 44675 8554
68413 81861 53581
66381 54312 31667
52674 43848 93342
57284 46784 13492
17304 31284 91227
18696 29855 25910
96572 5156 21600
98307 17811 27877
51860 13835 60598
8968 69277 23437
26319 4685 98127
7923 1404 20858
6699 1200 91120
71607 79407 93163
98459 76686 13390
14132 86374 61005
20453 55862 61954
56979 46789 95551
26193 35335 99428
86822 77476 28960
49999 76577 73608
95398 64504 82587
48746 54156 71546
88217 16669 19041
47332 77504 66934
18042 5400 11040
69686 30947 92145
16840 34104 52689
15395 54888 12098
56901 3943 63795
44013 15654 46434
78815 63477 54228
49409 38822 92372
48603 70274 47590
73960 44819 11624
10289 5763 9518
11522 10357 30268
46033 31933 86712
93497 5601 86240
37192 21085 72169
96363 91344 70314
55092 6070 10060
97278 16711 57335
13051 40363 97689
20512 80449 65734
54508 91155 37496
32181 50763 27761
92238 75248 24234
98670 77641 14071
4932 99614 71173
11470 48456 61084
82126 17528 24617
37275 39981 13163
28513 4308 30235
93454 39480 57397
59907 14434 31013
6569 29261 47358
66604 80502 76604
3204 98134 66572
53613 6820 18979
38118 25409 30488
92414 64669 90986
90912 33012 85749
2633 79013 29906
93302 57601 47694
21390 44438 25226
67797 68471 75882
67128 55179 34123
19447 22588 84424
7167 16967 18192
87788 45386 58175
15779 74422 84710
2635 96729 92594
11463 96361 8050
8658 81954 47724
78117 93310 65828
62997 26768 25866
56297 53636 93231
25357 66651 18017
26455 33690 19190
54211 45557 43788
377 30927 96619
58466 47454 98217
33287 22073 41430
10525 55018 41456
29310 65491 69267
53248 18920 42686
15474 42691 38142
60974 50558 94658
11428 94505 77586
14002 55797 10634
91558 49209 72194
97293 86415 78506
69928 29021 9956
13429 52987 60632
76527 44562 39676
86972 61433 3432
17866 83992 96568
62556 84930 57787
1437 77210 21822
75688 46542 38684
29527 78533 55089
46823 16819 97784
1180 88424 41960
56073 49825 73394
77800 68593 18369
41172 66876 73768
48540 2520 28027
73467 6112 20748
94656 51417 39961
36112 6123 28182
30769 79959 60664
23982 30657 30836
54000 78980 14132
76151 76315 27803
5833 22233 31614
4389 51971 35074
53099 88277 21780
343 5117 16529
66622 15923 66859
53928 72174 61389
65695 62013 97306
10718 35229 67757
24121 18460 78778
53769 27438 51993
25833 55257 49554
71492 67083 13665
92294 12589 85049
4421 22150 80565
92007 76828 56359
65223 34596 79788
94311 45652 59027
34032 67443 21913
88993 48823 1508
53798 54988 99943
90320 20202 81521
16457 94906 30041
76623 87262 7642
57616 50964 74662
68093 53944 27653
68555 85333 92358
51824 51855 97640
13770 21111 55475
54489 84043 17685
53369 25492 74341
94208 73350 49683
9495 40476 84466
67450 48549 72198
62470 5478 4965
49473 76168 18784
17425 97853 11015
99263 46003 66974
21723 79390 38237
73677 92869 75619
49127 42809 5498
97607 54368 9064
98714 94101 31975
43858 12036 49508
5077 67274 62907
15413 36545 91751
48835 36675 7520
47995 53089 99828
85808 86426 13600
81180 16233 43979
88488 60587 45941
44768 33820 19168
66235 72840 4663
17630 19582 28467
46557 96014 81855
71281 37599 18502
42596 38429 77540
49739 93872 38762
23480 89755 16438
22663 80714 67429
23503 5163 66581
41375 41948 52877
70700 40439 73469
87792 98446 94784
31883 34891 36352
93391 37495 2308
16610 49525 99765
25665 53319 78516
79730 90568 9706
37440 72776 19972
9501 44201 46799
10103 38066 17424
86049 24252 19543
85513 69669 23044
97934 12811 2122
78539 13083 78739
64183 52550 68213
48734 30923 10646
61317 65324 50938
17468 38524 11395
4249 47520 65653
90951 69579 61171
44734 89846 67970
99111 774 98729
19451 45540 28280
37332 38024 64688
99105 13489 13541
28337 2442 37845
79223 41396 77264
75774 62216 15614
29303 73923 63557
21140 5779 72405
91544 92936 14663
1384 59279 83569
76241 25961 15336
37106 87144 44484
32308 7219 18951
64218 16330 23902
80437 75121 20143
57789 71133 38397
20101 60610 40236
18751 15596 9176
69896 85092 53441
48081 89312 99359
4284 30742 20043
34613 12814 77462
92641 2760 44190
55487 67952 9180
96552 16895 27026
49307 49479 9676
53711 17996 61223
24416 60225 52410
62289 84456 7918
25863 86851 6933
70679 99779 22718
21454 51522 509
19472 51392 15398
2590 15975 11186
46257 85934 30081
97246 71440 16951
19545 84926 85281
58518 57398 76736
76402 76397 82186
36533 3054 76851
73318 59942 92796
43979 50745 42290
89157 42888 3184
90057 32185 29109
4623 16107 33022
9541 72952 2456
6576 31439 50804
89945 18239 54219
47979 94128 21608
23976 90114 4415
83510 84469 3971
11973 13945 64804
42263 88315 63827
37440 94019 17646
64782 1237 49806
65299 13239 50472
14468 76331 69668
72140 6719 3103
3657 43705 31683
65540 38607 91679
9309 86660 84634
16008 52058 21501
98918 54708 50554
72041 8842 77822
21810 68333 82396
21912 65461 45559
49180 38858 59432
23936 74353 44169
81411 36295 13618
76553 46967 27143
8965 54051 27411
83457 11042 86945
74586 25683 51477
70560 45811 33798
44925 20749 950
52699 92452 35703
91352 99785 50297
60376 26665 17826
12235 96521 59802
45567 97192 7324
22795 30606 11401
4161 38606 15721
61010 21211 7650
19372 24883 88683
31586 51749 35728
77792 28380 19169
8594 95822 56709
72990 19733 96188
87515 64404 52139
9769 5163 34295
9394 66117 90715
49604 45255 53011
8242 18089 1848
45252 99361 33642
72872 40488 46338
902 52861 32733
48139 20708 8572
79769 38385 64028
33384 51532 54282
53288 61135 82689
80000 6693 78118
43435 37537 20685
13319 98878 18940
48383 20646 1821
96782 55323 59169
64988 7609 89592
92964 5101 42376
33638 85401 42917
55081 29258 23466
2453 20383 76231
47251 86473 60218
16813 74658 23513
14681 44420 55363
89449 3208 15192
39251 77118 94419
11813 33416 85908
20025 14602 44876
40644 96102 76294
33800 88878 21342
2617 43863 34482
52285 32475 39797
8852 43922 2874
89926 25079 76389
90292 6722 66914
37984 91352 18917
76083 49349 20791
52069 36104 20995
37523 85205 88256
64427 27754 89232
22040 75614 31420
71321 57325 79225
35465 22631 24129
51944 18265 29829
29951 18630 72249
12963 12595 44483
61968 88118 12334
34658 6169 86344
85437 1458 86921
60189 44308 5460
89720 95653 71033
29450 13340 7062
50346 31212 31135
39528 43313 81123
62642 42832 76761
9503 97069 48654
32210 82726 41857
62803 79488 10349
16875 76464 13648
52242 30937 56475
29073 61569 25756
86467 61533 23573
99078 18021 75327
26811 61262 98490
44223 15278 93897
44275 78930 91484
57485 28559 68279
16730 37652 51587
72092 7410 29630
38203 46009 35221
36058 72085 55233
37507 97447 41054
34512 44206 54238
69233 99785 97974
94682 12710 68436
34277 26009 39515
37913 79998 34958
22019 93642 74296
68577 35042 32882
