1000 206
wummdubvzrognywfgtwp 9999933180 6387407538 4045381137 7462174500 6316830559 8201669888
zzsdcppdn 9993992819 5522225399 6188118464 749939995 1591357241 5258233533
yxbdhlu 9993070236 653272667 1764262023 4109254424 4909149293 6896131976
fppedqqchquaiabpwoeunhwj 9989015225 296389326 7044289161 9534859519 1107531310 3751489000
ivwoamgju 9988435656 5120511093 6635981458 5539066315 6309780638 4887816302
keefvcigdyvwwekvmnufe 9969346772 2097795441 844167560 8683425404 3469154737 4730008989
iwrvoeppvurdwbhnrkzzi 9967986454 5489878936 8778079131 8296713208 4343844754 6202227134
ljkkose 9967498781 7558410759 2966771916 2640185880 2465414000 9560717576
oguetzjkn 9954261548 8534093984 5519495380 2679345769 1708574779 1092549926
icsjhdtggogxiizhpndbhzzhuh 9944916342 8705519953 2949649197 7653005863 9193324656 9374834303
amqsqbgzzbvwxzbdtdwmx 9939946530 6139375012 4785223073 7840998715 5741679843 2100833057
knconltrhd 9935171874 7016568333 678683710 229251219 1086883037 9727401277
joncdl 9918369652 856068526 2030910251 8200176784 4188236317 8593726080
mafvqmnu 9916924777 6629712568 9999364068 8057802394 4638103439 8012307027
aobdem 9901785252 2580691471 952931595 242524818 5480749530 504377627
cwshdnlbdqeyafej 9896162041 5279912907 8546950258 8896689447 6697425950 9704600493
ow 9892842706 192068550 3769158261 6500929045 1256153908 6151283890
msnwfmfr 9877078921 4252300444 9255125260 2773787605 8500462381 1894035947
acopaoamkalrplkjezda 9870356895 7080811064 7832307746 6682476746 3593351511 3097986260
uitczur 9860065246 3993534946 9064362450 6275364243 7691186322 2836930341
dfqrogoyugoj 9834831566 8653221308 276292886 4544033500 6681157137 9554476472
udaso 9826699536 3032739529 4331387654 5926293535 4283521162 9976766771
nakgrvjxvgaiip 9824893603 2337490970 3869756056 82283622 5026626217 5617986662
grbbrjqvzuzvhbdrby 9806560720 9598267574 8262348922 8421841022 2400114562 102856747
pultlhoytmgrmvp 9780606512 5747505500 2773543138 4343980085 8363134072 900633183
bfhjqmuqepyykyylkwec 9777798224 8621151799 1775219026 7258693756 3896354391 7139406954
isl 9775897628 768763417 1861302497 1461979188 8361503175 3165023588
tmodayhlnsdxcbupjbqjltctm 9775255480 9478484743 4940475200 1903467946 4551344255 2069371610
ppzdnxaauzefcuzseifq 9760885207 5834058107 2346056719 1298205885 1165154226 993986874
jdupxraf 9745915110 3661599841 7419133000 8213085228 2947253589 1175756021
kdckzawvguhtoufohbfpzzsu 9743005678 8590631741 7121025555 5610880486 3570921660 7174001515
qzchfpapnssloxjklwuieymmindpty 9712611969 3816036573 8075895601 4500138431 8021720337 1370971714
gdjiuo 9709801710 9015650195 9529522837 5078695027 1533139261 6416927984
ldwdvainlzrlhk 9676167633 7425035323 1909157921 1127828786 3987801073 9730933162
lctxd 9667709957 9086331794 9204226294 7476329220 8400506789 4177121546
ez 9660757850 3797564491 5067869739 6623538641 8210296574 1697689076
glzxmqnt 9654291324 9340178677 4057230208 460314906 7121526189 3966403914
mlworlppwfdhrojhuj 9644816830 5378386852 2957927242 4685445671 948256886 7870581145
byplgo 9637596855 3610366715 7992718469 1849628068 4445417347 7261813680
gefvmakmddquymamoscocmgpx 9635014818 3495759667 1891451715 8542070523 2027613234 583738135
ckapuoweaydp 9631551992 2453148465 837952804 5209854829 9545986793 1462137069
fqgtzlcouu 9606874455 2262669084 1139722993 7011033345 1056932647 5028521750
kxym 9593962719 7038361216 482583643 991851808 1734067929 2708291870
jjm 9590585473 7555677029 6658749194 5075500115 3777687047 4055454558
iyzvldpyngzbrccchscps 9568794274 1763517087 580010717 4798752288 6511169487 4177005244
nttnwvtgosqygxxcbcixzyp 9565010697 1084710896 7562867480 5130738040 72524201 6145561703
zjterybqtsnntjkbfjszr 9552161146 2889789456 656321198 6714331312 8613591279 1881283365
plqknjze 9550658908 8304984272 7681976827 841457988 3701374095 7518005870
uydinr 9549717391 8108123066 174751301 4018463554 5588195251 519705350
rcc 9547785284 8854559886 9454930367 8463929617 9764025623 322809778
larwgxmcgxshcoghhpjykgxrk 9534395911 7951514680 9601218576 2736396460 8794145247 5428207856
gzrqzrgqfjsah 9528019814 1505827346 2257189941 8736945489 8306681500 5203415351
taebpumbwxkhpuoqqikgkyrd 9522440884 6974912735 920782353 2213129052 1257953838 9934510855
ruatn 9518200402 5857662476 2141445989 4326622149 6576039990 4443766418
kcsmk 9516647217 632188217 5616321186 4806684382 4616972563 7761404113
fzyrsfbngwmqfkxaytqixjrnrpk 9504140954 4683894499 3614759383 6795482998 7190490445 9417265453
gliqaujgtnvndiybrgdowuguz 9499650048 3350732085 856404282 1356307180 2431522603 1666890658
chkvbizxjnqxwstznoykvbz 9475885614 6813398177 1644891834 78980899 2199271372 2515892432
pnnutawnrapq 9474696772 475993150 2253040967 2839250073 8042953379 1995180392
bhizgybateuoznlslkga 9460808283 8797677940 6405167964 6555520283 7140793427 7155401893
ajeehjx 9436781176 8093751883 7217119658 7550051851 625069417 2975610212
ainwuatntelwspudvcxdildkadatf 9430210402 832889320 624798238 6649419262 6942137436 3930697467
lqusmjfco 9422140311 2989009688 5059049785 722817931 2581662265 523550984
hnm 9416984970 6837119566 6556647623 3628042921 7627275172 5110494255
fct 9404340235 6018588322 1452492978 6486635429 8891227429 9465754663
ryviuuwscirzortrixasedzgu 9401343632 8350005655 3859366321 9295919779 2639902770 6410042266
cgxhtkiogcyzfeeiip 9317486039 825806582 2485719812 4083117592 349409068 3007916256
lwmoqkrcljywglbfkjrfxyirvddv 9317128782 3791720809 7976561415 5766863178 2277531230 4420385345
kpwyljnbfxjjkxue 9311559471 3221231856 3220803144 8372200031 4785951137 6821130288
vjucuqixige 9299719556 2334641280 7475657928 9191304203 5068151241 4417776553
jawdzjhdaxrheuffkaf 9292106699 890422062 4278349768 8079102984 5029834147 4458207989
drftveighhz 9278698551 9842574616 6914225529 9354576214 9686246421 175330
eyjssargxbr 9276223386 1774198278 105405999 2959797118 4168230713 8863235966
wwebtulzzqmnni 9254296071 8992685609 7625558224 4446095893 3714925954 4221819188
phbafqecejtmuuqjrzver 9206697800 6420553484 1987628512 577021042 6601172235 3951967725
qphfozyxuhglyutzd 9205923656 2089071897 2051303524 4054352859 4812674663 5512924601
mqpgfyjidqvonuaudduugmqgrxgp 9200300853 2872287925 618775071 3321235987 5251760454 6479082997
nuchvaxykejcqcdlsbp 9188586441 9125626165 1055412153 1266465394 940921045 9479369557
enpdcljhprzfcsmpofeylmow 9184573408 4008745921 9605754729 4172570788 3994514249 5733282868
fmccrryqydudocv 9165162109 2065596363 525591487 1182076948 1008416131 9023516506
ynorlzensxbp 9162299832 6494715157 4887750831 8351767123 7229313674 7839126251
oyacjioyslga 9157502483 1375056937 3638320856 2390899091 3239699685 8657861840
imihqtqfdxwudwmtz 9149711088 5828336480 2270411489 9995857025 4457824878 958336372
qavizjmmrmwi 9138964032 9007123553 7398167070 9459429720 6673527406 7591666193
vpojqkuzffkeggjcpxadapug 9138480788 1609510105 4640000319 3295383568 5950695728 7296722456
gsvnmkxpjwht 9118916913 63119982 1676336000 3304726437 9573467325 8396192553
ucbrjljraalmegsweteoq 9097249548 6115015281 3093571126 5312883516 8965320173 2088328361
btpjoco 9093854023 6892517850 7395088723 2427005886 5771109377 8129365421
gvxkptdloxbjssdohtabjkgykmy 9081805940 4689204200 7939339085 3986187645 3656856698 596101551
vbrwwkhcfuekwtvicwojdp 9047294769 5770673139 5878189336 5553481907 4274865341 93579225
ufklwtlk 9041158374 9880425397 9818916438 9575842315 9354477283 3564168242
sbbsabtoslwzaaxsoevbcoykolgiro 9035543719 5839196593 3010773571 3182127 6263861977 8434395489
zimuyuionbscnuslyueitwfrgzlk 9012312143 1714521207 5871080298 3938101578 8079686737 8541656739
ppypbrflmuzaiyayuwhnxnlun 9010997341 6647029849 9977282264 560378640 1069480659 8853074471
epgw 9009602014 6002631800 1273574305 5581382074 860812101 7055487471
qmpx 9009103493 9529487999 4483625545 8526994801 9734137361 6412339825
qfwjaxnogmmbpaxjmpu 9004739029 6735589126 5927510589 7597124059 1166683696 8501755390
yjgiuth 9004599541 9806090517 8794276594 8573278931 4294308492 9881540332
isrlzka 9001986553 1630623747 4463705734 8480511370 896123790 1471078367
jb 8981404055 4940919666 6420609643 9119863285 3971479395 7402747264
fvvtewkjkgobnbmqgonobc 8961431569 2302125388 1728039823 5972870685 9503028908 7833772342
ijysyeacdogmcci 8957700938 6150579004 6252102689 2005561495 7153686761 4187799255
wyijxnqoturk 8948022467 380569213 302049097 9572651337 7890864461 3484066653
bflhkshwblnfnifohzb 8915376567 1298081501 1678107997 1618263470 3323667145 8794261172
akamsypnietlg 8914943965 9761187339 1121462950 1464959970 3084294346 7880278607
qztgszs 8908465926 3905574767 7387343855 66671178 2222252140 8232819922
kqxpsqtrclnxfehqfeltkyqqmjwc 8901697164 5240721913 3202577329 1880795621 2203523735 393059102
nezeped 8883606247 1681495324 7656835466 9670853770 9433776495 9890691830
teucrcyrtkgpakk 8854917785 9736498560 8438768849 3207612794 7507028657 2958568683
bz 8853783225 3150487476 8364009541 2984402781 2165310265 5409606319
paynwqkjpnubpwp 8835067182 9649969267 4296516902 4922087725 5930824549 4329986797
pmmrdiyocyodpkhvnrspt 8834849020 3913099866 2492754512 9039264052 2387415173 5893562775
ajyorlsepiltaunmkkbo 8834805260 5874285722 7351516266 7579819442 5301289159 6542064075
bnfsxpbbrbpdvjnpfxvajb 8834473202 7658905101 4601913572 6579174656 6780767238 441151445
wkbrhcvjvtipg 8832020419 4308240345 3370313337 3907470163 5246205013 2795445766
ojvuygwrbgrjrjsfudepuuhhx 8823225670 7552347315 6088125222 8445244723 622439276 8969552779
jxxmidbpjkvrdbnwiqgosaqribgbd 8808904497 4875206414 1484568634 9614724812 9886525254 7332904989
bgtdgb 8804357946 6732668200 4139778604 7499945479 1283011631 4718895680
atyqqevhth 8783091756 3810662411 505061180 6332496466 3904542546 2505778302
askuhjjmafzhwaiechmdmstkpziyvn 8770957594 3151496531 5549444304 9503364824 8247156802 2296411860
lsngiwhuygfchyrkpnjmntht 8767296923 528671118 6298344402 8987547881 4219943283 5914914011
azpyrxbhmtltmuszhhoiopgl 8746142654 6921967119 8783608326 2947723735 1901943924 4554203824
mxgwdfvfpcyhyfjs 8741275045 9142030750 6809869348 1392314688 4562080138 7387436251
jewjglebua 8737921167 7323721202 9967596622 9057283453 4361180994 8814182966
igu 8730731521 1421887424 919505625 6371044886 9913126655 2433170003
bisutdeai 8725720886 3877786421 1029618231 7620442634 7726211326 4803333900
etayidiuamwkilsvbsyzzp 8719208462 4891834876 9434941497 3966280450 5695026852 6788844539
xmvqcbsmnokazcinrbnhjwoyemnxbf 8713213922 9165577224 1163574594 5605238234 7984950727 2652975976
xjtnnwnqolszx 8710512139 2491384465 1095565701 1276936486 6789818914 5934576529
rakdmsvplgnzphvchpo 8710369968 1604539994 5257473945 43027061 2098686747 1288389483
vbbzpaearzlmsjnxoliaxxrybkxv 8708529843 8763595917 445361573 4724019572 6450143472 1303553497
lsjwcjkeeypjkobxbyqimuice 8705613017 1621366261 5140003474 5082175238 7964769050 8142226319
clncenlyjyphpm 8691019430 8776081429 3842348462 4856242966 8997186339 5914786751
cnscbubsfzvdzzwooc 8685159463 8260104385 898942469 8948843350 2796328255 3270672147
nmmjcizywctyexnnw 8672608198 3026640740 7173405568 1984775788 4539683637 5832489501
yp 8672429250 6118594246 7136415474 4923007316 5765978472 8943383926
gsldtbicuzoytjf 8667079832 4008876094 1262100830 7426214792 7616631283 795562681
tuikffqvnoujyvr 8651999786 5998586760 4893127340 1074696199 4224883586 8036414620
nlmepcvitmszihkimlceylmhaxfku 8637658072 3163331576 8491102968 6000435873 3059283049 1873610500
icxmliwpfuhysfed 8631972148 1167509383 3221926176 9807016378 1727078350 567855618
tgifhvzih 8629776749 7504463575 8677065607 2230297087 6651054524 1494210166
efcxnj 8622622064 798429599 9762189311 4224378697 3721070403 4160865913
kfvqettnhwvagkblaos 8612793905 8807483720 9336625585 335700028 5348845731 668656274
azeoqs 8611208119 3438639949 9958575757 4651764237 3272397888 6848386952
zakuaokztnsulzyzc 8603859963 312435736 36976927 8353364076 4411959617 5604642578
hzvzcfpc 8600756493 9735566994 8804146714 5197544628 3531430409 8676538504
vldtvrfuvkcijahtkawchogveemmn 8598502569 9837196122 1670560840 9216565460 9550662793 9658505569
umaaoqlsarmsdimol 8564376799 2550083246 207629921 2619122642 730267125 5148586520
ifjhoggjcvvjkdy 8551545859 368048297 7728987313 2906065756 6404287048 2306750065
yrpqkxhlrrmkjhestjbdclcqpbdanh 8542815583 5394658080 5282513011 7027734039 7859103045 7713790786
gimgymxrwckrmeuhnszzpqzk 8529657765 1535945248 9652845618 9525374588 6541203788 514119764
slwb 8527259709 6231549106 3909573161 2277440759 2946896709 9370419335
zvmntyecjntxplcyujhe 8523860677 6354444719 1415216692 6768138162 749130289 2496186264
vbazwdoafeeepugqfxgcqlpak 8521006188 3877257308 5163518149 2569651047 7226007959 9722460734
vbsxrdsihlrklkropwlwsvhcwrk 8484005109 1327022015 6502031132 5702826885 9985566220 1836207922
exrzpovohkpwsgcacbytewtdpg 8461506779 9831234713 1473070597 3349744731 7174196089 660561401
juqnhsxqwensxaa 8429512202 9940814802 8753321564 4577485701 1085722729 7118480472
hncfiuc 8418858877 7746352079 6373039902 2837935900 6460696396 6601462339
fyxzzpvgninewljinqvckb 8407714459 3789090645 2937595418 1347515155 1031419327 9687797314
bejj 8407356119 1673952268 7400498920 5009292086 7047475904 283075410
vhmfst 8402849943 5869411945 8844484346 4055493890 9223687152 9899499534
osvpflrlihvg 8401447198 1234266415 6153546880 8024252417 5202024107 8056723206
nqumohm 8390724238 8020080582 1729917906 6624891165 6077203724 6158691420
spuxezvwpgujywwahvkxaqva 8358862815 1326633412 1495896525 5507173434 396233700 8456562634
kmkwlcgcwjc 8340070712 3640450945 6030749539 6015614822 9644499160 9365309138
qtjlwkxvp 8339490105 4720848210 753220652 8358142142 5336902607 759183306
sawjaxvnzphirr 8331508512 9585594748 8823082795 8720748519 3771276512 6318705038
bhrb 8324401414 7749069536 5504092297 8259631457 2829370761 7540028676
mmkhrgddsqgs 8318192856 6710239429 3702769895 2648157608 433482896 7636052701
gimpqmtllbfppu 8306747493 8732714113 9870061578 7117244165 5246972212 7716475948
ofhmezrsogpfxfzkpxwnjeeuiv 8304306093 6570265091 357268011 1161546583 9208368829 3824388594
vnrgtooxjbyxijtmcitzfqixmw 8294332751 2759065609 7623677850 4669412561 6852792349 2170682636
zfndytxangyxbkwzsoospcaypzbia 8292539209 8377651220 7813767506 3293708526 9868440301 602162526
smfghqmnrcph 8288453341 8530904703 9751245426 929171171 9850945498 5281727945
ytpdjcdksxdnabyazydqji 8285269819 6691919693 9815395183 6070480370 7710856761 597256893
xhoxzqfnndczpqzyeleqsd 8280649983 5777722383 7081825687 5354630948 7968741000 3493602515
llkscfxsaadlbxvkgchceflizowwmz 8268318616 8089935480 6768762971 8440017962 9715692254 1364195264
lxehldz 8243891041 9976902721 9457288153 8497508488 1315131745 1125245471
hoebbunrgdc 8242024723 5527689002 2816223310 9655067890 9711616326 9571542666
kvlggzkcvyqxximmenholb 8233117849 5994189169 5412779793 3095190661 5069659511 4833432103
psodfsoz 8203099357 3918160013 5343798398 8325602453 1204951030 9929337080
jdyzeetusuosilyshtcsfsk 8200358148 9186622198 9926648021 1642116166 4139787790 7072683392
jsudyn 8186967809 1616398264 6194726879 7594731726 9018100025 8330627612
cuerrmtacqmvehtyubnsojnw 8154231407 3963428533 875303938 7164610055 9281969010 3775983060
iyc 8149219767 8393518637 8014513750 8773816467 3212186171 3016104238
vutlvvljynxhd 8145908929 9755538372 379520226 2340969640 5955646620 8467744597
qhxrexbbcp 8110724072 6602998645 4836296619 9536286325 4466304567 8271747972
zqk 8107647665 6728584020 2773590959 469114777 6492788296 3280256951
wejprmnpfnyhf 8104957756 9546778004 4374282034 3724546571 5882750792 3404074767
bxooyfmrpivegtwukndwhaxhh 8102575503 1643928229 3291637807 2998242652 9257144070 4620705206
wruqanhgfqvfqqcjt 8095210200 3143227999 2005559273 1240752236 8912940913 9540928610
i 8091142651 5051226514 5964152667 2434331598 5189910188 3434340524
wbwxy 8087832380 988453095 6408053612 8341789627 2380660096 2800388758
zmuuley 8080833972 3942393076 1993221232 1042114617 3027506356 6020321338
nlckgcaemblmbmkdmzqrhithhmcq 8079095433 448399353 8727036354 730036440 3779308464 9927459364
trgvdyf 8057526207 5723905520 3257044445 6166660566 842660587 1923323024
ovbydgszwzewrpmuwpjpqdlyg 8039733260 1156167430 2570027324 7874555826 9001276791 1753568286
qmupvjc 8039470591 392725522 3357218597 9702647067 8203680354 4191087788
trogzauthqdyion 8035311345 5982471301 7353254344 1940176011 20577032 688224038
fsmmgiaekaakunotgjnvyhxk 8030856615 4041198104 3006683906 7986164827 9585552608 2522406847
qqeanuhzqbjunazjuyqp 8021569237 619091461 522558001 4417910278 8398986039 1599088292
vaquoxala 8015378800 3226144473 2470198972 3358045321 5815473011 5641798037
dgvnoifezsyzhmistvs 8015050201 3088367181 6029887216 8071723938 7239475250 4499044728
nysgyhprsfeytbhppjxgvrulkyu 8012495939 2466668493 6622896233 397399680 3070134675 7270781312
sy 8007073142 3256018373 4978267827 2121729941 2858556305 5699178916
pvyfsnhywsygnwdcosr 8006679104 1517840676 5314804192 9555213658 684042108 6782537046
pnbioapo 7985624789 609938322 1712150181 8522875202 1065820803 5506162791
ippikgbhgisudrgwqhvhyxydtmgf 7984094939 3558520052 8519792102 2886583641 1637688662 5265163797
wknu 7943740564 5177638570 7681647782 9370238209 1316687498 7896245948
uqhx 7895683526 5773103946 5682459395 7537351611 706432501 1698198416
ewiod 7895217977 8205538553 2232311950 4742529270 3223429490 8435357986
mbzoapstovanxvmgcvjwx 7888342569 3367181520 6085680084 4676179223 2767612853 3887028481
fntoolgfvsqmtebfdd 7886936510 6276863002 2202131064 4733625712 8784797395 8477733811
kvmrbnpefkgaxujvf 7854426935 3925591063 7303442444 8213913326 4601146064 5716116244
clbsv 7842514128 9881251058 4397715541 5346248070 3477562940 2994510140
kwhfaejnohoapfrpuiinngatxze 7837101058 5352185731 8620871718 5027721616 8901125833 6058691365
rwktrrsngirf 7829759903 7503972329 9145031406 4167539816 8081251725 9177255473
whcqwhgvulggbhhzmvgim 7829442658 1636382805 1641982502 6555120278 8224740715 3891186903
bhgwahlqbmk 7828792714 6112061101 9206987197 893377727 1572304746 1618971494
rfawsrixqazgzlwezesigduw 7812733769 5200166732 4180333381 8885635592 7781399293 3501587993
dmkgaojlgmkxfiarhsjlcu 7796546768 102245620 8586877149 6188237902 7641256910 9827729677
mavfvlcfcftncdqnooihix 7793793990 9948993713 109553699 4135433347 3393156539 505976459
anfxevenhbaymiakkpwx 7775980763 2205523550 3926672277 9397827883 8641823015 8127097728
jsdfjininssvhcmnxnlzfvx 7771933108 1806933417 6952257255 4229457157 8164022874 4120924929
uddgfpogvbytptxkf 7768382996 8650858049 3892846532 8081982346 9439009123 2968110329
zrsipdvuqsyepaswuamzllykghhdyn 7762414630 796270420 8129666172 4926737753 4613109283 3000911433
tlnaumjmrismdvbxlizludiz 7758745576 3240845400 9292885212 6233827065 2875249765 2368859695
ydxtkibsljspv 7756355946 8226828382 388382550 2789056141 7075739483 8526016253
gthfrwoqxoudeqv 7729876128 9285265487 9795707057 8156890147 5287556052 5051065180
nfxpvqjekfhatkzfcjwfjfs 7727807427 327884658 3450313786 3976533929 9085350982 1785148338
pnarbuubryhxfpfzqtoanzbdwbuo 7721475574 9261820715 5644781058 317450267 9093578005 4701036638
opnuteuvploklyzdbrucxp 7721072224 1028336189 4716372036 424820115 569533015 5803159160
mldgunegft 7719867213 2402012383 5993420645 474955578 1068344610 2233736621
famglnqouddcoqjdxt 7719628871 5515982606 5932296831 8120342975 6267003928 9060663911
iwobqqvjzmboulcgfneuqqiutlu 7694671789 5217632814 6359149374 9636795199 6802273913 7811471685
bzwwcfhrgmod 7685145097 8155025888 5309289404 8697039661 709470012 8918124626
nrsxpzkxexhvze 7683915476 3415441697 4743591423 6142561788 8227564925 5808232436
uqnghmxmvpvw 7676891850 2598823428 3760735315 9370016545 5196904428 7470334670
nvjuauhkaprhbshnryakqnhticr 7667622757 7441593578 1826139362 2837797068 9782494608 508217880
bppqyxbzmrhxrgkekjvgokr 7616157535 3424478195 2780580916 6824279948 2606069858 1101003308
cjdxaeoaayrmnlqmisny 7612797761 3439214164 3679151776 8148750275 9812062084 2390530130
el 7610180389 5233581609 7974778067 5056446774 6313311680 2649782771
uwyzuzzlondmozuycv 7610143149 445991797 9390587898 325602354 4566024590 9509254566
dnyvskipfsskwkmoncsqwpyif 7591575978 8664508832 9350203573 5004306719 8008137717 1559795123
tigyhngeytywifyncwjaaibbtfc 7568678281 8895084980 6156780414 4358575655 9368066150 376206547
cfhlslrhyqdjrzkdhqnhoimjlozhz 7558232731 8747929541 3760326942 7141754203 9898997190 4598555584
hbuyntgjeyryl 7555368955 1918660039 4556804781 7199372659 3969746362 9626894285
shcjprkksm 7549748632 6004944800 7412088836 9145901122 5188810049 480953923
pftzxyzs 7548194270 961567789 1901011008 9048813486 9440377935 6417036339
uaopcigqipwancnqx 7546124347 3347657294 1987693300 8535861632 9156562463 4018737256
h 7544147256 9418549993 5942040943 1767409602 744228348 9345594530
firximga 7537928331 523754993 8303280433 6937685313 7729236391 780162514
bnb 7532360607 5741384324 3470840826 6227972795 495602313 7144351450
xndtzucjtpqxswydalnduyggpdxyu 7512250167 1398694509 4525149765 8783856788 1769812986 8509378424
oxxavcurrivbtymvlb 7512171692 1760143655 4108527080 4433102145 6851354433 2922655635
bf 7507996082 3015492515 7899512111 6759867650 5668723508 3103169364
gfugkigrn 7506006225 5132906703 8052348928 2730166701 8527380704 4491168864
wkmhaipojpbzgstuoguopixxidq 7503740218 7609114919 3616174928 3828119332 9873694942 8147836360
vmoefgpjkexbtckemuxjijrrvx 7503379191 7002775284 9938369169 4422856483 8212674403 1483979840
zkexnopobdypprikqsltaezjfg 7478596478 6875993422 621123092 1267797668 3152296365 9904694600
zh 7431143243 3920839939 8554865292 8326447935 9633565969 9614775811
buohrlncbtjontbyezqjyzbdzexwng 7417417175 3898624013 2344697704 3088871890 8625300295 635233262
oinzpuvxkybecsfkpktet 7414348027 8713299453 8469436983 292806106 4070234637 1247795225
rbcmlydjbd 7408060046 4411354152 1411859812 5295446090 2755657695 7371031140
dydlflduafrzuzf 7392941453 1663935374 4584148402 348717268 9406506188 9802711042
oltcgcdq 7392647000 9506208945 431007939 4027219967 9571208984 4886338493
eqonvxqiaxs 7379238171 584093695 1438090236 4783862987 1958910573 4663640337
uupscjsyaipwcrnutkmkmq 7377124532 2674458117 6204843958 4965928920 6038927147 676949505
heijjkheubkcpqfebr 7373895928 7791969341 6784216678 665435 9567387251 8611749621
ystfhkbuinmlkllnmizfhkzszxwqu 7369310561 2623954843 1487345306 34230750 5154752910 627317969
mw 7361160272 222388998 7401614801 9255838281 3331716764 7350190958
dioxsvlvxouviutjp 7355068960 2905085584 9502574326 8868232664 2915115992 7140634563
vcdpnfehjtxomagyvd 7337984232 340437786 4377213107 6429134748 5744629947 9643992207
nbdjdmwpffklgwcemo 7337568039 24684676 6519545926 8792074845 9180248096 3381051631
glqbcmnmwbpynaufkwzeblymowhlev 7331407045 7993800259 5773361801 6036275754 5089917564 3642136963
voytxslzoloc 7310267139 1436549443 7740146091 1359287763 3858551763 3922996287
lybpgagoxdpswalgcupdbxmmxkdiqf 7308832585 9083187173 4105694257 9479789973 3340421619 9765867301
czgve 7274309302 5213067361 9079945076 94461929 2024372318 1525021928
byvkksuophhnmwlxcbrlwnpruesfzm 7262956451 4094506931 8614742612 9833304897 2160963012 7000547471
cftsjlrktjbqfrveeozgedatsegu 7259446606 2210263155 4646219544 7276412151 9097341716 1729077663
ubwbdvdqoblfvgzhsmpqvghbptpsi 7237093062 8101995967 5659160887 1987496571 697111469 6048372857
yhgfqs 7219511943 7657427848 2838488055 7439304267 3605647643 379692746
yfpvnnpnzsjdssouaizfjv 7203257233 3131618556 733909450 2193852554 2989464657 9923729913
qjyte 7199220957 4639525221 5731141529 6198720882 2981178089 1070285091
ddiyqrdpbadnpfknah 7183254759 7287000430 4801178166 5836096188 219417713 4937132064
psujunnrqbwqp 7177679574 5517316412 8574710965 9168901197 5719246680 2977794942
ohqcgsnvuzeruhmplxrgbscndta 7164368424 9155909497 9748638167 7888239448 3713316597 8504066010
duvfyjysgnzjqlb 7157864715 4857969214 5955118436 9923505740 4157057575 7079525336
jevvgvofyxnvrwriv 7137370626 9224909601 5645933808 4387216214 5844335226 9323744553
gxbubmbk 7124869963 1405723534 3615997965 1501035676 5984188683 6167888154
rtqleleug 7117258703 9328996165 1710891486 6528376165 6899484600 6103125397
qccgzeurctnleangzuzbag 7114037154 1127602894 8133391080 9601021391 7078865543 5297604802
winsdkelikqgrgcbkaxev 7112147560 7554677855 1123809069 7057874158 6302460701 779740213
ahgkeqnyhiwhgiqspnhssfbgil 7111834893 572876925 2822188975 5736146392 157949624 3638553805
yqoeojsbmjbirq 7108827205 2241267175 8781796805 8137458179 4402361981 450571368
ekwzw 7092382850 9274759501 9256240436 6698710996 528322100 4605963197
lshfixambiq 7079736909 442888503 9433653472 7577799006 9992998144 202927025
izixgiqlwwrgzedhlbrrxkb 7077542847 4541501588 8117911059 7506216666 7198461842 4716644181
fqxk 7071943815 5364955512 9437491651 3567185664 152806334 1873357829
td 7069987580 3714368925 6661064213 2968680266 3623311084 172371081
klmfoatzxbhivfwbofmbpxumengvn 7055287840 4809313697 5488798058 3768064273 4943749622 6447575713
zaarbtssvt 7049965875 968393309 4902420298 2408155914 7412824472 5969474953
jpimurgctozyact 7049867058 2191964789 181364784 4574633806 3510949833 1022519823
ykpksqjvwflgrklzfwdgukdird 7046161789 5220689302 4016815545 5444184249 9701408028 2790652912
uktltglbhmpoqeyhpskenoxpoystb 7016510797 7634387453 5473837150 7150109067 4731092565 2932551809
utwlmugcmlllowdnokosje 6995079526 9074053895 6984787324 332690238 8725201758 8214092197
shee 6989563775 1997632220 8524499406 9413430753 1438997989 4659643087
upfxtuozlosfhmmrxumo 6978491080 780324685 8463662876 4615717840 1637720047 7079565548
qnumjbxh 6973808239 7298414305 384813293 6633530912 5379386165 8950401137
jazgmjcqfitv 6967890152 30711998 2884031259 3504693103 9660585622 6729606567
elhuialumkwcvbpzcnerihdzaf 6959456931 8796006906 418646500 8618157563 4922804823 3684715767
kkpzyv 6944140882 9015875671 2754385155 3706076477 5402161320 5901321611
tilvuxnucwwgi 6923744383 9227614816 6970544430 7870544710 6331636386 9764166898
vticeurhgyausfm 6921073614 2122549642 2365858630 2720511814 6759395386 8657300322
vqkijpeolgndnatiwgxdaoyqtffurz 6919875614 6912055510 942186986 8250712393 1982774003 2753760241
qwfpiuuua 6915246615 9455123370 9217470944 8107624130 7577260478 9000303944
xees 6899945191 9312839188 4552445076 7831657720 9648745774 4981015660
ymyywawnrhaofkjqyebumhj 6894064956 4240286221 270224137 4161270666 2003063779 7118552957
pj 6890100428 7801778248 2588552700 1497049607 2919301486 7049628830
ajumwd 6878172390 307923831 7526506148 2499188709 383805393 6027235296
swbsnfsf 6875017647 7383767555 6572773683 4335288139 8362904489 3069392386
aa 6854437586 6822076014 6999547191 6987205320 27718031 2881034049
otoutcbjc 6840824073 5819865198 9528976633 9994727305 3616712214 8484855434
qqcmgfoqwvmmkusjjbaccklu 6836710173 1868672829 3149191781 3851968564 4731702650 7172928844
riwicrfltfyfxpdpmxjaccpysjhnh 6834337853 2923626694 5398608295 3821977389 4247356286 9626275087
pdojqzwuxyzbsnpafbljjuooyqhu 6826558296 7107444146 9518470201 7289519560 2214050115 5601989877
yuebperlsvuzp 6818093304 5609336451 4213995735 6170948444 9647513021 2812655412
mfhuiuuvfhsigeraiu 6814042362 1867244644 7896491550 6161848539 6409682044 9122858529
lbwrcthlcwoyuglth 6794376419 8288269292 6315284055 9717298372 1711536652 6139471745
czlrjfcz 6793847168 2926932188 7566653022 4125700689 2053394844 5729728644
zswhimmizoxnvym 6789877147 172507236 1015145198 9735863984 5050068380 4571822731
fslxjnvgledrqso 6788698637 4622001436 5466905647 1711937531 1978182071 5967267419
kxus 6780211373 5903708462 4206010846 3572389058 6087498172 7587104640
aygopwenwqoebdchsezrb 6721568684 1779159851 7308555628 9702171789 8412340135 313514116
razpoapxmtddaz 6715179659 6888655994 1593331253 5934466847 279436452 9568335052
rk 6711887912 435142584 5107970683 625805737 8725457773 66772647
eeto 6706134836 7622055725 3676298161 3692614221 8115793774 4412778492
fqfagfhdyguvbrk 6702189794 8931603495 5101525888 9847760049 9321799211 4867544243
avtzvpizdqierkqwvfsbb 6678429667 1609199835 1707583825 8125938901 5836411020 8862907117
hxslggkmnv 6676843441 5244470615 2216847222 5390384405 2467242596 8057480153
xhorfxsnrfd 6670907322 1063789644 2436732385 8150168722 1772625239 488004604
lmukzslo 6660132659 2765738163 5941842478 2165088341 9171938959 287276485
tjgmnbvftdqiejfgvymkvn 6633723284 941740730 977690996 111993910 8337018848 4882966809
yi 6627528373 571928155 3375105913 1385820901 2841705463 9718946355
k 6621331743 8611826247 5984329550 9482061770 4082913898 6199038097
czddwfkollhosejdbhjxqjcpdjd 6615193341 8846459269 6786558702 5861656928 7859700369 5288243574
kxghichu 6609441684 4505379881 9357064642 1509452647 1349142070 8026091991
knzlrbqidmqmprlgvcxxikghokcii 6608734012 9751755324 3702311894 7602951658 9849815569 2096291157
prarleixepkhgsbfd 6604547829 3214993430 4472637609 2783129897 5340305241 9832898492
x 6589719319 2930851433 7654874523 321142683 1072173576 4515876771
zabjcqxjtjg 6579543481 2231588791 5386020379 7802627146 4439630842 5182772678
pdkm 6562139349 3620728131 9175805186 2570822163 4931320774 9419811704
uaebebdyfbxiabt 6558262561 4122498653 9853993904 8489815813 8590405522 5506821004
ereedxuirmeuas 6540918611 2521943622 7250202243 349108915 430996199 4899589371
qgocdcvacyjkylg 6528124284 713518803 6280510847 6722826772 8235262285 8969211428
uvuyqgemftwiwhvkne 6526760810 6791618011 8057242606 752996936 2374782935 9258325973
naoayhcjpbrjomjosxxmyv 6525288306 80800931 4999512868 3393400597 7865504809 1847667738
jsa 6520853905 8899496231 1870929375 2552854189 9208622246 3018756788
qqbxesuxpf 6520306908 5537093160 8078894000 6064900429 9650478376 8500956804
spagtqfntfyrp 6514056373 9304197962 9817644160 4782333406 898986094 8940543795
itekzhscytxlyqg 6511992989 8174087920 5630608511 8993313889 8816373757 3095981436
ltbompdpnywcwv 6511266409 2893859776 1995922981 9024197556 8166207666 9274176231
spgr 6500913386 7554272352 635418968 7113838936 110780985 9238838639
izghwexnyjlcmdhawqa 6498123164 8504105126 7919493509 8267259389 9834090096 5724265429
ihzjavnxsefwfayhxkrqoemj 6495870773 6668045041 4966554579 6181948836 6168625833 8657762543
nznfsgqaotoebv 6490381093 2304075027 9143219446 1188828702 4991455257 3253850791
jptdikpndhzuremcpeyudpm 6442032263 8891925211 1943804435 26435563 786483119 2994183284
wjkjzmbgogvzo 6418220463 3022832412 3387006268 1660133268 896864619 4780442806
mumpj 6412235119 4557143287 4475545919 6022411589 1760600652 89156065
vgkjucpynmfjwur 6379228651 8023281616 3197188795 7012496755 4235121171 204226214
dwkfwujsamuvn 6369324342 8030702367 3127079827 3657001744 7785641290 9860220274
dltu 6365040306 8007991031 6093388745 2051798589 6108117388 785247209
zpwnnmtyw 6364500715 6516919470 2446882563 3654545100 8119836805 7186642929
vhk 6343115855 4211197861 4863305515 8481282958 6528080616 6418536689
iaxedeexgforphkccxymdtvag 6343096179 9209761533 1217040997 3809766564 1174215002 5295209097
ettctphuhwpheiwf 6338981750 3421835648 7702968542 5953002023 4052571524 6551697761
xxzswaprunpuraxlggwzrabcsnrr 6336366782 3916854507 5012960060 9239022106 9841726755 5872916414
iqwbhmefeaccvnigzpznrjhhdbi 6329688014 231382739 643445853 9761620418 3138287461 6041701734
fxoxocnwcrrjbgfieynj 6315583792 1498354048 8065203187 5741680869 9155116932 2752155578
ctyfblyefwassstaevdjf 6270236264 241336940 362237133 6431787826 9951222923 1196010891
syionzjlgsmqbqmujxwhc 6255106141 4979424404 9617425424 62732182 727528391 2083008942
dpapufkebrrugekmdfdkb 6238945260 7868475808 5930473810 4338790459 899179419 7920593948
iarjnrhgjetxzswrgotbwtquy 6236025874 8913536903 4753942315 5790669392 7464463531 237927819
cltkserihfjgwroz 6234290253 3598368042 7173611598 1961563377 7259665027 6833456525
xopqenpgrbtkjtrgveykmib 6224286838 1834113571 5643334959 3065648428 5855156158 4592498828
pkzpdlavzdpaylsxvghizhqdq 6213483976 1328267687 6338201359 6301559634 8098766193 2234577451
zbzaiobocegjzus 6204313805 8482514061 8034915331 3228953486 8180639690 9053346887
mxxpflysbeyrqzv 6181557383 6750188960 2971502940 9422326549 107010756 232099353
io 6176936638 6876911564 3116212435 815556321 3816191725 1703675787
gvxtsuqmawi 6171327084 2356062261 4525316623 5608296024 968491885 3538185085
imoetrjmqoaiszsjsnqvearda 6167018649 2059063944 179054520 9214308979 1880122366 6819759954
mxxlnlfteeakcwlemkhtqwokvbt 6156165049 6287449825 7021295594 1820140780 640136455 3623452284
xtvavkdhucsppxqwmyt 6151780051 359915146 943978191 8037833649 388630213 3754050228
ytpjtjcbcuzlemr 6151482640 8564566561 6619934506 8083525287 7987688993 3069815052
qsodkbquv 6123224476 8753657481 8908801272 483437241 38506402 6860387924
vlnyb 6112512798 5306118751 6456728314 2253776519 6590359916 5786896116
nvamkqqzhxhrcnfpecportprcyp 6097665824 6427431265 3941387468 5687392329 9023417448 7909426469
ejldqtbvconmstuxfndhu 6093094866 2944498023 1872438200 8155494402 4782237584 9208481264
eylqowvrrhbmsovfcoxznlqbiur 6087551174 4132929712 8865520893 1891925516 4462531711 387087710
inzrwccpxahainuhetmqy 6083843677 3341095234 5191090480 3491613044 6390223492 3555289494
cjdpljglaolmyrn 6047928184 1143194418 9481957374 4262360523 2402222688 9410202681
gysn 6042323679 6016016848 4883313238 6646117997 2115068950 2178993693
foibalbhcvlbaftsmkxhtcgxhakk 6038422507 1811527736 7945020401 3704152908 3929916169 3239075014
cfvqjsuyrhymncapuxrkvpk 6030402652 5212759674 7290287676 2644247092 5782539807 334686348
venhryqjgsuqkx 6025408267 6876623822 6725171599 5776506235 1985451152 6295748290
refrrkldrvarzbvsdnhgql 6000244534 1904918623 6257712255 8970495692 6864490954 5984547471
ztggjw 5998062423 3631759188 7237561995 548322758 3246206530 6956105403
soexcmeinlcgeqyuetvstqn 5990287400 4495694384 5106444144 3540277601 2363568905 9886615905
qomggwzgnieadkdsuauyx 5976577276 6681624189 9387224375 6571311589 4112494698 7353439932
kiiiltqgrdzhobkvudrprtuftlus 5942547099 9078484120 4578712725 6648644315 7585446061 2490656453
awjnbzjeocvzfzgmxtzdhksssvuxp 5921027084 2438314807 3737556692 7171393077 4159007868 6580937290
vqhqjaahpbpuavwuwrh 5908815333 7193655591 6416883233 7585400581 6828990797 3730568460
gncbfghedayorhibhfs 5908689396 3411778534 3963430237 3600781046 5282167698 5135422938
xcduonjpalaywdxel 5903755423 3082705262 7901029970 8912946423 5463948153 5961382514
wdwafvkwqnfcuipee 5893063900 1186404157 2708677997 5407558653 3130477634 5552863246
zxmbdgufrfazgtqdjzmzgbtvom 5885666291 2306334754 5421793742 5515089688 645732947 9548059500
fogjmnszhpqfgkbyd 5881450958 258325659 6062263761 4075314862 3757762701 5106879973
hvvpfeyuexgbfwqpz 5867117718 32724682 8578665284 2429700521 8414964793 7772928179
tmzunhtfnigbudcn 5856718600 5532073839 7738365194 3395288847 6603374481 2708852678
prwqycwdggvvjrszaguefujofoux 5841702721 6017558618 5676184700 9778089823 1160001128 9464084387
nicojfxgdxmwqzls 5831284054 28929988 1497864901 2193899785 4378383324 2023121749
bblaqkczeanhsdhjhq 5831218942 5192075426 3497672415 3893503842 9604586656 3126559913
puvrkwycwbfh 5825821607 8037661935 4438008287 1845854049 9892259367 6844431328
bxjpgyjprkeltrwvprjzrbfttns 5819175459 1284777825 201432654 4539075632 5242972875 2255911909
nancc 5781642867 9009070364 299815895 6079405831 9751533406 982012614
uxsavwfpj 5772475503 8245924103 1071541964 9789664765 1765461795 4439896169
xfiipmalvqpyhfzywykfy 5762424983 304483813 1328459746 5920980996 1595596253 4124956753
aqjzytvjtintrbtdzmumaumnsn 5751028542 9273740351 989565289 6733124943 7836332214 2666439826
dpkvjowv 5750124870 4549049901 7756690079 4762470080 2785867154 3466554976
jgitorzztgmerq 5738330062 8674780408 1403284807 9850519271 1120044552 8766932526
fp 5736747319 2844477010 7458685554 6862086271 4418216382 7156779897
ktzqlljhrjiyyiktltlrnxj 5732329816 5012800050 1825664538 3296221527 3823452056 8536890757
qjzbmcndjlgla 5731719526 2785743701 4244956043 6783261113 5496367130 9781138193
mnmyqglhdhxkqhjhef 5692558748 4968763788 6202769936 5079264031 6631713614 4981480379
zypkkvavifgbeczmyyyslxmrphyb 5670566885 5444912308 2951729231 1324005482 1294353242 4369206219
wezecsybclt 5665048862 5269804009 9426748917 144930324 9690528183 4302527226
ncddnoixtuszax 5652002499 5234096203 4150589959 3724436403 2112442418 5928600814
odfbltiwnfirhexuhkvzjucuriy 5649999853 4793276897 2216239934 3341095766 4315328658 8044996941
uqyegdqmkr 5648474470 4314490539 7434458009 3392015889 9298327628 9729117162
hrgtvykuflqqveghjgix 5637498454 2065370952 1533140156 4068188852 7496214545 3761428118
arjq 5622239517 8617392475 5473959567 1904880274 866540764 6360070569
wmjsrnxlmckbperjfqshx 5620866576 3102153392 5760273265 7766052888 2773969641 9097114344
jubryqlseqbybwyozuqnhhzfxcxroc 5592273366 4485961408 7127512112 484767528 5699264040 8046771715
ehhrwjwvifbqnqdulnljgodjkwbk 5579943315 3999488334 9475118069 8186612029 5591511132 4381558050
rjda 5579863281 4908086323 758795967 2928713954 1221122711 5236811374
tvkpzfdaognxxzsj 5577602301 8188502899 4487741695 2914283926 3443236123 5117211829
fwwexfjozxw 5562582421 4941183219 6386656416 3813124205 9868011909 8155928461
skkmlahmiliphxinffqcxsp 5562567770 8224965841 3008401912 9714104938 5950185848 9529225311
ndaxwltfwr 5561793256 8135339230 4792748981 8102168519 9278710119 4515974730
ixudinuwifgkfzozieusrclfdq 5544899899 9457517167 39687528 5905701880 945018169 3321672412
pluhhlahfhqpjevbkyyn 5537708583 1612074417 9209487382 2207971931 1476657006 8930663427
bvhbbhbwwneslvdngqpndblid 5527511052 1445654462 8535992184 537891406 5893053559 1207481687
lskppncgbqsvsmqmz 5527017663 6698234481 1550039870 7785805874 5244772185 5236506496
sw 5502544650 9881929062 2660394060 402687949 7781200209 8037753260
eluqxiikljehujubsoqienysqvkfry 5501145065 9531994597 4245940532 6409607864 2061809709 7811107004
u 5497386005 451183922 4602511035 4648469983 4961206054 8081411409
uddzqajadznfl 5486402746 2735593765 4434056106 8467549043 3394456877 1237528650
shzdqvtylxqnjvdbjxl 5442192416 9368158162 6653269761 430912212 3006249183 5509474497
nnquabzteg 5438085233 6447335885 7150477066 1669842752 7143845149 6914921559
tlwzzbidhnetrcebkll 5430080417 2338874723 5760713594 9203386102 7537796129 7394141251
hblwqburdkagjllclm 5423381222 7793159828 3967485688 8332077590 9624718386 6706559757
onwzxcdsel 5422039197 1128896302 2671713615 4888625482 8899514618 6741006237
vuolhxcatgowjwamgssfcjhgksxdk 5416200706 2918055398 7297007836 3215020955 478703032 6051111322
jjhazyt 5414071908 3364365980 5368668197 3663386338 2668092432 9910012908
zlhmghmbvqmecrbllvftdwn 5403293651 7687920093 6949793330 2339183566 4796155917 4193399946
idobizdkvfetswtovyjodnixgh 5392306561 2083530183 4151064856 4573059559 6776692305 2669084971
xqsydcacxrpnxextwdzz 5369971976 1747883835 4973609906 9848344393 7470072597 2078639110
dibuduschuzlv 5363654930 8732318984 6265696839 18398267 1531751201 4441407396
amafbsjcqtdbhyicdwq 5352996370 5639876524 3505271864 4723755682 1156550064 4006552466
cdtjzwalhgwhbnjpbbxxvvsch 5351435439 8509678431 5498981128 8130246329 7235337538 5713597469
azsciymdw 5349653803 5888351520 6238950767 9055141416 3721977105 9427332865
guqcuryibpakraouooxvuygjplrbg 5349521879 1441487755 6893983770 7783897276 1778868528 5453358143
pclqaqiobhfcylbvtvduf 5328072705 6058821566 6670972290 7607422784 823093445 4428429772
g 5326617368 4079889802 8062812587 9323279478 7548135528 3079597651
lgexnkigxodkwtwdrtlnrpakxznfe 5307310757 8088969112 3855546387 7112982764 4894860701 2328719582
tyqoyjbyrfoxftwpglgbhlhzbv 5272930005 1014700747 6147907504 9751778580 3921422336 910143347
fwwomzadcjpqbhzyu 5270523411 5608250161 6352186737 1026141873 2497608623 499273556
die 5247365561 681797026 5328611301 346715463 71177544 2982067302
kestwmdldwypkss 5207631460 9271847275 4043190080 7391118323 571549896 3931274642
vwnffs 5203002790 4990045332 9635786538 8857136795 8903158136 1209260685
lauthocxuergd 5200507412 6594860623 6232708785 7063830118 5398815769 6110682021
blmt 5187575537 8677002013 977828889 9634438012 7303627940 29694335
dsxsrwazmgxgvnziu 5181586218 5894973544 1119800180 9257929921 676063193 2043853538
yowwqvoj 5177689431 6669646995 5976118763 2697647852 5231310646 5089133254
oqekxva 5143762268 8603427994 9703301123 5564751354 9183343586 9346980586
jn 5142528823 5110621610 2444615105 5805573454 2251568996 4138234032
aokyeqfutxbbdutbefobvcgetqj 5137916961 5347205121 6922141662 6202681256 6786277424 8104984354
uaadidwwhviulpfpxgpozaq 5131968006 1467161316 8875925836 1013314819 5263384186 6911880373
ynkltnfltyyhiyuccmgzhmdzeam 5128700079 7614771657 1183248040 8147584987 4417985731 8654933220
wtpscdnz 5107472883 5705482988 6704504487 5969776231 4091018698 6375713795
uvgeifubepygu 5100862364 7124466097 3526933697 1055135566 4306546321 7572231043
azfkmkyqkzshtknrimjx 5098221104 6027112504 3811199337 8937827373 2609584100 3345769025
qflxuwaukbc 5090825026 6186090806 7727833413 2744765481 3408849029 9641842119
yvamoxwvvwpcnlsnyh 5083456410 7080607363 4088135421 5555524084 4547959972 1323884657
algqcrxlproayfpuend 5079324311 9694677697 5013618938 8319178087 3711031585 3750722555
wwubdfoskxr 5074748661 3692282063 4586149383 4094320790 4863104481 1676502209
dpnbtltulluglmideiz 5066896915 7436553689 1973237331 7552795214 3671289296 5653745290
asgwvndhcgk 5065000898 8690762146 5574447206 437139839 7289151742 2748898778
rulwtnzzzwzdzqod 5007471499 5753270810 6442847338 9073133117 4614988944 7638274911
fpfggoxuldrcsf 5005238231 4787963730 3719563914 8993903904 5747231382 3118382556
lamdgrzdtyuptesxetbttgaifip 5005235015 4178404488 7146907120 7381017936 6539630587 981065278
nqhm 5001382219 9893893405 4497824918 3870425475 923789226 9572503726
ypvifqrybjwiccbksbxooy 4994652169 7894546888 5851997075 9995899636 5468995253 9702456392
ixcpdxkdmtiaxfswmaazwkiu 4970794784 4015090057 7368372997 6687111119 4509770603 5383647348
hgxtzglrgrth 4958501118 2084092000 9663996069 1920944523 1338820874 9751702974
uqveprubfclgnicyvlv 4957558600 2822942376 6984733455 4890320350 9084430774 3307592570
dubrcweixsokbsuxlxyldcu 4945397304 9901393304 4007186102 5743317077 4172819712 1834332701
maeqxwt 4943130451 4844194264 5463171267 6899939971 615718582 2093789859
gtkhcpltsreldoodcxqmgu 4939056995 1391186206 2699412111 4169759261 9832512576 2564194206
bmf 4927014961 4067811657 6723389677 8032978767 9146232702 4166064872
b 4926766667 7925895688 8515827544 179749040 8621203701 8524876712
eeku 4919036476 1781301475 6754850634 2731978347 3632306046 8270412506
wx 4915833043 9539413717 3404811606 2882542571 3354475442 2475825332
zfdlugfrilagleso 4903406788 219925423 1845620717 1308078779 1693885183 2857329816
etddfqoyuqaqugxfyxsbydcvxixfl 4900933754 2180221375 1816671052 2072321467 8516853967 4021441738
jdzkamzspqdvl 4891795022 7332323744 7315455556 227055793 8546412402 3716657642
ewzoilgepqrluyzsfkux 4884426892 3473695589 5260141456 3962982225 8952815045 2684794141
fmccufyldspoggoltigarg 4882535365 4655884060 3639634364 1875213171 556295755 8859105990
cebbdgiimbjzzekvidiod 4880972644 2954069637 76697429 8064549917 7772178997 4955902904
rcrudyvjt 4866873470 6472785364 7742447675 3049644591 2305420873 485223511
fnwmapykfhriwc 4857645622 4860853705 3045538678 3328085703 186038860 6659739813
oamwa 4846497099 481214912 3750140351 5253878454 256961341 6964487457
asqlggpamomavkpl 4835606922 2934384437 9208409875 6464944904 2918177874 5444752124
mpzhmncigkajagjpjikeecok 4832322525 4680986755 2895554715 2935220466 4260676267 4804849454
nlffvatpekwzcmqgiyefw 4815737380 3720190544 3790227926 3789906813 9760043437 2565881921
naoesivdficyhauoqubmhrbifbeqe 4814826588 1040483705 1488207291 2331566790 7885522339 8644800265
xlvx 4798625293 8360111526 1688350110 1032822390 6806516677 7953881745
tfshmmugrvluudvbzuzrfyhfnhn 4796091692 3182964665 4912416962 817280960 3207877261 4375873550
hwjmo 4775759250 3009251207 8748910359 206538534 1711626551 7234953776
xgrfjzxzkjyovymqlqeth 4751151252 4550593944 8040834178 9817738671 9042024985 993808421
jvjx 4750859396 814653844 5210767512 5843424865 3279209907 7259941941
aincfl 4749075421 7864752846 5566997473 3566766380 7144208387 7314228381
lrzdghxe 4708565428 3444354263 376266773 499475428 15687759 2365156574
ixyuh 4700741669 2240536732 4247551373 6960286709 5748905058 4208230718
dgqwdraxmysobuwjziuwjhilw 4697467644 3937534800 887208935 3646511059 9667985867 1854665908
kinkc 4675249722 5689162819 3673055311 207145949 728182108 2660044193
pogxrijgzr 4674838713 639186316 2997994433 8819746317 6151918125 2243162246
qvtafzykixtme 4671862836 6136705125 8649881112 1784695022 7693665002 9797079385
jlwqydlqoxnxbifzniplvmistj 4670999777 623397713 1860067755 5120946341 1311144473 7826134898
tzmlnmzihkylfouitanadsbd 4654811988 8731571312 2359841571 4567635674 9970420881 8034666787
flpbsqdgpypukvnldwaqm 4641057714 8780780075 5876699135 8963848543 3703644685 3184482334
wzujbjxlsepoilcatwnoa 4635208819 5978068322 1551713534 167515424 4274130730 5423722448
zbjpgw 4634545057 8963411416 2262550014 5320380567 2526288715 6803597216
zt 4632376538 2631953258 402740752 724227960 3027688543 7571755819
jsfshleakaobykjiphvuuulflz 4616113881 8888187267 2512625268 5314583344 548158300 4904515629
srdieshqkwafvggp 4614003717 5889707645 7933847087 8046079530 2438275416 9637157679
qzuyh 4578434407 4738141623 9306466070 7490835931 2461308067 425028878
fyicydguvadvlvwr 4576658887 9438977615 3650933657 7664821582 799352172 6051874594
sipgtyvaxxwsrhfamdvfupleyfuipx 4554324614 4437788939 2754377052 8749141779 230677406 657419996
ijphzpvjpnmkavqzqlwvqtfxbxzmp 4547349271 5690913525 9971687403 2126513617 7002660491 7939846831
pyvwljobxjzsswr 4546675633 9708200725 959385219 3919568783 6961551817 2562721055
gonpkkabzwkfc 4532620745 8148520150 3430213604 4778869763 2919733069 319076958
tlpjtpyjwu 4517397532 5180591872 1761150253 1932421130 3003806373 6222274720
nrdvwmfxudonrdzkpibtwlmqebmf 4512938630 791925388 1257186972 1116780785 9716097868 1726616926
kethqwxstidrxtqxguxyvgyfht 4504702192 9497819364 4290268261 8324757820 5360083063 7585057507
snrmjngqupmvlt 4500891841 6712507188 6117270512 4122783430 2889888268 3912751550
xjkmimquhhtkjhncvyjjevqqotqfi 4480687123 5149289243 8007686506 1934545388 5870264325 4885218445
jevlffvscv 4478795578 2081737438 573362461 3482303171 5625654413 604511445
exnopztumkfsaunjuqsqme 4462464779 5670145459 16107083 402531443 2163524724 7066479332
essmkzhtvdfpepulthyx 4460908065 7914198824 1622239457 4892987749 8558601650 7118048916
cau 4459283041 7207585085 1393217422 1895814510 2800882833 5809758145
unwzjgdukygxatobtxrezggbcaidv 4457039869 9474000479 5934172794 6864634922 3293536375 3541075725
cjrsfitpxvu 4432474781 6811760872 54379288 9654239957 5761323095 2039636903
jjvqspxemmekmsdydvobztqlclx 4428607469 7074877924 1708625104 6805134991 5932087083 4384312060
gvygtsivothxmtboismsvonssy 4402394825 5942844760 5769323482 4218958467 7885320774 2731799363
xymehudzphff 4400776769 1164897311 4431251637 9233325544 4543296378 4150202825
ivuivgcokdbfydsmhenmqnacuonko 4399873403 9160092824 5184184240 5848864128 45957155 1157054054
xyegabotxmgrfwzsfxuiwrencfefkn 4396414918 6379986958 9526631835 9050110787 1898715093 2006784562
gndgrdjkutlldphg 4396251799 9254051724 3508069058 1499739890 3231982175 6931387621
vpsrqvkhfowsksx 4394463158 5071468518 284681843 9112398075 6846373399 2803387792
quwd 4383090764 8263897315 863904153 8951379438 6434977719 1841357059
ktkwvbdmftfvpxdfnnvjdt 4377283506 240907245 9583233837 291440083 4451183019 2078673427
wvtmlsilknmzdjgiukgxifzxkhs 4372098887 5642588776 6430641753 7605871493 1318396910 4457898144
scpqxjxvgqajo 4363993277 5993763416 4378923862 5496865249 2039538742 9159002397
evulfmym 4347527631 3463573518 60899725 1034057878 2224628456 1695891484
uadbiobswzo 4346240360 5431935961 3367193191 4997505800 6957553648 4060833195
mwoclnvfetpcmzhzauptfnzn 4342230754 2695708918 1617320280 9322838177 7639621900 6301057887
skbaebxgcivzeufyakqyqzm 4331664152 8573609232 7528395012 474055661 2052116487 4000120917
tracjagvczckwbk 4330469485 1854408649 680783570 8237108180 6631396794 7152600626
pkpponcadlepp 4321505809 2512668345 9349344395 980254377 5926199771 5113156807
wzvmxomg 4305271447 8812053715 184942741 2999007579 4015471934 1734318282
nvbciqsbvbargcnyaerkmgbzempy 4296568539 7379278189 7517809455 5146629655 5159018552 5921421605
yl 4295646227 3445155460 776330169 5214259370 153095295 8900514801
nlyzq 4277538427 4574613288 6557508903 4434740129 3462382437 8452870710
d 4269766217 9207082595 4845695968 8507657487 79146820 8572671645
pqfwqxbsbevtgfyacxlhdqfeqoztj 4265211960 8536861375 9489421666 7629738316 6750411891 534469296
zpbrbgauvjxwvobuimx 4263934704 3443409695 2474710470 4461762477 78740948 3470693041
xebrnudusfpaeeeedzfhkdka 4254261172 4820704940 5578320250 4505564651 6282787384 7108765538
qkcosjp 4254011847 2682571496 1667609733 1854366165 3599552896 1265460787
osktjsycgerurbutwyiulpy 4248624827 4637758157 1941533119 9526183290 7060993107 1825354690
zpjwhuqw 4235754717 3327796598 9079118001 7297427228 6403082696 4437300081
nheyokuczwpywayzfkksf 4233607614 3701645098 8296456572 3124468926 199467727 537935461
lfbidhfgdprtayvxxopzgzzpwt 4222849289 5315633149 2158012637 625266238 2473506120 4348046980
msfmfnqmevlogqfifgiuliqy 4216907100 7201440424 4049412128 7412825940 2773544460 632366542
q 4212479158 719528093 4894007818 5553655593 6670101685 2211551024
xwkcjwhoolmqghnusttgoklplg 4202780847 1385358053 6378949665 8903166794 714475171 8900384700
cuckcsctcrwfkwjosioakpf 4197378056 3023406 4189566227 680501365 1679129956 9448820046
exmoe 4186246746 8485546836 9379278085 8337513223 9551845476 6449691714
astyjml 4174162098 3446721654 7495114489 2409138175 1203596151 467277586
ksnrgwuhiuedwlqm 4172052810 131324511 5925326756 6111244623 8956553469 5203675114
phne 4161023629 4361633126 9085504547 9533073275 6943886860 4842264659
ifg 4150174402 9351690797 8588083427 9200041011 6577803957 5785684364
nhcjjwxpcptggzmybjb 4145702494 3866533712 7296972565 3002393849 8763594457 5592725061
uakdzkcl 4132075199 9735454704 4337506310 7865909194 6982207680 7608961971
ustgcxvvjsfcbx 4121433890 9418575306 4782259165 4906694423 2398341450 2083786594
oaum 4116775579 8463481991 3874563081 3730355446 9778823254 5134156528
bobctslzvgvnqhmhtuhmvhmqgh 4115356755 5704828123 9068002543 2478172891 2569407104 7360925428
wcordzbuxaggdxgsttfkxtuudkhq 4107286533 5843491805 6014775826 5540677273 9414463086 3356447863
kuyeqtypmpcbivwqrrkh 4087606838 1384500153 5609121193 846238253 4886524329 7868898658
ljfqjjgubvkmzu 4064014549 4108936378 6249344535 5365739799 4399257778 4920912010
ymgbbuhcfttymuwzrzbbxixcjsovsw 4062403116 4910184654 415516792 5059234316 8123751501 6270452380
rercwojudxqqd 4058558313 4143568427 477862721 3383415692 303740109 848984097
y 4054271224 6077791652 9717106354 5747421172 5195975968 4711344260
utwihxbaftqanarjjhqqctn 4046592780 9336876368 988675661 6509302697 56766334 5096216750
rjyyu 4019018819 2324554300 6409438848 8500896259 804706819 5157132624
jvepavcntw 3999271359 9656906573 9047582086 9646107657 8522170117 6290348554
vzvkqotdmplczaohjumgncwmpczah 3993973123 4733630564 6875630918 1254284045 4531413722 8987644621
ghnxtikwodnmukcmv 3991168940 2163910556 6707602672 6494523546 1032176683 9840943407
svpciwjqctk 3990011788 4507610293 3517721164 8167042096 7794806628 7530561803
cibmizddnkejum 3985388629 9980945456 4447565209 9294366738 8862638695 9506693821
ydesiptmpkaexv 3973830226 9122526917 4030108396 5801998567 1287739020 9066725809
tpgwpkghjqjbceotlxnlkecjqop 3949407986 6591548675 5783506917 2718030665 2304525822 5701349721
ocnekkilpglmseinaqdshhac 3943257269 7897920577 1476951291 738195712 4843872984 3810036772
xzcmubvx 3930644978 2349906436 9854549646 6732461621 413371857 2272741866
qvofnhsgoepllwdokjl 3902679681 4680170423 4918942663 8841046639 8927207200 5083538138
cmzaytefuvs 3871113456 1555289878 5309558310 7243107510 7780409159 7180890052
gxkammqp 3824199946 684137080 2609993546 6460975207 5521142848 263443487
gfierpxchzsfw 3821353858 9819910133 6397659439 5887345356 117613826 3888822494
mjmkuqptsbavku 3814278611 6490872066 3837288603 6909121599 6915863990 5064614326
tooopwoollktlwjfpoecvowqnajlc 3795047879 34972760 1876208974 6092565756 9949070492 7663587166
nujaourois 3787907556 2749436926 4371192051 2719490329 2325541253 7266628138
yyeexzqvckhdk 3769495078 1289041745 3458219297 9004934117 5553379292 4086699593
cexknninazkahdngmz 3767876413 1730767682 2675524157 8791997235 6645524813 8608809077
dxvkqdxargjqbd 3767871527 8106007114 9263009786 7519047410 7667978243 5371124137
sco 3754771041 7064377519 7995944077 4020231097 2305662941 7758469249
buumzylbj 3744865278 2953349483 3078813690 1924174558 2196182617 9735856710
jozmvlekoitlszidegdypjxagvudyl 3739762507 7145976277 6593797130 2914126531 990080127 5362847705
zdofdwk 3731124746 9932393336 131441917 3418995060 8210822256 7693107807
mmapkfdtjvoozgrzw 3707130414 1810124088 9477042063 6736121764 418863166 3614363437
tkssmynvjkmudhlpklns 3671534635 9289358546 6427546192 258540833 3259313771 2551912917
pvo 3667029318 2316776728 1065762388 7306940603 6566611296 1124624352
pemmrtgvurexzvufzraqszn 3653161054 4634702846 7185284766 1659216915 5511943090 4061225781
yz 3641847788 2875432824 2689734905 5511889068 1110004299 1525457896
kw 3632497746 6566684159 9020115072 4433490022 3233438201 7896770631
lnfvrjdpqklonswmnsdus 3631903642 1108976417 7209775543 2696283733 1805826710 6568225451
vsffcubsjreb 3630271530 2204297962 3855077746 3419666011 3632375632 9684445658
xqllzetwdwsxwa 3622629802 4422167074 3742923641 1594228729 1971309133 3595183083
vxpbgvhqmchnfmttvmqxqg 3619825402 8728435826 4965443252 3972846954 2986373734 9341713171
gbhkddvjxceohps 3617041624 7280305242 977929658 8132838919 8352937092 1179871700
tyypppxwzaoghqrvxobftj 3595446841 57386355 6967530988 1591235641 8830266843 7996026912
xvcfanvsktkiskimxbisqix 3590008010 6642728140 6545001209 6421263761 4547028103 8308817627
dsvdritundhgonqpsdmwwd 3586815463 2203071939 5391248403 8288441161 8471936833 7675088373
xfctzticdsjjsuqhrfffnhvtklme 3552818781 828777380 8983224474 9358439396 5803028978 1150071321
sqadebqajralcuhiqd 3545115485 5535882109 7225263533 5481090325 1975065329 6352697623
zfdieruqxektiiltopt 3543625422 792141716 2335495708 6414740520 5394919521 2704406295
mxtjrcweoygmatkimutldaqgjxgxpq 3524601864 8891968072 5187627052 585723981 526727207 2730220267
scqrjkgwedid 3519745866 1684204612 4678049596 5426644398 3365313386 9171200877
wjdjzvgzpkigzqoozgukc 3506238290 6655957128 5355462353 2765266232 7411226467 2812614092
zpbfvtakbegraeutl 3505681694 4282827966 9947084547 9593249309 7417260214 8124336434
vnduczhvlvwkbl 3501684063 8523263080 5460441095 2195800565 2196797996 9493849304
n 3497827893 1848873392 5956683271 7090504324 4743306239 8379008407
vgossdijiqbv 3479114606 6339772027 1785994262 3746230101 4484531971 5717368388
gv 3472391173 7378376440 1791397458 7834356987 2850443687 7003802872
ycsbqsixzvuswozautkxw 3468392155 1790559366 2311381245 507015916 8587157625 5430098342
vyedstdprazey 3461506650 428600012 3632823378 8903928456 3290065678 3153760353
dfjlnnjxclobtwhia 3456644135 5006514262 1147099418 6469112135 9590319456 350021388
gadizwporhqyup 3446176820 6849460932 3693555298 316374882 759704226 1577697846
egbc 3434621328 703634329 2540691560 8907893617 7127782291 3106537306
saefazstjcgvwevrooajt 3426973082 7929986924 8131262368 1061346830 3723375958 4557430150
pzbodzeejksncpisnnujqu 3423638307 5010632355 2362531531 629172830 4124335724 3758782459
lippuujbckgw 3420979047 3551691615 1103570278 195922332 9839394242 9815354952
pdrustz 3420226843 5583784339 3939834694 5481759133 2643338920 1617322798
ffvyzxbd 3388128184 5962984766 3387233040 583830975 5783545109 4303772577
crzcaqzuxlmmgtpsz 3379370350 9574477542 4684791338 3139734539 9787089632 2884665810
ohqjfroidrtgq 3373709003 5822324184 7641768878 9762271847 1045038976 5090228011
xunggfdzmimrgzhlrzmja 3355741166 7017787642 5245729137 3647982499 9836742217 8136532084
zgvgbhevmv 3355187272 5237153907 548607799 6387273806 4534999512 4401780520
gvyixxpqjmogdd 3353295385 5478330494 522164305 7926751121 5961498225 6051136501
qvgyld 3343243560 1549979984 51620554 7482273499 2135766340 2773624859
ehaeegaqrckfmpfhzvdahwshypzia 3331432042 1596996439 8034252224 1967118460 9443325090 3144817001
jactjsvrhhuzkb 3323501494 6546084745 1351288524 1921263928 6898568578 9234666264
p 3304586577 6980954490 9776738225 5823345567 8436664905 2465998888
redirdupiiaatdp 3300329917 7925403101 4604982841 8126186273 2511390254 2985550434
wvq 3298322093 9392820305 274236237 1029698329 8165558868 6941698355
tcgupowrykgiyxerpbmmxmtkirs 3265572603 7899096771 2390409346 1160361576 7002301339 7503139519
ulxebmmivvdkspychljwp 3234159536 8972515259 2376734690 5213714483 8499428161 9185731420
vhqkcjxxpvqlbpityzo 3225291896 7740522250 4616936572 5858932426 8977801880 5004552102
itj 3225224906 452686721 9362647701 5050304600 1171852854 1788452717
aoxyvfimrtlmoxsvsjhuuayxp 3223761727 2844347774 4098069819 6185263946 3955407301 8595915459
rselwgvtmjb 3219330976 822562541 5351369886 4656111075 3898998873 9174195313
jcdgp 3181703495 4479685697 8720955669 3987164699 3993941738 3980163990
ymxhpecgi 3168791058 4905176017 4000600055 1587143169 9169328224 7565546603
hyvcgqqznuedecephtqiku 3138631350 7449093059 6166724546 8385339551 3151331784 3496842435
qfmuaoly 3116414912 7074481145 105598168 495183310 5895256278 4497598504
uun 3081316217 7423794503 5181097976 494531611 5952012626 3701189799
bypekrrydmtx 3073589869 8763279329 7696622951 3744535868 1642078609 105444659
pnlzlhszhydxtmfhpwfatigzwtdvk 3070690134 4496852822 6785534205 7956919227 5358040914 15193108
lxnjyfepwflhubeml 3064886832 7702276790 2758734630 3553565331 8365721961 1701055116
wpustguuxyahulbf 3057366065 3484624901 3948772070 6207675266 7072924327 1852732883
yxrqhzmopadl 3047561595 5245059385 5165771283 5305777177 2455325458 8168970743
lfcxtlybwqkzauhjfdsvvpwzqicsr 3023418724 4879708915 9868815811 1512794900 9405759633 5420567317
sstfmtxmnnkfioosdnpkehgihslkon 3019855369 6221312161 2306116636 9694759339 5514168287 6169491285
qvmixndenwbddrjdgwlrb 3017604780 9597678207 8838807156 2731691483 9629228901 8600600322
wtjhttzvadn 3005961351 8598134269 1561083290 6283915351 2135959782 3687070471
uywnznvzikncvjialmalozfqlqe 3004351341 4554404482 8149083789 7760218920 3671173873 5947702280
rtcbqsqelqjarglotcjlboaraeltzi 2985614253 895103052 7921210318 438029830 3853403547 5663516322
zldbf 2969769701 4046255660 4211032059 7821052899 5135879877 9668862635
vfeowqiaxguhwhshmzvqpczkfwl 2969536316 3718572126 9526542627 6371870189 2521965320 3640519599
jjuorwneneeiuabbjmtdfq 2947503181 9825938219 1333172966 3912858819 7592944558 9312062423
rj 2941196130 9432655174 7091807592 4457041414 6418318758 4862305463
ihbsezvxnhy 2929725168 6691458333 6554756974 4368338214 7743419402 2174217430
uzttnabmoqly 2921314000 6018527453 7076413777 4150389121 2478756316 9499355482
iisidwvxgwudnpjfhhnrfloabr 2919516286 9347395467 2953093227 8056383086 6638104780 1392514031
mtlqarl 2900770354 3013171693 2461433321 9393184403 4221178537 2622238283
wrlxyyabkzmlnysg 2897317939 7325123280 4898499505 1635260609 1674346409 2305972686
ibsg 2896975444 9927681515 8140797094 207705635 5262067008 2435739928
mphemcyhckkro 2868671432 6044530553 5815994376 4793518088 4038395329 1570243368
nnmyckbgdxullmzefwbwl 2858449157 1773605133 3321175672 323825802 4299441594 3871152156
coceavjpdlpbcalaozzgjjjcxzu 2853391483 8480452863 8979795690 6470728806 2145950820 5840244197
dryorzbvfl 2852683491 2692579693 8424999361 6970112510 2067801617 3251997858
rwzuksnnzv 2849456812 8268640463 1112766389 5108523174 9410522264 6608781318
tzncmwcqgdasozqhuwdhoedxc 2815857486 3757674096 3275554767 1885038178 4092257641 5858641313
gzxprcwjhcnx 2809819810 2478894665 8613960698 9532011119 2537882497 5480613507
emlyftmlgh 2805645729 3472423735 8189014385 6124951664 6135602408 3321411394
t 2753661779 7082007686 4926175379 4341747660 4577258977 8551934920
kpswqniwgmqefkcjyup 2738624691 5896299773 7178310117 3787556004 9502477819 4048554865
wjjlydevzmmdwwlimhk 2725827732 3287927227 9432810202 1557436940 4249736321 8453662125
uxfaaambuegeyugphjblpev 2717587501 8259732000 3358411174 7487339488 7536176496 2029203658
eexwphbmptsontgnkhujiyz 2714059105 5045170442 935355969 596280721 4384225752 8842780986
smkiorzittumelvxh 2704317485 2233131265 1308567466 329982570 4355090585 9798781504
fvtduro 2693965443 8683689422 3966190475 4142016061 4789901172 802979109
qppxwrsaqmsopbnlhirsjss 2682150896 1122496556 1608535929 5100328908 3861861573 4773281715
ymnznramjmomatbqdqwxguzdabxoif 2678874525 9410322256 8724379073 3110481877 2435374722 6706007991
iowncbracdjjyfdwhagtcqshdv 2670889260 53385363 4051352058 1319796717 2687046180 2788645033
wykivhlbjnhutsjk 2664821606 5879262966 2010203886 1291412312 7589590964 7353873053
hpezcuylqrgevvtakskrv 2662261241 9766655802 9952941628 5480508588 7786272814 9304581265
qtvk 2659126600 7581221022 7276390564 6397643974 7467085614 5600151278
ekvxcxeyosnmrqaaavjrily 2656313715 4510647478 2750243912 797132416 2330707042 4671691159
wpnahsqlhtyyltiml 2653498540 510182427 732249595 9333173223 5408080954 5955892327
crcyadmldlnaqrzylyrqtbporbowa 2650151388 6583948804 5714069725 5498144883 6231698435 9335100259
z 2647131386 1174004442 6306734437 4858474278 5964907645 9772698222
nycnicmrwjafihxomcgv 2646692323 1188533477 8783768409 294548037 5549850743 397144251
bjmkrlx 2644288284 8765298283 5831839905 6444239083 1007086360 5872086126
ki 2631911532 6236543453 9487309790 1050375380 1830797365 4685728759
iezvgskusyeloaqwslrfgglvqaqgrk 2616669464 4466590894 8228491270 6287924134 9210524591 3922271920
qfbfymvrelek 2609928240 4288245520 2385807159 2475807655 6596438547 6824105008
ludkvbzicymyqyqhfbugroffnctn 2608151398 4159575898 5968179596 6889588714 6705943693 4283005718
curikulgjwvzcnzpadwauefxe 2600835028 6544353602 7407612965 8334731112 6500762665 2276459138
vvsvy 2581807030 6149110644 8038158415 745839282 8794230525 9559999425
iaaclvr 2567261734 5840534660 3185005501 5124556948 6701835379 4861921408
jgsmwfetpjgufcmmlbxxsjvnbgmg 2562986329 2303041178 9249248681 8917950869 2961361414 6690943199
zexih 2551960499 8783434990 3244924684 6006602170 2254686116 553875308
vgzsnavxjlmmckmktmhlnoz 2543322988 1292318868 964013934 9559500785 9757367625 3732570595
qeum 2521741278 9540635777 1827514362 5106872330 908088289 9481690276
vnskubidnpgvykgt 2499754057 522791563 2499289174 1866870231 3838126574 7861862723
oixlenkfjnhvjsejtgffvhwv 2490165965 1539553338 5436597902 2349232252 4308535591 8880985941
khufieuvpq 2463372068 3888789642 5701495319 7567306344 7788635157 8719078099
bjoodrlmpxnx 2458742233 9654091520 6910078712 2351956921 8125968961 7113463923
v 2457462533 5208568187 4269141323 7407768431 1460731325 3862058043
wkoitptoqrurbnvqwsaunzfzrupy 2440814749 109145228 3031556250 2517075561 3557907063 4984400892
kywkrmkhl 2438733004 8772337650 6546333198 3350495805 3458084626 5444252057
bgitziivtfwqxhldcawdlh 2403632785 7940921329 6423681093 2525840813 1642787978 492225913
junaurfimwf 2370190618 5165334889 1973264167 924155097 2523823090 9317137278
fppbpx 2357144439 6823847363 3820997692 5131575664 3863170504 5524385786
ldpddrhtplgmzlxmtnhep 2341745708 5366936740 7691355380 6365447935 4440767632 422481031
pgscpnhx 2331259047 1566939652 8717580434 1454010692 1126605177 8635808023
yenbbdemzqzsusysumvtbhwp 2323948590 4097207507 2993294938 619407329 2914530441 1049154774
wwustcxiuouzzxblv 2314585752 993072725 6520592805 3411055157 2490468170 8661586353
iwqprhrcjkydrvo 2309562696 4956319234 6264378870 3272414081 2572030052 7437133302
da 2298158758 3471049927 9095693816 7882442918 4621446439 5892809710
srr 2290259130 8820067030 6353813000 3511350859 2080053813 880397743
psoxkrgthqfxzp 2282782036 2020626003 7255673904 1383395006 7992383835 7379831891
tzxjabaaa 2278720941 3658981731 5089651797 129454679 5155291806 5426449134
vvfreghsnlziz 2259388451 6565858009 9062784397 8574955458 5255477466 5487460247
oqstaibosvhgogdtjfqgr 2247185101 8346551908 5483381336 6136112574 5557162932 7466171537
syc 2232344875 7605347428 3957587286 4428680468 8046606856 2923667376
yswxyzujyjdntziiihzfbtdfxtpbie 2229268391 2110011249 3497580179 6611894234 7270383495 9707138032
ivxefwvzf 2220063501 5031363686 5255515637 146746762 1388890081 147587548
bj 2207903303 1137967347 3138595571 8781180285 649633927 5575619872
r 2201262512 4832289026 8698097752 2881734910 3009307061 6859572165
ltsnzmocaoojuvyyfksyzex 2193290674 4567495015 2938527842 7615605335 2324936228 3170980024
zjb 2185326146 1674259196 8562720863 7748185068 7128905628 9304521389
nrgtsmwczpamjasifeecvpefud 2169881081 962974476 5827389127 6232509724 3236078749 1483659662
xtswcprbrjusrpebeaud 2165383803 6836986693 5931263196 4883593119 6922775787 1516375730
tlvjrafvxjvxalmxxluubznrlcs 2162948845 2994191992 6471374100 4971246860 4310415334 9730535930
nnuvzxrpspoqcpqpsbzmbm 2157478120 9800995077 9074440656 881964814 1543978254 3039303093
zfbduxjufbljfexcdlvdvgcmpc 2154682388 8541537759 8963458203 6095302342 8766004970 8078076461
vogsgzpgweqkgilhb 2152047926 5288700338 6130164074 2283400751 8503545734 6332175539
dvccby 2142833112 2612354800 1921692951 2524655106 6532988452 4752820989
miadqbplixuxasoqtfkzngdqs 2141614502 7457635717 2729558026 8712459129 8763711555 3861695340
gqoprsncdm 2134974221 883839659 3094612917 7248994099 5241577952 2148421554
gfytcfhpwpapnwdsvhjxiqitfsmiin 2119729721 8180865384 2075779035 9827092996 9717184584 105134406
aijtvorwvzlmc 2112938867 405426076 2349353436 4093917051 7512582631 1547920793
aiwxaifovzrwowvdba 2103657043 699661309 4041474057 1230558886 6440303400 3504039517
frtsnvjepzriejjzixq 2093831041 88640958 5541194739 766785697 3381242009 2519964160
lorzeaxqzllromzwhb 2058052954 2007776634 6570658454 7340311652 4249497415 2389889616
bnww 2048281853 6768052778 8572644715 2512050751 6539258544 9957348298
rfaugczwfnuyiorhqumctbgfcwcm 2047949906 5169858309 1601364891 8307921535 1981115902 1550939558
bskoklobpcgubjpekchutbi 2034650983 9557238086 8145024477 793759837 7462839924 507732733
icupjng 2031206014 1143248545 7162039620 1597350718 7859606905 4583079019
ltmrsbyuliuywxzssnfs 2030645358 2093811703 5831752531 4474754644 3525302501 8792107754
jjuxqftbzgclgbnluymfqjv 2028794485 8238774871 882029139 2149249343 4973664608 1544881654
yafcajozpzpvbxtxe 1996916914 1655709550 1479551533 802121316 2521664452 1040857963
qhuweqyavwk 1995616438 7869597885 7672031667 9102129933 6177646373 5259303100
tnmamnbymcti 1962330042 9501480167 7126612030 8944062880 8781942687 6009895503
iktguxelikxxpufnbdoqp 1950803840 9255152898 7161151869 6668217795 9321635599 6868340313
fazrsneezljvwxbvaz 1919148365 751404960 9517941480 7293192089 3072314909 9312315495
uliyvgxmw 1908768816 9835556083 1838769414 8777673534 9803117620 9540177284
up 1900926619 2142057501 7546261408 8292943284 9452939388 6651169498
frfosjixnfybpyfog 1895555236 1182122756 7298131605 4405696715 354436579 7186153828
ptiixytoyzlcnyjzyewamai 1894919953 5970437496 2250584093 9880047789 8617664907 3819531046
gjvimuiap 1888140704 6385405456 5973237094 8567735090 9232024661 3492126085
vfjmaedybthvtoxtmkqowdzihrlsey 1879485090 6343820938 2095107949 76518309 1316017848 2467476304
ifimnucjvrxbqmsdayuveoldtames 1869401491 8632495744 7786941045 1137112778 6819984075 4231448725
zfsoljoaxtheofylxgyjtzjh 1866175850 5506568793 8076716455 9724261064 7342013678 3938311118
bprhndmtsbiammwfroqxgyvpmoeaeb 1844925024 1747730015 2769406190 5735246653 8012734262 2745251230
sdqjkasxvipzomekjdzaxvhyr 1829433652 3796826820 145735786 7441803448 3869616430 2270554088
pzpsjhnn 1783251429 7161121318 8895466301 2281881908 8385400194 9918224418
iy 1783111563 6204489012 9240019618 3643347158 5879356582 7936133453
nswhmfxxxfnaurntuifnllwypwbjcs 1771987166 2412160905 6844849914 7719896930 377079398 8578869661
jeeojzukscua 1769305410 9857865992 1931364766 3290963354 4175785126 6571688882
ifdzrjcrtzlnlclcouspiarvplqwrd 1742593343 425141360 3607566955 2469379991 1683960905 8365746981
nlfhiehlsxuqrggbvbeufjtpdlcc 1725163561 5180101888 8364255406 2225909280 4480080692 104738516
liadexs 1719907219 8000531937 5499700582 2121564680 2811709451 4146103266
wwdj 1711543026 8106798704 411650091 7063347032 6896772754 2491632073
skuwgxnsnurufioiblpilfjil 1697122684 1937923853 2934892199 182553061 4878702212 8987997927
znvf 1696812712 5268634095 5399223625 4444576765 3436137647 1919784535
bckyq 1695583606 354811047 2667473522 3444497437 5587113682 7229347741
bquvsfyyogzwvhzz 1692660084 2043524052 97384282 9551252702 378552151 874140618
tgmhtfbpaiqxzkwweqhtxsxdnzmpgi 1690882468 2713060424 973699256 3111712628 7501076375 8095131167
kheubwa 1685401800 9995040695 2854950470 4088510032 9332995319 2216657286
jdsaqlueuemdxqxwtqxpd 1656435655 7393698081 6787444691 4049364711 6654568728 4139686118
qdqgylaqrjhfbspder 1652956374 7015423351 4555122413 5095243175 8890724204 6077180348
iobakmdwtikrannd 1645449925 9024477619 9664647530 7686266472 7044111860 6897092595
egwesvcoowcnsfedcgf 1601818556 2059432099 6178026668 398338120 7832525821 2469709726
s 1596673005 5410422578 5519670844 2142092347 8549409570 7875096857
iw 1593501693 914067359 7948100048 1148572231 6588628210 502830492
ottpxapbwhutcchmwvceaejk 1584778882 5492867588 4790970496 5948061485 3419563429 7822759263
gghyudnpmxtkhxtgddgk 1559056126 4531095387 7248633277 2295470611 518605459 1719833779
pdhibcqusqt 1542153222 9132165933 6236098529 8584669585 8729527424 2083132740
xekjgtouatpypuxaclhjzn 1537823662 6320286193 9172911420 5101319737 5541007968 1169062586
gumiejjxotmefhzvuaujuxlpxwaukq 1534048699 2054834272 2317337316 855592637 3720716905 5954350817
eoaeugfuyinhyfqdwljekkrvrhyqde 1532563835 1138817820 8353631803 2117888674 1673716944 7235235761
oowuavrwgdterzeypikrxainu 1524787616 3180096008 7405455223 2448971767 1892902650 9608402743
tlavy 1519408457 2577058747 1466161413 1468091436 9435138392 3267156788
qdlemrupqmtoukhsfylqkg 1518404530 2371901513 967527360 4974115014 9956123856 9925577169
a 1507830484 1376369491 6582825040 9809658935 7911626845 3837462116
jjdydhx 1486244478 384746368 1082524369 2837735314 1547196198 1262245094
ldxdsbhjjqlcqvrozjbfsguqkeop 1482309578 501791804 5589148296 1672589409 9369817560 5467083611
edqxvsgmgp 1478931026 5988081618 1601322962 9946998422 4171890508 3719745267
zfmcgqdyvyaluw 1472809333 5843530758 7637627807 4690719857 1722814473 2009516557
zyw 1452188993 7964683195 829234188 6778433932 9200029533 2092745719
tsdsktxknmk 1449228375 6377562822 4051416122 6815292798 8793796327 7090555109
tqemhsqpslnjynozuiopkg 1435378032 4523139287 4457517703 579837527 6175623431 4991383146
bbfmokgxevndnrn 1421880251 4588855973 3208333681 2195772594 9695212566 4597054650
ifdpimfvrkhgvkerggdmjyhpv 1413769928 9666729456 6180683685 1331800028 1891317260 3859242732
mtigia 1408531041 630772832 5969039169 4614128764 7616842631 7621030622
wldchwzugasgjdzukhrkokcqmsipm 1401617444 238597780 1916279626 3097593867 9615269934 6229576401
roeaco 1396265930 8700892779 1032945185 8968314631 8715557051 8306602342
ccvkuk 1387444557 53691617 9513087755 2667530593 205602063 2621665022
ldjjzeewsbmnoqyjcdgbgd 1376890182 8901112029 4455529842 4600385842 5684697301 2122714490
wpoggkrgyxzxudtczpijkwqqd 1374339512 4979677288 1870391516 1590749907 2487202805 4575693753
lruuvrs 1370878827 8867996880 7047343809 1238106790 4903845109 1782302174
vvkjbzcmvjhuesolgt 1339324180 4756352060 6852341953 8176235733 7662819435 6006265804
kftwiuefc 1309646814 7261392956 3947528519 1303172866 2264776625 2543691150
vrqwchsbshq 1287590686 8838602894 7559462054 8264619992 1657624497 7723438184
yacqkvaelhip 1286018451 967861592 568383025 4187655026 6615860909 747202424
puvxthocqquadmb 1276829479 71320474 5576768940 7239696956 834943459 2066695449
exhzmerbfljetdtrnlvxma 1274502160 3490225720 3908762952 4515994519 3764572629 5259702382
dsszeehzxjmibtambkefpkallcl 1263037820 5250657890 4949906139 9410144752 3052536274 4307036357
fdrrvyovvr 1258282925 9788012759 2689836844 5561471086 2993478927 4486157968
bzfuwvkjlmubfnxqvntmoqaowuhah 1248420600 976987818 9489123908 6350068498 4047955406 7572716331
gugknkiwxt 1239159106 4323248433 6677799910 5264659997 8909495685 4923254233
txcztkrvtnwhgzvirclfxi 1230787148 2066666617 1152289200 4977483388 2032664707 2144212858
azjpowmhh 1206923913 5314651553 1131979706 3686281427 7971232013 8206022555
bgsvbcxkmodaufxj 1204150694 3304718198 1011298689 337574225 228634188 3838083597
mptkbchndibjtxgc 1203842515 7338295131 913585114 1646597926 3609411486 5090728013
rcstg 1173703919 1542575815 4447754043 8867968398 3596042433 3878825937
zyndfusajknk 1171912595 1155701259 3063863893 6544219303 5111911516 5128606470
xetundufwaqcnodyyfg 1132517473 4021182292 5656192140 105363508 6109017620 670934535
xnlccwuvxvnurnhrtysrxkjn 1130115586 911044847 599935835 8876807568 9777448776 6420628292
kneqxcmqdawvibeqxigwjvkfg 1127818902 8178816352 2593061063 1623525969 8359771907 5484100952
lxmjbjtlcsyvnxwlsbfhary 1119872563 2585860720 9540228437 1057995522 13615908 6996800984
hvjwuqc 1084651911 405796036 941045766 1375173559 5711364765 1313428881
yaiabvqfnpvhpplriwbuqbksmpci 1084215374 1202580139 420775186 7054695594 9668867665 9131069633
mvrhithunjrnvgcxfxsmqijovxifgp 1075803623 5445908924 4349416494 3656493452 7014778267 2506362193
lupanwzimixemcrxcxxvb 1067820036 6334782699 2182358025 6292232519 1188310405 9920999735
qygsd 1050842644 8555626297 3666364999 2620986761 8461037709 4530504982
wujjxilaooejqcvz 1044368870 6836422118 7496453856 774218943 2134660284 3934643334
nmbtbehifpdgdz 1024438295 3157240537 165350497 4127917125 5389259267 5537360688
sdyzjlnktb 1018052154 3827543263 904093690 1756660637 7210069720 9197829733
qynimqsimtkxwkywqnlkez 1014997655 1407291648 5316979537 62747517 855181642 4815580221
ndteshrxktxlckreyuvnpdswcpjrti 1011993782 212797495 1121353223 6847461384 3647612968 6536322507
qwzepqspluvaqikbvihpjdw 1004103046 5951459668 5408872491 191049345 4602888481 5380174994
iwfbspzomesnjbmamvuaawpsurmdn 1001720293 9161714587 4825541285 856079183 5650499406 8497003617
qwcoyuzbjhspsmpujkgwdkm 982894155 6507870070 8651461818 9020906006 5768041351 3922162813
shjkvckepdwimnpjtyz 981065067 3958953841 6307109002 2438991091 7432657999 8747615380
xk 975931083 8693898620 3125815951 9159442947 3949282250 8092233448
boholvlmfdilfpemxbhitayrdus 959699738 6637473290 9292944383 8142196283 5403243657 5115712035
dsckhqaotwlouqnbnrluchrmlnxfq 956247381 3452965154 9543024524 455270615 4584059156 301914549
bauusovhkrtphjbbqaaui 949627762 1016854607 5279087068 536507169 6977151142 7286418556
gdmggsgngmyspkbkrahkwx 949242549 4617663487 2735056040 8657873919 2631397412 2603305936
bwkiwicwshhdtpgveorhdm 947106489 8914349167 7165526651 2491764893 1475026583 1171260967
dlvbksnchcjgjinpgpy 946641946 4292396476 9481454042 1424639706 4185386731 7615698522
zniqcumwiswdnjxpd 932286452 6613216740 637836039 7898653322 679478129 516876978
orygsftjljcytybcdbmxvycro 926750352 9411973211 8090356113 8910146904 9696301553 3367937270
alitaijvgcgpnskawdkn 924896155 9629806693 3301835864 8890071209 6031193405 5532486283
nuvbavuepjnktbddptbhibdrybs 910429655 3348148892 7057651543 9687841130 37285366 9791589719
byncpocclvhiyvpvbxdfyut 905240395 2484006065 6759470964 7608370439 2833931597 6994513875
omtww 861349297 8437611234 8242490758 3046252075 630591055 8606048399
pzscgxzxqsxswmjdoq 859316671 9470201180 925946075 2527725959 6870065264 6959755638
nehifky 858829552 5606233299 9249352359 3885404736 2273680014 5881961486
bbbatfzrkdyffazjvfkz 858402028 2369528471 8152117322 745060593 7655939054 3445204288
hfmxz 856864337 4877506803 5691120948 1335699907 5201529778 1936281671
aodbktizcsqjembwlluncophjnc 856347246 8925685644 7337572449 7459179887 6635191194 8914837812
mectcwolxfyjtylnjfcqazjh 839042240 9849988597 3550590442 6202608659 3060082032 4656065422
bnzpbzkvuytjauslicnxultfotgzjw 829204224 2676917833 3649637287 7421522965 8481960104 1244438783
jbyoqqifeqfrtxx 827432331 8160427541 2715335571 9191562527 44043027 9939668513
vkejm 821178751 7152810356 718834964 1708728359 8518637580 804656913
uffraqodhunxvyrdjcnhhee 814649530 7155960579 8269665690 2959229728 2025489761 8864746275
mxmtgujwey 814235124 4001196819 1083337053 6300734447 1807066949 781179183
vmrlrijsdaohmkibaftfvexqs 813074880 4912266472 5901126631 2224199443 5953910188 1596303251
zeulfvmrtmbxyhicrybrne 809745650 668481452 1308944144 1661754108 1336477829 3893781104
enkkulm 809007259 3356130260 5871924115 445826644 4036069804 7621706055
pzuspoxrregpwibyoogplgiuch 800023308 6008112721 3511387743 44080802 539783686 8389754163
kamznpwrph 783889515 6902553840 694187513 6312570915 5807288919 205086645
fesdlyxnvoh 782583110 4930223040 6117789108 1573276493 6078290431 1368968803
gdbuscuknjy 782409362 9334881257 1152909325 8715715002 2389712233 8258723351
ojkxguxkfgvgoeidp 779560112 561797808 4247275172 1105870213 6986199165 5959645957
rgjfrsndofbezchihjpyfigmnhow 747182673 1098260651 1419111991 8737782729 2828188645 5326466355
zxzfpsj 718905916 7537968430 8459274784 3582112980 7127123582 9239270060
hdkhona 716685288 76535133 6602105483 4959562082 4995782 6897721981
fwzhv 705645972 29757922 5187962412 2814108764 887282203 4444268472
drzdbcfc 696479702 8068032407 450496863 6271924384 9108620327 6653311300
vdhnspjqrfqkf 692317367 9304718729 1490507003 1209003217 4856643632 7063111966
xz 689627486 1997313251 1088136334 7509939434 9106628857 5284606036
rogcdurrejzffxxjwthurukubg 687610609 293507107 4793624464 4110483145 97951391 3687307046
omdgnypyctsmfmkyknsoirp 644840731 5741213229 4847977349 1939487179 5270052636 5307883348
fbzppyrjohjq 639001340 4573359508 9479034537 6412310710 2670555040 3064084042
uxugooylepnypmgopziwphpjrrwlse 625747742 8771300966 4274953090 9894937362 2851389768 3974086918
ncnuwopoctkxgzz 612450954 3368260962 3404850250 1810894331 9742780660 1395339546
nodu 608348114 2713663433 6412674821 215131634 823399281 6482797527
dzx 605114806 8857833999 7906284982 9479497534 2998990337 8242683658
scmoz 595720406 51596371 3490255058 9235499400 1989906597 7132889761
rtiov 595137079 9101906367 3751581083 4145101167 4542031280 3256347877
mnitip 589426079 1474201596 4534871619 9796205168 4532074954 3062283373
epcmgvpggjpphhbgiudtfccol 588910489 9468867894 8732894850 2377721499 8558846428 2551429240
flcbsbzdjlcuyzwrufxxzkaaxgqhw 582885261 7971788044 7890103095 8396387454 853503326 3690334432
rwbtvznnuupenvfkz 578154881 7648075901 2371013162 2319967968 6076434218 3468656435
rpvtqvauysfns 575984090 3416929260 7806654198 4531155006 6670099753 5381830881
apsflq 571659369 9073777418 3963610911 8122136464 4901070366 3900271307
itkfqvivovxnmtypmfvf 564027710 8574531354 7594002315 3944676667 4835313734 460311824
goq 525570118 5635057435 9294794935 8572214364 2508206818 7478893664
yiuv 524219863 9829434256 3745718064 7360391247 4080226551 371442889
kqvawtnkalbhyofdrgoxhfoynsoup 516766234 6308578622 1598006127 691083045 6693744261 9867832714
lzesqwsjezuknrxzzmouwmys 509056044 8922685401 7219787843 3533723201 2461732432 6498261063
yjqndykija 507949813 6991281644 2255408046 5479784626 9167903064 663696070
ybgltnzmzzyqpehdnqlbodqnelj 507279365 8825865518 401783853 7115336130 2761359518 8123891753
bmnpkgmxp 501130606 3956755851 7033712066 5476931692 2169553357 9131993407
ghbokkheuwgmvjcrrtfnarrqflma 456368355 3080509414 4739477184 9162566964 5548964077 2239724262
imtowaenavtxsdupqqfyziqye 434656619 2689155251 6056884077 6324808436 5872918230 9653502114
ohmmqbhvmlsssfmawtkblrnov 409076721 7410190444 3342555057 4470894337 9997047 6033714511
uustyfngfrkettrebnjqceugkfbh 400372188 6334846268 8289928924 9783440030 7023516586 1744036645
ihmbwwqggccmwzfxa 395263777 3702385754 8485182516 3191620482 9112295457 5804016377
mgjwsnwdau 367945624 340403256 8505022601 5302919812 3164643827 2555516531
ponxznblnqsldfycotxvmlonx 355089500 9644432852 1107557546 4306316607 7090902644 8685372235
etrohgydckaiashymp 327422035 2917468413 8790077129 3989854173 9039275693 7282907280
rxlmjrsglgd 320091502 8672973495 5217937729 9680241197 3465785781 8754561737
clhy 310048080 5200978637 6398756693 3154636220 6762064285 4563271477
tfdcey 307746428 6204726561 6814695160 9628584726 7758842683 1741177781
rayfsbhi 307028533 6144033019 4003304360 6295652171 5276662026 76274546
tobla 305059049 20323591 9524086325 1418677795 1836941111 2960143074
oznlvgmzorklepciypyrwvrduckq 293741101 6145374440 5632456153 7381894187 6626685207 5947135343
addyhhbmmfb 291572634 8398898481 8237784899 9494874262 7984390585 2369192156
sxpjxvlsjhbtsxkyrnemur 269656259 6540408376 1868176900 3716725864 4980942308 2424379548
ekyuprkirtwkbtkycjizxp 253028052 9765472915 3743334093 9151825786 9906407732 8456921633
iwxjeizxroyvykjvlzzg 252816428 7994341388 7963045216 6000040912 4560903318 4291602820
asweygasejsqhtkd 249719130 7683702530 2939229294 4529421355 118064988 2144757652
uscgddjswplwgkgkirfxhfhwcjqy 241090167 9120954448 2075324568 6748196840 5417689615 449900731
tvshffxxqmupgjuoolenffsof 237490287 8890470407 2874288776 7446205139 5280541131 728286976
czuxbltfjaaoqmdaltyugjgczphl 232506385 3466861044 7718639013 943628145 5216976940 4836616538
jgqfghnamgnptstelzsxzhdtdamjgr 198887743 204152424 5815037475 7918663096 1283235672 3382441352
jg 189040427 3691102983 5442683705 7261209440 2189199525 6761817625
zoymwi 174551781 2952187310 9200415106 2301165891 3453033422 9571768098
ezlmqebyo 166253669 2593608692 657068088 3177520389 3527730340 2181135002
rtbydemlthqv 165177876 9270640023 7947363234 9354235629 7441375641 8955076879
iylzcerke 153157261 8160859952 3523875324 3123900598 4455144413 5601295530
mpcttcqaubbcojhgwocmic 145502342 9083356083 1975574891 5621517349 8902145860 2140964142
ejwmilyo 135259503 7092988257 8647386567 300229300 8323072959 4799873314
dgejkbkjsdiydlyowsl 105940605 2701249233 5120007699 3409965214 5763789021 4217528003
mvcgmuuobo 96291958 4047440645 9390277800 6551658807 4233560960 1312167685
aesxzomczjlvruujsirunwap 96003201 2320053956 7247566970 4148371121 3346469604 2077800889
ptaje 94238616 5148909177 1903017384 605914275 9696074127 370380654
wwoavz 84971761 1669329374 4416284370 7471601918 9541221285 9429783200
bjexavf 74971482 6000935664 9127725469 948403083 9539632174 9692843962
duxnhmswdibmc 62146065 6794239860 8511415274 3801410143 1271985703 7843196183
rlkpwtntkbfjwmxpclmcmwzjyd 61015689 23367717 1722875720 618296561 4452543730 2844699717
dulusnhqjuuylkbphwavg 59681625 8972240343 5610475991 1521203036 5602450839 3057957389
mfkrgyzdsihvffopotr 53089947 5027918693 2627979552 9080070612 658371029 7322449763
aigaaezliticxfjulp 22496287 329213342 8104566943 4343292796 4398513159 6463951921
