1000 680
cykxokm 6860827220 8250457145 4993704778 4354791576 849234920 8037926823
armmazpxvdrwbyedpiht 4299931898 6561226695 3721689448 1452066552 5329700652 6910058237
fb 5046035175 1024014109 4425292781 2696554632 5883657850 8068987641
vkyczermbfdvwvy 9594636809 9597348426 4160286094 2745400357 9924585742 4932375948
mcebxhrmtdhxzsqeabwzpb 9606808021 8208908114 7994541103 6846852888 5601954220 8236698323
tybbmlzpiyksknrfdgdfxzfdlis 478715623 6215352299 5414709418 128962261 2447592190 6907937973
sitkovushjzbjsydiqxsawvzp 3322831924 2438640929 9013907873 9208695157 6874876439 137168772
ioibjiimlobaeefclvx 3915747925 639897260 5166630719 8193084650 8389111136 8220429478
wtihaebqhoxlzvqkxxzvy 9418892366 8222017181 5254563016 6274990974 6372027118 1860694811
feapkuorputgu 2527369491 4310976482 2053767917 8824267928 8057757601 192839936
jb 3330225015 7225375060 1717727754 4869122855 7316098772 8665024930
gxdrvqbtwbdungbbzayowap 4473097852 6245232917 4198597505 849500871 4314230131 1445433671
u 7320581958 6044146615 7466155414 8670413165 5471970089 4544020913
oufyxkiysturvpea 9558577348 2132175956 6254456403 8523055881 5508501643 6135903357
nqkrtfgahfxcfhjl 6113108576 3117492628 8753002769 7278812231 2169428683 8406010983
vvckunrvpxmau 166906354 6948934215 3343972650 8068105045 4509931072 9832129372
mzmnjolnardoyzhbpzftjzylhhgv 3422645775 7933902644 7570097715 7973537605 6699299070 382763743
uhrxnelylzgpzobillknjdgqozeia 304981697 4090061898 7618278274 8604636499 7229648602 2293367642
cnatjxjeipqfmdgpgfipmsu 9444076919 8107288081 5059878920 9158275413 3401278813 1534166242
olswthuxvvgklexkku 4191552682 3159310999 8956475639 6851794200 9981832951 5898571024
vommexacuisbpmvvcczxvggkj 7954871169 8272236945 2995049208 4260951056 177791177 3895317108
pmrovgldnlpllsmvtltxblzyqomrt 7385951122 8658173530 5553342009 3986904900 4415263439 8860945523
jkyxghiuiwqydtrq 8730969883 9053740524 3727246634 5568964765 5021690405 7431892781
mu 8466222346 2831382989 2809275822 7975095449 1568801771 3705728663
penuspuaytajykoqxmalf 6453700128 4610845503 9640807367 9131178860 5436659308 6026287139
jbxlghhnpxdw 7712653269 7892463991 39998573 5552545951 2864210962 3763573967
jewdeslipeglhxjjriplaxgwmgqtzb 1201395523 3435317479 7219956668 4445833645 2357662633 6111157819
spgxrncnrhzlwfltowt 1137453877 5752797134 4064548995 4853061311 5547000404 3644808438
nwlcjipkgwmynuqc 7972934995 9205553162 8347529949 6178958336 5344832445 8998662899
b 3523621161 7215571106 6708613938 2411790349 3220739311 3810227851
unsufyyumbnmhiha 3481417198 6552610270 2400594307 9620740740 9427677206 1322804406
kyhgp 2895771674 7371371092 9676262677 6961555909 8692552206 4441981070
jjwvauldmliocqnzkirfsmuowegy 7684704880 589370136 7093104373 6987697129 6017522560 7318940442
aysmnbytwtwsoxgablghpaceguryr 1043001153 9645054991 5096662810 7056403835 6357274964 9843484857
smpwjtbaxhkbsopen 5185594908 8985485922 3837992355 8016388494 784607128 1908663300
hvqhvotesicgakbdtsjrmqjyfqwbjg 348594034 7593949353 3343374195 113619738 4795014195 1560205305
cbiwwbh 7737876689 1239910817 4660856160 5569810672 312271881 4739890787
pqbabrljb 6253666484 1145295164 1452330313 6959599237 7141618618 6313528146
jizgvecnvioklycjsuyreihs 3635564444 1609442109 2394679846 5190479048 6694197837 2451146163
ulgonpmmlk 7191601829 2486261172 5630634081 8396602164 7113840881 3677832725
cihstoiypprlljc 2741100886 9895857191 4019780183 6684621554 5031663305 9485654712
sdtsvsowmgvhs 9777389280 6282731402 9951810946 8676560183 2330725183 8206276237
vjreexdqrdmzjsrlbxmcyxncir 7324345602 7975854587 8585444642 5909779024 3016304598 6775015585
qjpsrjapfsofgd 6420758615 9303467649 374176421 5074747040 3770030591 1423682680
sauotyr 8737678963 9577161745 6159485059 5963509829 4449883904 2543855783
zpxcpafbgsezpfgue 5354253864 5864136932 8697490562 3000261939 833261065 755325089
gegte 8243565351 6360803120 2699204540 8933778304 9656078916 356011687
uuzylvjpvdxlqtgfjtrxyixgz 9327165920 7781082438 4989089941 2261920249 5565138299 5048275123
vrzdzqqrtxavnskephr 7039438338 4863669277 7622035275 2272003357 5280329302 6329416550
qzmxycbmxmdvfegpviiifigfei 8913502187 737611231 9364200189 2227277533 7083121752 9867392331
tucgjashrkrhexqgodhwwiq 5690782489 6287164513 6176370059 7687631802 3952287199 191029990
rzpjea 9516943262 3115958554 4796150939 1669166983 8219844931 210906610
reccehlcjwptqsyywlc 6786804729 4486852266 7472882480 5238491360 701434635 3524766111
xnvlervunkm 7727995825 8435980969 1860728113 3088256185 766099495 3690948563
jvbksv 6674103504 6824659445 1233887921 1004069323 7869951044 3184532614
qocwccgvjcehlke 2698321447 8567024054 3984912365 1231783648 3524270516 3562260741
oglflqegmpw 2602257619 7789340921 1953069283 3379253925 3557920524 8401127777
zcwgzswb 1644485128 1842293458 7873778644 1397763633 8641886897 8257726788
semhhpafxyxvzyhsjx 531275481 6472541468 8230153999 613964812 364496053 6605882052
yrbteoxbesaqccwpmnzkoqk 5478132236 8105458084 8330328913 4920597488 6392216600 2302235717
grhzzzmdjtfwjhnznezkblpnlmkk 6204357617 6106942501 7554896020 749491735 1354641648 5425573480
dktftppfamqxgozcjtbqqhkcrbkzt 881869877 1557095667 9661565283 6978168605 6703606548 2626792596
ejcsqt 7880444217 6929613478 2761980203 4565248516 8784597891 6672287414
zaqysvvmslmbpqkncyg 8909889417 2043991339 7280113070 5542133066 7311527455 4392681236
wuffptrbjumbutwhenukvln 3349531988 2627829605 5763235967 2550043502 8160226870 2458529999
diagglzmtflvxihzcllfgjpytmsn 7389643168 6147179549 2964223195 9912266146 3417051410 1460867269
ciytxtjubarzzhcuqzkebllwcn 6519763917 5556263056 6985805928 8249852700 5680910892 3812045590
wsvalicrzdwgnomdxqjoszm 5035639522 1075020718 5530003567 2832361915 2182757525 8604729415
ysmugxeukjlrxaymnacvwa 9968806793 6783590603 5204689126 2619480650 1037693799 8346429693
ndkfry 9258700119 6955486639 5398232502 1679322575 7281823780 5464589191
udrsrwvfiax 9393049212 3833200580 2155338618 7218375851 9887868480 5662770299
uiklyqkrsspoxbdoeifbilbrt 7163777587 6647224676 6704139463 1648717401 4038330670 6080407582
lvszibmjmmn 3866672582 1726828996 9446758620 8241264419 1119231886 7214188781
dmyanerilq 176705276 6651857221 4202037233 7229231518 4456564754 2614400294
bnwwvxllseltteqz 2238651950 1621588600 1867815182 8462154900 3245743011 1359293477
svtvtimpmtti 7125012102 8110367933 4257720481 7565062388 3634382322 7588221121
rhxnsjigsomtkbuycshfsodwrzkjm 849272442 5949996153 1189239753 195654571 1942335234 4262202383
refrhbnubmusi 8420201730 3204311290 9700047348 6549467202 4690452424 5609746859
cpdztgnzhcyzd 1038754464 9529251212 8011065474 9342432687 6830150493 3165925334
hhtplztizbxrzypnwb 5248664929 9557980337 7219148098 9674300467 8407466601 3152393527
vvfejoxjpzqndmgfpx 6649096892 2600147562 6090009133 8486055823 164477192 372544044
zwysehihtzct 2375650530 3450548769 3352212765 6779524223 6303168094 3475280457
bxhso 1886266604 4187650375 3903571873 5846305982 3056190709 4007763882
dnbgiqtyxtrycmjafumeihfasyhhy 1301497695 1797601587 888829722 2903314830 1788322410 3235451054
htolygswh 8513376599 2544309363 1967399657 6669491730 6273511421 5329055594
pzxbjyhlqkhzeaflvva 2081588708 2949357911 1756357332 8427528136 3455507340 7743749001
fbeteypbwepqdtty 8386509369 3744314082 1619708625 4349144912 2524407223 1955739872
xcpecywwevakizryydefylxrsvz 7131249497 7378274465 5111836506 4644925495 7364880039 3153840381
zaeabhwpegpurvqxrmeo 2823358507 9740144320 1621350031 220890710 5410989199 1956018734
msrzunlbvjosmfusoailemtd 8784094402 1291618232 470455194 1743709262 1452829754 6149261688
ctyskbnmixexq 4210879809 3375409097 2992347932 3563168744 6975757282 5220084157
idumjdodsseekjqo 4257072862 9104978489 5241600632 3011548276 4886700885 4906264342
vqvjqt 7611653153 9966600502 15516927 6860872528 925577567 5980090384
rr 6997742121 4550585354 4022046357 1805421607 8323533658 9260618330
swpzbyydfjjeto 919678775 3123140980 6285024698 5851866414 2222776898 3706904238
tsaistcak 2149058546 4969688666 3411840169 6515247021 7603032182 3094426340
ghgndlfrqk 1344840782 6469233850 9062536587 9276726103 5773769363 8920194164
hwfxdhtc 6064241477 9051145198 971968907 3368398768 3414741227 7984390641
as 3671291466 2862670921 3025841329 9589949665 7424131210 5692561239
zzbc 5439033647 4928747737 233899335 7478864991 2926671065 4115868994
abm 1838523203 8574892583 5754621827 3166259453 9385069356 3810051460
nrk 700942649 3137726641 5399602242 9038931777 6247384974 2367440252
iglbehivcececxdphvwnqs 9934908715 1703236805 1995305183 6748525909 9569734147 670530145
biqnvrjjdpf 804821012 7456239516 9536690403 3982921589 915818898 308595480
tkmzaqwxvlanccoobvxaygbyo 1672011031 1830447394 1881685333 6034216122 108846575 6058044211
uiagsluhmu 2531397510 6120557749 8676806873 6821658149 1372878740 4628563476
frmdeyecjqg 8823975141 1628166153 9860283554 2385177254 4543628892 1925433269
dhzllfzwfifqmpuffobunm 6770150013 6303050586 1266427559 7652964578 7566117428 3227159340
hhlclfyodr 8969830472 720257555 6079173497 4670941064 5860037265 4249092204
mkekstrdnbpbq 7090164971 6079954494 7897746445 5597648345 7473565420 1848950496
pwzh 1167552485 7678468446 446264096 5218636485 8631813552 4888934614
hvtkbyzltnjcghacxxtukofyo 2162402401 391308774 163335584 7092062719 2405053136 2729912336
xhygjumnjnqbijimzpnvtmgz 4917239833 7517060534 1447800716 1742985363 8080891159 8193235010
diynrdsibfupwplksqdsdnsw 3294045378 708329663 9831782540 9587477218 1449125214 6251143422
tlbcigsmiy 2936786588 9484692604 7140108934 967742465 6842200624 9832182365
jck 1470382663 2273883224 332526122 9263129039 2380917693 1057098146
raqbacbgkfxrunfwvjbcyqivdea 1876941784 3320972029 4487370113 4425337723 6635941417 4025606028
czecwzoyupvyyzjhweachjydlp 4871934669 7869608558 1766627371 5353969244 731133152 3496185426
pmivwiez 7143661748 1451740047 5415488786 2634367472 6903897722 9949484848
idhxdoqqck 7844302620 3088637513 8326224789 3625758414 6538509929 3579475865
amfpxlccxjjtoyenrczjopncbu 8474180121 9841282620 3586868299 504967724 5757393081 8662484684
wplvxjivvmnwaplpxjcttm 5745483209 5055739727 3108943365 7399302806 9567955255 1928643081
bh 1829235488 1401319023 4973186322 4410001105 312997632 8387912337
fefxvwbzgoabiazipdlnfxnjutb 6980161119 4437120745 9854538981 6332271521 8473770274 397165385
angpjknzqgtii 517407594 2975740239 7813022435 9885371547 3658111052 8418117001
vpowoutugkxrrtikrkyns 3852748004 9419987084 4109576029 911163894 7522166363 8199194668
kiudpkzlcgjejrg 4258537092 9976727279 3488453522 8385678267 4292064472 277506094
ddrslgyolxjzeritkzmztgz 7630715785 117382744 7741953431 4287649508 6059532262 5468398528
pvursoed 9121711227 1742006977 9239506998 1921805666 929400884 9086987383
uoreprsrvkqntqutngb 407025503 2566693535 580607969 2712633527 922682624 7194467208
jvprqokpjqbnneiwska 3939317939 5614652866 6457614110 5744940408 1030503239 8316787258
mphanubkzxr 6985224637 3140605968 1246740308 1378047065 434580487 2447866430
jevedrkubzxcuwmigmmmjvzflkgh 9902186393 8615973999 4558987093 1516896166 5340764677 7296235336
mnupeuyoxxywikxsfjoos 4083052731 6777199262 5971423348 3970499765 513791905 6703814633
yqrbgmobhnvbnwapslacwkhfp 9581843930 2388676944 136094577 6619515538 3073000610 2968250901
bupithisvjxtvqi 1660153261 5961235278 9360472197 1672573522 8748201025 8914346854
ums 9604442575 9831625971 4220186231 9406312541 3158824229 5432898703
vxfwvmbbiyilkaxrzmfrpkdnyhnc 2122765093 1851607532 4670965088 716678117 1043271177 9752719336
zinqnwvonqzsvodohgjytdbsvktp 7616913199 529169938 7060076118 5287406251 6223225097 818532292
vmluqkewsftnrrmmctuchtvxasmz 7543027509 4350298103 3204824663 6903026294 7652413035 3167304066
ihpi 9039431696 6697139748 9832165942 4564190855 9602594551 4950674667
viddezxfnrzfxnlvbpa 2852794318 4246080519 2903380722 737431573 1031778226 32507927
zalafvhnsrjlppaexdszsnvmzjolz 2389290066 1924266638 6143948992 9893072236 3829973633 7157933590
dwpxmgiwvtliwaxecganbclzpj 4231627786 7841600679 5142857552 8026268029 7034067625 272143547
wjfxallzsscnbm 3689783808 1481907017 3078004924 9157997605 3552299102 5360884659
wbiripcgaywfdxqoti 6605900788 2685356142 6084234952 7885075028 3465706214 8356069937
gfdqgeowmelnfxp 643741776 5406606286 1845762157 8369394233 8822950791 1333998811
stahponhxxd 2310703626 2180485973 4721959148 3173930503 5979003830 6533812911
hp 5854840963 3929165871 1880065154 8982516997 4128911691 8712330611
uxlgutanwjvlicfkrhi 4538520959 6930171455 4004483559 7366852743 655686597 569261871
szmfhizdlcdlcsdkoekxhzxgxudfkh 5420864140 9130528999 9392854233 4741109230 2365370640 5933823903
y 4208402319 1704844126 4065645671 6794137742 5460446794 4078434198
naglwvhjfsnaiyoiv 4701573075 6948931660 2059032161 4802654081 9261614101 1864731454
qceewvtmtukdyjfivvigty 7336623455 8879280849 7709393645 8065675740 9002929879 9847688856
jhmdtvourikptfjuqqxayopkdrdjm 6979886431 9844412254 5559849314 2489401713 490566314 3349789826
nicabtqbhoazdtp 1874596614 2088061973 7831398071 7289930440 4743836609 9722656166
hvcsydvexcmxntlnstwzip 3088566670 2545912186 5228917548 2534736544 8860355059 1360423958
trptopikrrrmfq 8302054450 7685757350 4439595535 447408620 1915589632 8808550821
xnjokxpht 865638879 1362837203 6991212873 4157340102 2589796335 5783405404
mztovyrr 7023298777 6373595701 5351728402 2959084825 1000275347 4810414352
dvycqohmgivmrguoauvq 2530271163 1537096623 6170211032 2696007381 7710701011 8199019990
tglbujhflnigbfbdv 7811568094 3067261911 9501459460 1109389636 1617339506 9367237049
ctpaiszvwsiuurhftboq 5736875877 7043270735 560546720 8875845182 8118434925 7241949261
egrorsvnadcdriglobrdujkmrpiy 2181350279 9730860589 5075660025 8540007526 4120780379 5196784622
smmknf 168691835 3113703436 5423368535 2051992362 5708162472 2319704247
cjcrknledzhbelwpgmdnvrxzl 8640721489 3489971911 6433977332 7524874476 3090348993 768361768
czh 6073135657 3571953107 2758817432 1989877963 387733925 8582595445
hsnlmljhcyphhy 3285571497 862118829 3927811311 7168400553 1223530240 3058620437
egxqihbb 4119716614 2802178400 5344825752 2891429808 5549186625 9095861016
nmxoopisfmnqcxeihy 4144827185 8405852623 9339342821 9038091545 5894846746 8720924096
nprkbtbdqnfk 7377330930 5863675648 7603701784 3464536218 8809341855 9158713929
vvn 7070562991 490057652 6702268078 5049376537 7846290908 4711658591
lasdtupdegketrzwbtvjfd 6061264861 9878924499 367723207 7858453394 496003304 2646717673
rzimlovxydvjhw 3789148316 6222962489 3744415932 2664592719 2107457107 1067281660
zflcgynmdhmq 3991251491 5380138583 5062237985 4250743645 3459771224 1123028550
emnapkfkeiopdqajlahdyftqiyyd 8989342084 9855742122 3108435240 8649719446 5316211232 1113782828
ofcgjhpfltqbqaml 2430443107 7793459350 4709529757 771713172 7332507801 3270693249
dilorpecztxidfrrnni 3020524648 2188476510 4860256713 4751592339 1120500374 7915626347
ythahyamrhdpsvjhcw 2141172318 6671574754 4478970656 2290223222 8331998362 4942326665
nwatzuvfpfiilgmhe 9909004151 4656632805 2586051641 6714971463 6289172895 234132394
lclkwdlwqdrsenpsbo 8096899587 3654677816 3268755858 6360120084 2128375595 8805136425
swcxfjvjqxyutdcfr 6972616957 2864118332 4606919148 2052975816 4544440601 6665646952
acactimyxxuuqfrnyzkhr 3330748977 9446328306 1774562 2339438593 2141385324 7178400459
zsqqyhzkpgbggkbkfnezq 2323596734 2354352600 9506559217 1916037579 2950884788 2967741590
gwv 8879560368 5334916893 3952937214 4344907898 8928588215 2217145245
g 9996956009 6373686032 1270691719 8273671603 6955671670 4857068760
kkaputiqcwblmdnpdvxyvfinxekc 5698392592 5973073895 7497549413 6292194268 8053109986 4089913804
heipmdlsuwppbozbe 9326391929 3281894207 3878011139 9429994473 4871906783 6775400732
of 1773937635 7246503278 2180083772 5797692523 3985564354 230150861
fqzycpsliwetaklv 5511986307 102360614 8160969809 4638068996 731827014 6270756372
bzcjnamnn 3456308813 6120366020 4949968151 3180578981 6198292927 7109876939
hxgrsqnkhkvyvlvisxlbdat 2083746297 8479952004 5170707314 2259790841 6008791839 3728423460
gdpdjcvodsgkelbj 4257196893 8345474815 795776397 2204222129 651078799 290957713
rtrpfrjcff 3162288280 27484513 133952315 5537172617 5716801546 8212067376
eorrdty 7028388933 4838204379 831468875 533942611 5346007140 8753422766
xpaadjjphtbmopjlgapib 4052735459 9692067036 9380745850 5597526268 2843535657 2138008502
hebtimfqwcrukfbyxlhhkycfin 6538170593 8417161975 1148101056 163502130 2545161437 5681923560
erlewzgvtng 2780171833 8360496094 9350343696 2809178074 6957673212 406145021
yofknzypuoxbnptebps 9004143475 9386302871 7441678112 1275592003 2598361175 10563406
zgdetzhjfr 2684749408 9448275089 1948676111 5035997815 8153516488 3448884181
tbwpikdfefopfalszkpv 3119505154 1198317057 3562606786 7151984188 5119159121 1082969741
kkikeuevsazsg 7141822462 8679710767 4134255833 4708160300 6255710983 8434836375
smossbgzidmxgk 3525859175 6113751933 8704451185 2836894641 2475837810 2778624888
aqynspbgerrwqsdtbdodab 1857238760 1666941253 1650443066 5933199393 7404117527 8576922205
ujlasyemnbibohlbaghcdvjyigpd 2539128826 5390479869 7959476755 6282505474 8230150795 3388107116
wgwfsgcecags 8010192201 233632256 7300490260 8115557063 5773657388 7144923325
zfyprtjqopjy 9226175714 9094757719 4415719697 7668475767 9260082502 3389037665
skbccorjhehnbvdmswgcg 775796864 5704471609 3077806571 3734464089 7256217826 370409408
ovemiybspcgqpmdiueskulbbc 6658229964 7119264529 7855097430 487667572 4843903207 5081166933
wsumabgdbqkblozz 2456820540 5594485470 2817394468 5049140867 4441473075 1957356219
pzbaewwmrpfbyfxlp 8333260816 5425149552 5434329877 6828200050 8961322894 5783178507
pgy 7588766577 9282586442 7825430117 7556934419 8180736955 1374663903
swznspzngcpygevbmtuftzqsr 3362929220 9894257416 3490215378 9057339978 3483553210 9975423347
jecovod 8954774383 8341655179 2172475303 7024160600 402731720 8507174943
jncmmobkftgxkroiyabijyvbay 7060778207 4484340852 6808064705 825620323 9777610881 5391945259
jrpmpoikzpbyqecxclyvhgcu 8456559521 8222848632 7001816948 1841049858 5672425074 8579682298
uskftwiyrpsfxyjaikbftpdla 9046838124 624213800 2326868284 1959978411 4541205701 3621793028
ddbkboiqdfwlbwisxotsbhkp 5234892561 9954720672 4307959060 3321345653 5243849125 3543805629
wmsxnjjzxvfkujnzhcidjhemfdp 4899831444 967431768 8327030958 4402585643 2413073792 7273756096
om 5317873433 3418125318 181290394 3373738049 7055081766 9330508847
lnhfbzftbuqdaorjbes 9741686728 2742237913 7656278287 9877442960 3069634459 3190305364
gckm 2397524480 7595770828 5493486142 1716457355 8248339953 2521421162
xwcsvaxbltazrvpvati 2930074601 3992140436 4496604615 4429692885 4122360749 4565657482
zvpfexohvsnatdchkispl 8094998027 7970678641 8414199072 3487998356 3370394203 5080009966
itilusbkemdwuvfoup 2263211539 9995638662 8559894008 383005314 3171272171 4129522084
djbuytmpbiv 2271948355 6960691496 8003125924 2726075446 1418284553 1809053607
nnkbldbmgoksxyijhojjogcbknuxl 3767172758 7085251764 8422117626 2598270617 2848473534 5802232259
ltyttluruxhlndcpimgbpkg 9580394463 9926570582 1412539121 7743563649 8342580589 2163744025
fktnlplktrteqzgqrsocslnimds 9239489020 6955141956 6965769884 3192232264 1601678038 3408602390
gqxaribxjadqvl 7515658827 6879107143 8963900379 924307210 8505195342 5950143950
yhzvjmdttvknlxfmhthwwd 8263805585 6353269384 6597476570 7087583446 321168971 2156990962
xytlr 3746736083 8536066025 1528176717 7893329065 8911026985 1276614399
dynnbutkdubttzaqdyxcdomkq 4388903251 4798154472 42470294 9916431965 704671543 1646694889
ofxczfsiwsevdbvbh 6445709491 4842670243 3243005598 9385108096 3792470655 2901217676
ktuxntcadvxadqlraj 6581396147 6641960660 4089897942 9886943535 5483119269 8160936657
iya 722600197 4469726553 9640863562 3440235183 4323104150 9830990379
vnhszzcvwbmv 6914933888 3420760764 8672684653 6248350962 3296317140 8934346988
feawtasasgstsywojbktxs 7094298721 5141379986 6740915063 5804898984 8871622177 2679375047
nnvkupwuwpbogaqsbgwyqytpwpde 3749755609 7989478079 2112951234 8952415188 2111019030 1952990652
cqxsdrjclvkecgjzgahmdhevizwub 4175994789 6919879509 573226734 2589292061 3279353453 3875986555
pixqdt 6384954397 3433143728 5248742798 7009811376 4614950293 1651617870
obwwlbagxmarshhniwyxvkjflcet 7480785871 3787623564 8957555384 1360169466 8154465869 7348281124
weysffaojezfxwxex 2331830971 7177750093 2480093307 6877804503 6998826941 3616966013
pnxlopquyxjujfqqzvfvbakupdnvv 9347911784 3017150426 8149925955 4899432835 1123227836 8757586677
z 1960226040 4093115609 6532217075 6990971867 8954430895 87583710
hznlilddxegmbpplglvath 1592327073 6907621680 6198740353 5854753398 6363459908 2772344763
na 7310742104 1686825447 5930883948 259615871 7570327061 2659775583
vafdoi 2478090519 7491745802 2518162429 439884596 1567576200 199300146
rgn 2344274993 5732446055 9819798304 3010904073 1097810559 9165922510
tmbrehbtkqilvbxlimooijhfktqy 3065313905 1779971457 9290052177 5211465423 3742381849 5068773931
roimnsnqtibsdhvskgvdz 816296341 5856856811 3822070638 6435667557 288200311 8185562839
gvbxyaxsqhwpspistwgilankwiutrs 4865180759 3009176959 4846727462 2755741440 9950058013 9983036920
haijzcoqhojpx 5316841256 7730677166 3157634470 5129168054 5168603590 7081262679
ekzvbztbrmxolau 1059808388 2200970427 2165354620 9862785558 7229528911 7187194425
dult 6808168913 1562416916 5175727165 6777051342 3726791612 7820445194
lpurfmlgpesjherwjmcaj 7303494626 4110105602 7020779407 5447431505 7509676899 2909891000
xtybuayprrchvdwctlidgikaztve 8220586830 5591108982 2846318351 7438077793 6016848221 9150990245
gxlpvuuvoqldumklwa 5319156487 2356409170 197129971 5095277619 8335630391 3546518208
bzvsikfohqlaldmtxsfhrdohmrn 8332934404 8203829074 3576637131 8213125261 2675760826 3942552490
tmdcwmbtjnpwozvxqc 3138529709 184006821 6449535439 4668760745 8676619467 4220518354
lypxykhb 3267749048 3173648131 3978712125 1365342289 757144418 6687192805
ddyvcdchpnqtenmmjvtdugwfpjwl 9906970208 5879523956 9635822405 6902432830 968659602 3158752107
mne 2472140300 9320201916 911106781 7169223743 2141805093 8272051404
euvgzieepaasisinlkfnu 683456829 5406331278 8604064694 2348226054 5867586442 9154796839
syussukqodqv 4033928556 8639202092 2252796273 6916769327 575857435 3193437110
iwnevgduysxdggw 7613666793 9274791084 2025378994 9400621052 4947733228 4169431965
xpnb 598605637 5628856869 7439397091 2596778136 2615640048 8375845158
uczutkcorowmeblwlyjbclsokezp 8238756129 6068855675 2402373656 7438279527 8778806739 8830455392
nwryvrscetkydbh 2006199249 5160309192 7801730602 9788721877 5424672757 2691059490
pfiyuzskqjupjs 9524747900 1387255538 9962174567 2362842665 3448283930 5244369185
wtinbljbnucnazeljivht 4058137820 6795834254 193960341 7275529609 471427456 2141629772
arlmngcarykctoxbclbnrjunniy 7457189531 8232909882 6058966846 4997236258 7668916559 9120361009
enreehtnc 4552724506 9952693142 4283314919 4780010401 6717693493 7479662988
wz 6743013580 3097078250 3064506699 9924963637 5120695802 1732399471
dmnikjhaqmpdpnqxlmrirpgzrrigm 7893848033 6742164362 4195670906 9067524820 9865836052 8776000956
nocubyuijuetqfs 3296298966 1135167072 3516074202 5408510800 2623897048 1708151328
kxqjoyhqtugvedvkahzhnvqmimq 8181072175 7682425576 8971035777 8432914213 5649262324 5136504345
vxfxeapoyzrqlvwhlzpawkvebhrrr 3756891050 3918991101 5519851578 4019124785 4124588737 7033820163
aqylknrvapoosnjqunqssxxsva 7730260749 9790596033 3480236602 6302582068 5003923812 7381295497
tflejiw 1300615370 4275685156 4073730226 8541870302 3296253571 9001897218
mbyztrp 3452413038 6803388015 2088888684 6333013925 7249700949 7059461643
bn 5447070453 4686346850 9077062760 8589010085 3820940634 2104202178
ngdt 7434397703 7457463190 1426977563 3974914219 4139030005 6665855029
djxikezigfygsywdjhknltrltr 5455767467 8617886837 335892485 161391012 6110626048 7085487292
llfkeuvvjvtihevitwoqtafmdxr 418789143 9879718594 6132161513 2997525945 2796150560 3358267021
uvebpgkoxyzizrzckxxwqbdydnypa 2223633941 7999450357 7850708273 3141664656 2364232537 8523266312
hlehhnqqaqjovtimbs 7671028331 8194383276 2382160850 9930595311 9173862334 1842400757
tbciehquvxunogosvqgx 2356677797 4830164869 2089790118 384807269 8428017039 3387418222
ufzgpw 5950642050 1447931447 8416367554 4781825165 5695703052 1398694756
yzixkaawweuoivfjqhqqpekfyzn 285864698 617860625 3804724729 6690546003 936806605 3058511173
fjflzbqjokjymijeujbimvcwzf 7969272763 4884470824 9069078875 2725561966 7229967908 7269206348
xiyoaqkduujepiax 9932032112 3998801250 6235684369 6498939606 1660825775 8246680332
xarwedwkxoz 6821787147 9473397172 2596515200 8733843602 8458009887 7804389939
vxhanngblnkniwnuugjcyfvhmxypst 6496925711 4476349472 4282582779 5644500279 7867623863 4153278858
vbrrgksglk 7417744246 7397754782 2777058298 5333831082 3052776688 5888755239
ndfl 1467212941 8741888196 5384232903 4935888627 7830876829 2055425525
ywbgxucwuiliyxqijii 4919022060 8955870834 7398902636 2826032841 874554648 6221027353
fdbmrx 9865591877 5504204669 5451147857 1697346605 4377607685 3268945409
uyovfgtlcyp 1605419095 10489326 5821586201 1385628126 3619402362 9018571005
hbdecuswdkoofyeiunxzrfhnmkj 8167879048 5153936133 238645510 9714683599 6562625881 2158105174
rbitaaomxorcqzviehbwfpfls 3443555398 8738754071 3307624302 5494577380 2021780602 5647485136
qqsl 4127226965 1927566701 8025425564 8272761311 193762880 6510927612
oheghmeucnyocrtycendvirblucdg 5925423496 5993041793 8267743684 3115107733 8816390100 2548908746
xbga 6006385543 8510858272 3378814689 7153072924 2003737310 6186763766
bbeavgqmhnd 5471445721 5076782759 447975636 4915545295 1205255655 6638725732
phjebfydre 8416191019 6234482737 4141376760 6579146083 9774255933 4468188180
qjthvtfibafohak 7858918941 4171048130 3409130366 2697357873 4554598464 8101993970
ivnlhgbhuxssigsavang 5093225704 8165019734 4564613866 9154142832 1665215852 1012179273
paryjlnterhuuukmbjox 8740234662 8016822396 3408946960 947667289 5462066990 5185064309
zdodvijpmwbumqvwgnrvjrfa 5521865037 7482370767 6743993115 4829169868 2386645170 695930647
uzespkiitssfzfubytyyzq 3356282985 4764522544 8994471625 1154372945 7188401566 207496414
zynhqymruwgwbs 2315685891 9560035090 175546644 9872453335 1673280559 8990534785
kaojknmipcwceixvcqzqtfl 3028966838 9146462896 1246989377 5171426735 3738629490 6572519769
n 9720482755 3127575927 5357818570 6678670704 1781447076 1771169832
quuipc 4932761817 4309608255 3694093037 1509684600 606401508 3048927143
zochohgpxgjtkyixh 485899775 3795007398 1903935459 3064378147 5425171573 5685309159
ty 8998778027 1765097392 3413244791 6954152306 361096421 4028930377
jumhseiebife 8674954066 2056711007 4607103214 7439605143 3703228037 4350866137
fqiygnmomrda 1595793197 1967657753 798449901 5371336916 9860835330 2835646146
iweijwkiskhmrvtvabh 9740489763 7667891191 2318840267 9927336183 5141073420 5744076374
laqw 9861244331 7032176096 4846422859 5970798248 2915562224 9460524601
snnz 6394870575 2999464722 4352780761 9121733905 1981407233 7162310503
lexstgjqpversbogtwprad 3221177820 2026329216 3640901441 4622894658 7702867474 4355167501
fuxrdxcjygcosz 9433981307 9627669452 7417889732 9732602620 8304343608 6109899182
rxcjspgeu 9741676252 2147317631 5973517656 4110100847 2155239718 6083632392
lktzgtiqmrwauzfwlkryevwbyqcur 6748877285 5002570112 2813452775 7857729559 6442959122 8355448072
vghubwihuxzgwxeimdeugasekmwjl 4495293259 9897388186 9736914389 2402169674 2890952362 2760449401
ufyvschouwcsxechgetdxmrz 1268181474 9565031417 8784216240 8056384687 3482237008 8247003387
phcvbxixnduykzmozgqmufzkzye 5104547041 9116971050 5860546470 2195798896 4051805044 5256227119
udkhlh 9521602791 9144613450 6537570016 9766394512 8389203105 1146827003
bepu 6040533988 1415898843 3131885289 47356325 1639455928 4146858718
mmukjoxyovuxlrwgnqpjj 6899705179 2871240131 465680685 9913854683 2519307002 3560424230
neahgtlrh 8108243204 5162311339 9255501376 9452604252 6608094371 2313982562
nvhkudehbhmddtrxnaavwrdl 3507330263 3171380426 3593998007 3808677845 1878867851 3184862797
ei 2841167692 7745496722 6949768410 9190260040 6074724361 973493313
v 5767838582 1694873528 8193574707 7600821609 8595678709 8689309063
smtk 3256321840 8323057360 765700834 6146611870 6549339228 8715534977
jlfdfxcvmqqmgxll 3632599722 3231417067 8848153081 2691176220 1559615850 7566100930
zjd 2586792617 694425655 634696587 676309798 6065785399 883555405
jsxfj 1384928331 8826131346 1057988653 5547734140 2142375036 9853563663
vdjwwhymn 1212466180 4311903010 1911727262 2329834259 3510131545 301636031
zseuwxo 1599929190 9391501648 2690897592 5371808387 290219631 5932169870
tmu 9050586711 5747030855 8877782691 4491038423 3296871091 9978456452
loiskwhrsvnjwxwzcpkdhbxql 6831479692 2138391383 8257029869 6990698018 9105887085 7933532442
lvnxrimcaoggsqre 6146323632 3174242872 9300138952 8118551480 1834302506 3972886246
o 2044840821 4111709453 7087381646 7222350345 2295573648 6577109724
matiqiougeggoiyzetsx 8119532329 2615392650 1721290326 7372721121 8948950727 4100349179
bxjzkdrwannkfsmbie 2698158414 16705867 6037084886 9764200238 8554174943 8462397418
imxe 5477416303 6807885304 4657145339 3435160220 2604903856 7590732614
emwhnhidisfygxkzqmhspr 8698379959 5359760746 5313018045 6402517363 96730945 2994763750
mkdovjgrsiuimvnzxh 6593808356 5615788961 7832358543 7290859480 8857458162 4177765923
sihfldwlwaeygcnmzxkc 3216874530 702921968 2441304826 1020221988 9116287486 3210984942
fksivajizrybujnr 3384308801 897436993 9965429442 7643212667 1021479704 406423501
mgmj 7547315548 8544337018 4243778763 7500281915 5958151535 795921195
iwsojxosqaepkfnttnpy 6372531540 8674675145 5438470582 6470196096 2513404234 4189057969
xfvtljikgdpek 8823144969 987116833 9983509451 3178432770 6247786095 2544666470
qipdmmxpyjzymbzlpoqol 1946223823 7318049600 3446309387 2005330605 6741816343 3822601449
ryvpykfvklhvur 6484208867 3947056253 568001039 5993114992 1094350172 3424898756
gkkrrotwoomzytkaeilctz 9143042670 2268868184 7916853741 7139949937 4775060081 2798318255
dwaodxcql 5891915763 2175033505 8864691035 5912150597 4814163089 232041991
ckwnhprketqrtjrqhfonrionona 6284289957 5563213071 4629422619 393683579 7305354931 4792229315
lpgjmmochbeqwhqsmgzzqupbhfqr 3439536861 8832791438 4786887948 9584836360 8378130670 9605248160
xtwfqgybelx 9190914391 2104620473 3529996299 6687959319 1657398403 2218477425
zmuxphu 6889033513 3761205330 5849310294 1474755384 3984440143 4885093677
cphupikxnhekhkxwqoiaxssodwbi 2569613177 4251283313 9252123585 6182717224 7255460287 6659528488
ubtonqlhpawwgwghuuccheykqpn 7488059334 5918022405 9370894701 4972764423 6792596478 7944276792
uoigszjyjv 4447879665 1840275642 1299471025 1399418075 4066483299 356261329
mhv 6680555324 7737456501 6418568446 3171245127 3927135469 4710495454
vgxemnbgugppykvroi 265354431 6265435879 7230779769 5753820981 8077725665 4747625140
azloovvkmzjfncqcinhmyvtnzsfq 9921616817 2376906951 9939184576 1099850286 8369120397 6626069232
tavgakvysyga 8394859069 4657188897 7510251153 459895282 5845990758 4793694535
sncnwohbjfbgvqdhjiwpongzxx 3242081256 8966464903 317845478 9279620878 6300785426 4751768522
uify 2470004452 3581726172 9446154104 1541620911 6571509047 6497585420
wjtxbfqgvtmmywwemeeqh 4780546656 6064758392 829345529 2446484231 853465776 8622697159
nmsgagsbxgbizcvzacpafhkw 7937279322 983602005 9837707962 4402324500 5003053334 9660840542
li 3510300698 9550077977 3115489670 7226787780 3031210285 8301968737
weozwpaafriuy 729044060 339950382 1585064365 51586930 1771880619 8463531291
eqgz 835904343 8138619618 8924550536 8416664033 1842243916 5353307338
qhnnbodqfkeocumpuaejyws 4869869486 2176159819 8589475179 4677649988 9480611885 8954464534
lpfmlyy 7618936467 7622065021 8890148517 5323660650 367710941 6666593741
lparkglpfhsqltumdwhevkoto 3182172522 5211990732 5780500366 2778640219 3039176583 4968522478
rgfdyuexjvwgyeenyaohhmlbwedgi 9514678630 3754617598 2105354442 7373210423 2631895790 4220768823
tuumqpprzup 1048122250 2463756593 7054370768 3528817556 1343463981 2357306008
kbqrqijlmuft 7261276464 3494997139 1663825872 1864161148 7710382797 3956396259
fibrnugvcrgsvxkjmisbduadbppyw 7413298429 6622333080 3292395433 456449331 4433339351 5725891367
lcm 5760186603 5021789208 1193310154 6376717128 2522385703 7955575872
oeq 9883607717 3958397558 5450559732 5847797755 5745196542 2112649719
nirgmuudicxgddvul 6421479632 8590939098 5697855397 3892794333 3200736070 6089794356
igsllksmqfknzkavtbufagyg 1870472733 6875445562 3971230511 3567102469 2990238446 2230722224
ezfxksenjclzgnagonswonka 1319837348 2892062269 6753594481 182924726 6817794921 6196685378
uzznudron 9280326414 2037766192 5465149791 7195328976 3543188810 2008882214
qtykxh 5216844892 5085643928 7268975195 445490689 567808661 5684562323
dtzmclgomhqzag 2222960144 3744705536 746664797 4540843610 1017154167 5226156722
wgudthtvqedqj 2452451348 7166083488 4623829967 5553205377 4266001499 2238983184
uktbousfpjvpx 3629291131 904181676 4877403763 4663068088 8928875385 2028720820
osyfrlalghwrpn 93227211 6695934146 3042693799 7568404033 4221960477 7018490376
cquddcxpwf 1522627091 577560138 9883378753 9575557970 5024615308 8049217669
bjocrxchfwczvisrcczbskaydz 6547323127 6294577407 6536291005 9432842988 2179634531 377062160
hmrchpzqvhysqywytyvwhgrjbufes 4978523015 1624636141 4257757912 9757834482 5940454892 4717801989
qjumoypmuwllixnruswgyrbruykith 6115792990 3539960814 2661133061 4919349066 2088534984 7738704952
xzcxso 5536842675 8471611810 246314988 505698263 6411775561 3160836280
bpcbmxjilchqmt 4647213756 1154924698 4700680208 2051801743 9980490941 1775002016
jokuplkug 5995650278 7456598669 234833736 4987637447 225231418 1827320714
shllvk 9597297929 6500023791 5662535944 6256569656 8173577365 6499329522
qrot 7120073134 6576312562 7317506509 9650335243 1522518958 1664771079
effboefdnrooupymmcrlaam 9367462152 9482649653 1714664589 8502665694 4409601306 9291836798
iee 9840296660 3764273040 2322630605 8329174024 4918779865 2285400834
icfowbugawoxrsfojskagxocy 1806078470 9017645664 5349627243 8619523035 9353795027 8207181653
hgrfmomjhtfnhblc 5991360964 9074956741 206680583 3070022274 1189478743 8120106245
rfykgyibavqgvqgyvpriwxief 203403061 137499173 9669358205 4850438709 2145132464 4192400248
lahvwdfeuwvywopwmusayhrof 4563449393 2329996863 2800085746 2256481369 2008117064 5051891892
lannkuzxua 6995941521 6750582030 4724013493 7506367636 3382949289 1055185711
bflihgpzwbkcxwowurbtkjphhqxw 2784875830 9901659438 2397823179 162160609 2383160393 5452015912
ydtdrgetfygohapukey 718275502 8883807935 4816936706 7328893495 8070314676 173231481
mvealqwtqzcwdatglovm 2150988264 2365470933 1635190104 6510437258 3046071374 2911274379
tssjkmbxorckijtudqtvfftcgn 500141107 8021458612 2103811980 7852843702 7606865258 2023196875
hxmyfrktsibzblp 8740723868 8748007393 9473892885 24554020 7083353572 7265483809
dwdwdtknfhugvfazplvwhxo 4603814861 9864828999 6667576182 5678153843 9933580995 2633234963
otuchygrzde 4828571221 3027503264 945849039 6288790155 5584034758 5758364033
vgtdrukkjvxczquhzehhtaczbyhc 5131630159 487721987 6541693534 3117231352 379246588 25916960
edyeahepnuufigwr 4903202011 4414069607 9561872780 7516838482 5990021710 7366662429
ghmjdqjejsqtacaimdgi 105710996 9450725808 2882897521 4178202484 2643105510 3618776862
zmnuewebeehosdjaigectqdbggtv 3745057914 4742959693 5989670193 36410017 4190287463 4431499783
eqxlcydeokjkrnqa 6631774212 1962590146 5660528202 7276077528 9670484553 8387593179
nenkltfp 7193689361 4058457429 4740345207 4449475324 7190857352 8796563443
kahvnhxarrxbutn 4806123226 1639906075 3833109472 6432997133 7937928208 5372908263
wxctofrzuxnfqqsbifdtpid 7651661630 9147603473 2174873835 3515446998 7421080255 8647906676
repvvsotsycgxhj 1409712633 5816694221 1023820351 7035374650 5861647185 823187715
xqygrpaddegdthrndasff 6225356203 9402118108 4151780387 3829995880 2402688757 7181763456
hncnqkpqjplmvwqkwkc 5255437773 6693388113 3185035425 2459884186 7677856284 7918400961
xxkmuekwuatqntydbpbptf 1694014788 9943516002 84504802 9335083481 4611662627 5095917269
znnorldowt 2314560312 3890092600 8658123249 4061882492 8215836347 7605703206
ybgbbycrmkrdsjkwoszn 3226883958 3440553016 2061722545 7596184762 5903928653 5706814359
ruwxxchtpkkmzueuooxqblisjuqy 8445456531 7181889246 3388208840 9139000639 1494324540 8604285958
ddgrofoqgcopc 8934339154 9479783251 3006140685 3620568923 8854447226 4238742438
spnramcqonwvkatispwsvdizuso 682629869 2344351075 4844616047 9539277944 7019101078 1099353721
zahcstlaopfbwuuwkisdledlkagpjl 5942380472 3719144891 6607063381 765888091 3775247583 1513044857
ejqchgylbyqscmhkbeivtvrd 4616203227 8125317683 7426231062 7577345576 2044406848 4045578066
bpkuygjkitkyrldqtw 9720904653 8361136234 3959278712 4001225531 5031492278 6884475910
iyedxjzemehvedsvkp 5401868573 8384373463 9797035056 5853823223 5883093085 2338266700
nzubflmlgzbizsaj 874680579 726282699 7475591842 7433136115 3565665338 5828442180
jxzthkwmhksmdfzwmaynxqrihthll 3388536085 404363253 700573374 3442213339 3610164811 7385878749
qznftmkcxpmu 6521965497 7889233599 1712591755 5597108982 4268495756 4077023698
uhqmgrdxu 2235693802 8279669831 4343145452 2714235930 1201654574 2830407453
zpjclljatscpopr 739215518 2458974054 3259002651 6540266911 7001242695 2633297955
ryzrymsnrndwzglinw 7714752692 9123866504 9414012505 8818674579 2285519140 6312541289
jwfptoclvdoynovsmgbvxsgrfechp 4341362775 7641272664 7783240137 4184015846 8677483611 6362641181
mqiozpifyjuwzcgh 9148414949 9614751791 7226938071 7510452323 8253522732 8266407143
uqra 8495643455 8715627760 1721556947 7855737866 853564060 3166311795
basfkjwririzhnsugyrsjitpp 2639376392 1107660750 4320888958 6645793370 8492835440 9754086290
bfgaoxddnuvnthv 9332978593 2990617489 8910426029 8216522449 2755382729 986771461
pixlqlgaoidptstjjhomyhlnj 5874429964 3198340860 3148744362 2215969230 5943339951 3312988614
mamz 1824425048 1170697833 8726578607 1087313020 3585198213 6075832931
gxdw 8362310729 8204569026 1211372534 1286265586 5071406444 3689557662
bpfllalgbzbo 731229781 9874131446 1995377937 3888742441 305665793 8075865428
vyhxyqyxaaeqdvxr 8473384671 2561077336 4160451405 1638451710 4673158613 9170672835
mpsehxbznfcchyreog 4415532980 7785876550 4062974319 3560315454 7889322474 5520933373
golynxoe 9596548799 5585246884 1996925539 1284168606 6680024385 8999502545
uecshkmhrpdvrkeywrmitduq 3714789760 6610900104 999955393 9912494276 8250254024 9358877545
zhxguwkkxgw 2113479558 1471418013 9533008337 323297044 4336624865 8075455489
zbbdntz 2936482729 2612520813 4913968194 4390628245 1740701129 2026996708
asulequvdvmunqetammgstcrwyvkfd 5712626357 6709557242 2764149155 2865508660 8755824734 6788265833
ko 3320726665 5077034209 7796057741 1192560457 1198865639 5483120247
cupqd 7825116706 2399410536 1713409753 7914837162 1928031470 1424140429
kpsneektdviktcfnjphee 1046872976 4540001983 210231925 5582136368 3075203367 3400510603
qihdyblsgfctjamkvajregr 8662006195 9144165006 7664200125 5236254464 6771594319 9107285070
pxjvpbntxwqyhlvmrdinkzc 2026241163 6041239543 1458025533 3078730543 3143000545 479167302
gnhxuzvzeegjkvfopeueilqcv 1467066882 1358029980 8488345119 5279873434 758426297 703018848
smdmzhwjsmugyxxr 4326620634 1044667561 1609605661 2978292565 5715047920 5507752407
ioeflfwjemkhohuve 8171579144 7910038803 4968817 1232541300 9033727068 5509074816
jkwyebyhqydkpkozimhrrh 6115197073 5965840232 2990224331 374314330 5141742925 4429491633
axastjpfryuvmb 5647352648 7051767160 3971698039 6198225425 5770963510 2899579335
ppzzjoeaqpvtjgbjbn 2485081629 5494098693 9345590231 2497497988 6656963594 5222051656
wmtzwllziwejqqw 6201472418 5539547321 4413200214 9377738124 8763017482 8361585888
mwjlyeoeyauouxgxqvlbs 8446627534 5077943271 4981995773 7780810425 366575903 7895527006
nlsjuzkpugmxrokmafpefpuak 7841027735 4762155672 3533089859 1924985220 1947685868 4576939070
tigfhrvnp 7718241169 9061353895 3686804042 9581982935 7340452218 344321356
idwncewacdqiohq 5158349531 522837658 6433751823 5901061508 3700478579 2352628181
bcbtj 7742407391 9015433426 8182163980 958421911 372389987 4157838235
rygebkammigqnntzkxsrsmxbzdjpm 447045648 7899923968 284646007 8429163624 5299925265 1290680953
fmgk 581164097 803886019 5249586681 2289876636 4013341792 3801542356
ochvjhqhgbskpmdrldp 6856392283 8323185196 8433170560 7772423845 3980371975 6114045249
wazntkfvhanftocbsdnupplh 7011278483 8852483685 9485285377 9882102457 8961876893 7824092229
x 1026400785 2653461924 3243181720 8613413647 8434508522 1527785973
ovmxn 7242891231 1961818455 9905941437 960153123 4811816274 1927888151
peshmigfateygt 1718149877 1640997124 3174779844 308205650 1512636595 6395327048
axvukruwcspcnczjglfbw 6226412913 6809270191 8321830074 8672821965 2510493493 859511177
mqqwkzsdwjekycccajgw 3463733324 3663287685 9784987271 4319522276 5187956074 6847348487
slqsxxldojqobfzrvpojbtbjtrotr 4490968489 3030270814 6529001529 9880140415 3672111952 9133181938
bftjejlcpbupjyvaxjdmdcrz 207444524 9106164987 8932462172 5402639180 6616904361 7716347873
akelfbiruzizjyeocglid 6873706423 7450578541 944479675 8583741899 8119185779 9594500271
pvkmgd 3294581402 1152203126 7510404182 5424356328 1320862416 2402759490
fasz 1352798948 4660418355 8318207705 8885279395 3691064532 3763366792
jn 986519733 4078445340 2510326228 8939486419 150291220 2928918828
gsoxexyobsxiifuwovlhjbzn 8487984356 6677989859 4602731965 3320982137 3462058267 8764136402
lqzhfiyqehtkgqyjuff 2940472790 2440825874 3135380251 5830948825 764643959 4525049497
lz 8701002768 5943975187 946386561 5320824145 5052697856 2457682354
fmttwftv 2789618480 7735563527 9035444348 8438706764 1871149684 2616841177
tcbdjaedsvydfuzeivvnkkxeojxb 9794312992 3320332575 6097999076 8378672119 4696176847 1134202851
uanilhfunlwpa 5094038024 3278183620 8527187023 8659414897 9412842624 4547074380
bklcwa 709972963 6135787516 3270914461 9295164829 5138039206 2807231501
w 9505181836 3128722847 9890849297 4492794116 8280969546 3764146857
pcnuyobktmxidpxofcotbycuw 9571597765 627088821 1711385168 8567971483 1300694174 3768460814
aquonnraknhh 4996338332 6917060685 6501492237 5442385071 949172398 548233353
jefsuglbida 4530815926 8369224508 8851156803 7654466756 935350233 6619627329
zvxsdajxdkxdxluenkmkg 458850724 9385208398 2655978193 2047476250 5686617779 621216752
omnobzjwrhgmkk 4855661830 7469442200 7996332385 419747062 9212482843 4491843292
vfiuukzajuvzvjbiuumm 4848590671 1363782335 1497970813 6629641595 1704497097 1199407718
xzwal 7051862799 6419055360 9014368469 4608308874 6367959448 8594407127
jmseprsycxzq 389462631 7737774192 9421747702 81461455 6725101070 3198462044
altmqwkol 6598987002 1553655470 5428324047 8640595253 6125465068 4604259296
uwgdpttvykyunecykirh 6100481353 7732124954 2751643984 3206646770 4034925747 8387806514
vqiaax 111939930 8066498567 712244236 9436011219 9656886426 7713897651
gvwkzlrhqhluaqj 6110227670 3560498893 2347453772 739919884 1093040896 1317254695
hqshvfpsdbdrfmhnlxkdtglvcket 5404310609 9451463337 9403829424 8301896841 5320826423 6399695746
wjwvykxgyqutbfoqfxo 7857252896 5131040773 77134270 1731651115 213214052 7801406567
qtvmz 8033584895 1121131318 4910305962 4203338527 8335441494 1154225580
mmkmwnjtlmjcmrudtu 9347273512 1090799576 7826677425 1476389443 3723048088 4647799140
htmhuoytftgpbt 2449258283 752170013 5580678980 6941590528 6895300492 6545305386
xdjvdnkvehxiyhwcrvrmaxeoh 2147753256 15881314 4883020271 7596066220 1325658877 9152675390
otwkqkqmh 3843396683 654346867 3752313893 6919266787 2032992634 3021154872
zpeahczz 7747746625 17290432 3129388894 6257790011 6149183728 1663628218
thr 3219208216 6141139336 9052059442 3258355475 7754712822 8875166098
xmtrcjwunzapzvfr 9295634843 432812341 1533484881 3812793920 8166673400 221261983
xcaxqjinzefmahzmabihpdy 3046707947 8499048495 7241890345 8062501477 5645082685 2715441842
ciuewd 8549655103 5613172013 1887433807 4387236642 9303695498 2942412787
jahfhgebyu 4165567453 1709363162 9346313014 1577886479 4239969894 2653402978
gkcnmavjlvpjqlazuaqhioeuham 9135889857 8086102324 6674438757 5137195685 3623229928 1395348211
sbdzsuuyjreoqqj 6323764268 8570264088 2683542559 907433922 8007088954 232392283
egippajjjupvo 1905643573 6594842345 7290591231 7999338738 8487215050 6742773059
qweqwf 4906652535 4298795016 5744729883 3770952326 3752684413 4861355649
wogalyugdzhqnptkpibax 6318909883 3657975486 6641309849 9825391687 8541359460 9891341274
nfbnbownwjbmxq 5014601823 4061372712 2625272476 8579222789 3688607806 8200313629
bipysyvtmwwguo 3352885090 7385413638 4360392263 1782670257 3754605444 7286778040
pxyssiluejhvvafutxpqhd 1088359453 5188141334 9909522873 2802925182 4247618848 7563483012
qdwaydtrlsijscnbjydjrr 444259178 3310715397 5565684805 3834575895 5566893410 5331600919
phcypf 5759807910 5070628940 9544960752 3267691535 8025756552 2962543106
nilfxcserfvu 7421279696 3962825385 5168881627 984102056 1458644154 8677819691
sobtazskqblpx 5521811293 1923790048 5314168259 4594464199 2959139910 3906688854
mzdysprsywxnbdlimeey 4266343852 6800707573 9297991339 4770036009 7952636814 859885556
htdblvn 3164350851 7712671595 8022712981 5529723424 8008576630 9507744060
seeimcsg 6872146106 4972237378 3369515942 6249680745 5193733141 9883553050
cmvvqelauxumwneeryutvlvo 7715171119 600571770 5468303465 7373046920 8228868687 8807760307
qnprtpytgwholxybbow 5714171966 134107702 2763407130 5383564481 2824158646 6474205039
zgyebmgrndazqifdujwaif 1851673051 8269706325 7641355516 4109847799 4140726894 7553155815
efwrfk 4559592845 2282394988 6907381336 6356743737 6881817546 8713585118
otqpkesggjhhofwzxwjypo 4416806490 3397035773 5429367203 195031296 801713815 2883601163
ofciqyavletgiatayvapolckhdm 1967385184 8193823017 868184302 8927948785 896388494 3756769419
edwfjnzbzgdncvpnjydzja 1775225915 8437048000 2357267446 9208701102 888655556 8585485586
vggoibdcgkwlsz 7406759411 7665649562 275921634 2391957204 1242706215 5221603389
fxxcynllazfipfuzzdhgvkbqytoi 6286995587 8669930743 3593171528 4817936619 3457477542 678953588
mhwekbiqpzkmzqpdubjwtnx 6330753804 5267495716 5573576434 1172228596 7133207383 3680718374
jlkwglxjgdnzgelxisncuh 3154641059 217710942 4583737834 4629051342 5837434892 6164128762
tdallrkbgidjvjfp 4489110872 4781325016 187360892 9429963685 9390978960 7461630163
gervycgcsafnijwaefcluxzdqg 8315359356 3412576286 3255590398 7602634870 345219475 6746290328
fugsaoyscvwrqkcrdvnjebhilk 1149320184 3906173354 4254555310 6382406160 9342216711 1673321737
bmktpvkyqhtkafbbl 9903721971 1520735125 4729033948 6729074037 170451205 4291406926
urkwforyio 3716978174 8142115803 1024011436 4267327938 9801665810 5028089736
qpcbgxqwbts 4101209717 381814658 5937555166 625132701 9887565540 5632568937
nbsacwkveqsiedquksnxctwzagyyc 2506380245 5043356386 6960505913 7072299558 4196877924 6615337398
cxgmtydaqtvnrjzpbk 2917445702 6017933753 9431370263 612566619 5590132764 1154508944
pqs 4109526779 3243204710 8937651867 266468154 7386892001 8309377968
ttjitrgfcfsc 6613999636 4698228627 965542880 3677638584 7622154325 4327531977
vxpdvfrtefhjcidc 4946488438 4804108876 2695085309 9829223851 2678205918 2956211409
ijmodofzdyp 7085157787 3313753564 4232963154 6485787769 5296906020 8043823958
gggo 3152344908 4533788424 5964164889 2864260298 3925669722 3884618086
nwlxulzkimaykbdhrrav 551063583 7224313203 8299744452 1338598998 7847400069 8228244500
is 6965674577 5933919819 7332435345 2019189744 9428207393 7624813946
gafzlxuub 8397155097 7982930644 8935359778 1610611580 9143567671 5752353357
jyixjnraalvwyxl 1230837233 410697464 8020621013 1800001886 5589026269 8993294862
yyk 3909835852 4525289177 4102102816 1791390674 5439768423 4174553881
rcjyqlapkkeetkjzmwhzyjgiow 511061289 4277003992 8286934278 6676305584 3007248414 5915392304
amkcodzxeocmacnypnyb 11836197 8530632747 6378230470 5783682327 5582257160 3260890019
ibfgwqyftzcgkeeumozuc 7631610746 6913797592 3151995238 8617425406 5802659837 507451089
xth 8891732980 7717245532 1036404055 6571359530 1709745790 6610158316
finoxvkemf 232067276 3233726707 3553676899 5381072096 6547540672 3028432420
ilzypkxuqcprcbdajqnsckfswcuhda 8650613672 9829774538 7883809798 771257298 5521221695 6013650922
pjcuwrzfgcalqjhzqt 5104043032 4302862962 8894706689 495444202 4189303277 6336134388
sdclubzcgjumldk 4754889445 5007299318 7792615257 2920889978 663693994 5423976435
gqaydezcqqwvqrjyfuphcnkak 725384770 1626844762 5236868472 1432254554 794933028 446114193
zgtqmixdetbhbimckysps 5187769405 5090192669 1109172393 6629425476 5708556820 3589051818
biwzfbtzzerginixxivl 2474217083 3195603853 124165725 3962324686 4832990251 9691784310
rcy 7732933543 5230458216 4827649015 2932194862 4538775620 6526498454
cortkncyjgjsbtedyfrmdcgdvbx 2515919729 2906245936 183323191 8117022772 4031197905 8822050248
nprkzsymtscobpfna 5802447666 5914368958 8548537572 339390638 1760113664 9070310414
oiosqsvzjvwqupjzlysfbirqdsifww 7303412644 9446541580 1253518116 4547965965 9607407035 9148243231
tijap 5636990338 2187875792 5814750063 6157513350 9978138421 8715813622
excqoebjthzkyofkhpsf 15881129 6121878656 2838250156 9384045458 5868995302 1564993467
piasfamfkqnxgciidyrqj 2559965400 1494389264 7427781933 4687504356 3448756716 4920566244
blkqtbwjrlju 3083340545 9446414078 9150771929 928978746 4810518651 9920082703
dvyteltzjnlxisuuyaz 7258099377 2091185769 6793683736 4866401462 8713545713 2887995669
qfujwinwtidxtmrrsbyvdejciw 7204207552 1594556487 7940519284 2724224781 4411707947 5796201534
bktjncca 4789633631 504824452 4233353278 7819738427 7372164210 2667206433
fdaugarufxnefoo 7960307698 21801263 5641496928 4621249903 1847657421 4292929727
vcxsijxghuqxolm 9187235940 8917602724 7513920908 3629807093 9122640609 2146537197
anayxtdidlzjsrphisnmhedw 9268517191 6714326929 3174589928 6563761792 8770330449 9860147910
ufbgkuqgcfrmhojpanhjukiipyb 5126275841 1746222459 9617770624 6400282751 4616353264 6200079647
okqev 4480500029 9614658808 964282807 8774678818 5205260616 1634481125
tmlccldnuehsgrjceyyihqc 5170121215 4980475469 1963001291 7410613396 7528031556 3865519113
cngoypheinftkxjibvxns 951770125 9796090565 4396294708 6974236239 1429602153 9068262186
ftjdjvgzcuyhyk 6582627626 2093897649 1923900161 7803956016 3532122675 988292426
xlw 2348571103 9921445917 2046141687 2124774346 3457444481 915895306
myvbbhryobjruotzauphtcbryrnzoz 5614011417 6519985502 7572266656 4840339338 605387385 7261202855
pnvemljqznrsiylcg 4845831619 2422159237 8549661092 1004393123 7455570058 3855393349
beudrcnppqgktjqqq 9519809827 2806706071 70190347 9272119298 241596482 4020269816
rlc 8691724981 9671534201 1965047335 6655800535 1547604645 1173246107
kzzgssxnmtcowdgxfedlzkmbkknef 7363649834 6618671196 5092148043 5861686570 2767726883 2526733371
qrkctsnfuooerebzxluutsb 5374119263 3201439972 1891961219 6438318723 36771141 7028677474
henqvfptocgiqperr 9883059213 7750492891 9039059511 4461776152 1992057698 1771772343
eyacitlbojjbzkjhmj 2821477560 4724588505 9466793515 30156731 5087225669 7838728222
nrxfdixavx 6363573693 246469606 3629197110 5416615989 4893094458 84639471
hubqcpxfofsqqn 6705527375 8374931749 3644177503 284696579 4351219028 9288502711
wnyoxspizvivrj 2569906307 9590900694 3710617872 317549224 974260611 6006551465
wshrhksehjuksouyywdcpiurqslynl 4985288581 1166603145 9903361923 6338680878 9914092483 5371301066
ksdqujtfiupmbnifjcsaemhedktk 8323959882 8739963337 7837048271 7359646051 3262805625 1011819301
zirgygaqygxqjyawchvptroa 5341812031 7197224756 7684069813 801830394 4251384722 4701253610
ltes 6297986141 2510226041 9283916239 9696221640 8722407705 9714337556
pjtlnmeapjbu 1100247303 584284332 1459986322 1226562766 2652086999 9116459174
gekx 5007197779 3520517863 6753498444 5276057908 77450543 2191700018
duuftzxmjlelzoyhaorfnubib 620625149 2523686310 7399032874 363119958 8759357149 303528161
pwzt 8839671172 2503009171 9027903825 7673527030 3712978179 7990841886
jtbemkqus 7961002012 9197462613 3038100619 9949556405 514759740 1824814113
jxowdkgtgu 6252378078 1355998755 6275892764 9384694600 9417845948 2248256050
xg 8876386264 9533024358 1315932306 8967679812 7864373313 6517509827
vdneywgyylcadhpllmsrskct 3990712342 8805050420 2604288095 1962880697 7279597775 1164464648
atlad 5914121190 5029227979 2661357995 9415175660 1094864456 2759180253
usfzheyirqmpmwyohyc 354884137 5970754437 9767003601 1205042864 5018120087 6816576307
ualuaqwzktkfkbxtpfqeydxutsyh 9501178727 8014913257 9625103551 700786969 9614901957 7557185484
xyntzugsokcpfcxyajnbsjeexyyixp 4140076875 2510533412 704480657 375733903 5461135477 9974392195
xkegdqcnesnkmxsehgqzjp 8491070804 9793469882 7771908609 7763565248 5382039558 9819846921
vckqiq 7918272275 3308554448 3783589525 168284729 8718117170 4204666865
sgopduxyfjuptdvqkqiadxqbe 3647857543 6152371330 4215705291 7948843925 2997472823 3505094753
ervlzrgeeddtuaxmzpqspbphidhr 4808168999 931947313 4242816529 753244024 6900215508 5104776228
pnnpkcwhdpklftigaomhg 991999315 4679513112 1284124262 7542729664 9750829902 7617726680
vvchxacmcrl 6795630760 253168299 8419823870 8852006934 962313480 5001175257
wnackxwcsjecusjmbkrxnpsorjs 8817555794 6228576318 7339612153 673547062 3594434295 8239300213
psjuovdump 20623150 8757495445 8848237118 1298945012 9409331480 5879677702
zhdxbr 2512514358 1713534993 9762956564 1032811297 5161229264 6925068428
gbtesesymebsmmppgiidthnqy 8237603690 9111273499 4257777086 6018253163 7212427870 1683726838
yyvploxbctuzaci 5073779934 5187807402 6521034930 549946303 1512831306 9890263611
trvegrymnvdxwgv 9884855794 9560675461 7896621195 1742105001 321751179 5423465153
thlo 8405641278 4876453706 2594115590 8774104284 4313938451 3433419482
rirqrioomslnbtnvpsislzfzqfqos 6864266141 2662381033 417143784 9134611258 6640916759 6782557347
r 1125277539 5480199982 5829056030 2273084423 3576587087 3007317349
hanl 4236562043 3716720100 9825952925 8261461702 8244398328 2091354319
hx 2671148428 7657972087 3513259338 4853490051 2519025 6248528397
uqtzqhtowzqpcojkrixcxluce 9578041943 7080463227 696399939 558017479 1972539269 654132353
oizphprtkqxggbcogzezslplkkunyo 1019867874 4120001979 6130266819 6837901039 4274178801 4114418952
uefphsordzuwojtbsx 8723348216 1280586474 7976515201 7599020861 6329899879 9474778646
rczlqvleddmcbhxe 2264429816 6226468288 8361376615 5003983397 404637649 9051872153
vicgfmi 1034845608 2531975770 7297577501 4060969897 1841183582 2419438383
qszgdokbyatxqfwpfjuayuvp 4691422511 387018947 9438696426 4097093195 2453994876 4834873411
yhh 2192683902 881179851 3698295022 8293604457 9684985550 9786274097
eznteoqxini 7817129296 9894416073 5433556249 6072077703 9554582444 9358496269
qodljzuglklmtwcyqkpxx 5790642371 3754956079 4126846281 879835310 9529137260 121634850
komzo 8102181521 5100933721 4980216077 4401615548 3259558489 9264714452
xczppvjlyumnknsgdljyraib 6751364150 8186500567 5967785500 9463839374 2032426604 7928568645
jpthfyjlxrkjfzhrwvkyjzukqgtc 7761696400 3059027543 7288326521 7907573988 3739241691 3800859142
qkxxppxwamtqbijrguxjtwrfqk 9740609152 5423890009 4163088052 6964939455 4455992218 8657753897
nzthmjluoxglfwc 1222594338 6898191376 7088610823 1628511257 7296808227 4774430003
gjtoltulnzfdhykyjnxzen 4363666779 9994402476 3256379095 70269710 9243705110 6052565310
chjvtrzyqkbongypxxlcvvhjoh 5352060161 5297800263 5384753628 1230583241 7059732284 9868359716
lmhvdjekvhbj 5968085693 9605032575 7886650107 5612126015 5284370911 6539135251
mlezwobdpokhjxrkvgmdrdpuqtwsp 4590874154 3441133666 7550501028 2400758588 1525621781 7918719416
tctzabs 6355394585 2503646283 5892532228 4086285317 9859593177 908901163
jfhjevrhjubjy 572608847 8798662391 1414485222 7530389800 1900865073 7032247142
pa 2620503518 5106869419 2260470017 2155473236 6009661811 5035284626
tgjpnpllsvel 7694449231 7989073049 7516307338 8803820985 8867769028 9633971193
fkygie 4690987983 4819941768 9659892091 9507548183 5215840626 8797775237
ksclctwemt 1427661755 4804396515 1695930147 9550861691 2550634718 2685587899
cglnlezeamttoelnzpjhjbh 2929479817 1030408029 2255752788 9900855658 8900950206 5755841807
sygpbtmukwtyxtjxzkg 4915502732 4260991880 6594439488 4403590164 6023485018 6403147230
lphndpynlnsimiajybltaxmtbkp 6390896884 1251660679 3873574378 1629610064 4291147671 5421729942
ylll 1603622979 3251036481 3497757669 3417096393 2711920680 827988949
iaxdxkgzinfuabqhnlset 9992264435 9323985673 9414393573 8980036426 660333671 5225346710
hsivozkxczcue 7282787502 5019555314 9245903039 5870407526 1488847831 6567762407
imlalkejp 4956398306 8449910031 9676776106 3523405276 894618474 446073773
ubomedkwersqun 3996002790 2279918718 4658905449 5957990523 148588992 3924755760
tixybpkixwjzfvtzredmhtbkbgtf 1431725326 3647280590 4440329741 2304982526 667808471 7505490843
hmdqjejhp 771900054 2306125653 1096507005 5013852625 8266149062 3466646026
mljoibqgjmvdlgsjsl 5169049053 5947654404 6799914578 9138305142 3309877601 9071632981
aqcaaikrhblaovra 2093494820 6803080496 372284999 3279418428 4208179688 870179070
udjomvdrissgilzfmatig 1552063718 4349215565 3312011520 5302083568 2678914072 8419542070
tn 4396207685 9756464387 283862081 8532984499 8259445973 9581172850
bgjl 131958094 1152572867 9524476865 6962426265 9013040521 5424520930
ovugayczsne 3711295818 7801688488 3499369626 9142709285 4463369194 6484632275
utsztbzbfadcwsybyv 1107442360 1864440962 8908178373 8605967883 3842325982 7433628990
gdudpeqydtzcqz 3830609490 9926811069 1456357407 5286726179 7847480948 8366651635
yylonkmngmh 1920068793 2348338132 5093769305 4669875625 9581723540 5067610093
weuldesyh 4065857126 6537188784 7282854709 4203110449 1214394562 475172807
gumlv 7300717098 3333082965 2639128287 5392599599 7404579542 5749573216
pihdqrw 8810323046 2060024596 2541299699 3389077506 6626157632 2949558537
mtkhgdplzqt 9706637334 5759007546 312753860 7684621313 3412280974 6438396505
zipxac 7683253227 354862721 1824576300 9662920920 1094627124 6289329299
wvuxjjtposj 9129459704 9748447622 3075668582 7531346375 7969117508 1663958010
pakvxvr 5046883248 8221476420 6899407684 1933845007 3812758725 3370302474
pxgrxzclyyzyxflmjqictwqouhwn 1733093853 5231210599 4579158945 7090678534 6362457536 3517943780
bxutcuow 1133356903 9259478547 8195875726 1393989296 3521483283 2791767086
sw 5696455435 3437364287 1067932793 7235703025 676844705 6748118971
zplvzgjbulejymfxmgkomqfyvybujq 3903539802 8234382229 5982845427 4653574924 9304096237 6551210490
uylfsa 9989476551 5588822927 88052106 4818294551 2936643978 4535592295
neofsvywfkcegaajaihaxj 1082006857 4942724399 6547598482 3084255104 6234859339 4193514811
rezirqmziwxsojatr 7601868381 8177861037 3346256177 3392361368 8175379991 8903743794
bicjxkuyfhemtqorgaxckrsqzjeo 5572242010 6344258407 113982656 5317378384 8880777906 5669419244
ozomdncorlufhr 8972623600 3214811285 2452062246 6535823022 3130921806 4014123512
mqyyvcwjfaqpgc 4653356670 6442111657 7086914144 9463029264 665277998 6163444607
nzz 4034258004 6758854125 9096291662 4248311026 1744192016 848773591
tthdclpzvpsegjj 3994398461 5042193927 7502071270 7172336802 5549781695 8114363253
fjrfxpsavgzf 2389311260 9914942050 7479438234 5176974756 2555085616 7960066041
bebxhbjqingabqtff 1594590436 9111035397 5288145651 3159695064 373935611 8551687654
ekyvudm 677635672 3286543219 6500558546 635661134 5442805358 5088285124
cbcjwy 4267597519 3976620767 4115023659 1233171219 1517521106 3709543285
kkartuqfxqqxthsrh 4171525898 8618033503 2352132716 533131383 5948831642 4503830204
gigoiktcxtgwhytafzyideddiofpa 235196846 6079678876 5204793419 1250520244 8306834157 7654679302
iu 6051749154 42196630 8738607186 6413867745 4649266138 8925049029
bpyffohuzmswzcsiogbcvtxhynvw 5780478374 4383275676 9523481202 724868809 7785592415 7378266332
zbadxgk 2671058282 1967447340 1946097308 2840409797 6709296809 4794359104
zamrjnodzvruycgqvza 1732983106 3886452100 7249944958 48267017 1105190361 3451514434
batphotgzcmrpkwo 6402782153 1196017635 1437992359 5309058031 2856054061 5564447051
tkjoofamxyh 6817937879 1963035549 6334360159 1482948996 861390345 2933041087
ehbanlkgusabcwxpzumjxw 9400604320 7358500644 3535976863 791165572 7547139930 1452985289
eyhpv 9599022336 6459647159 9312254920 9189287262 1214303490 9741305852
fhddf 1761655718 8181775708 6068236527 5830134637 3090627826 9868437914
gc 8878863019 3637316643 3331063227 616058902 8575777571 7168319534
fmrgrvsscsplvufshetiwg 6188565019 4476488770 5626392790 6899622089 9888348983 4391176311
ouxrephnzved 3993717250 4129003913 2574683646 8572790840 33076256 7611230001
nsxkyxrrzpmcng 8287121390 4036892955 6269975453 8441351060 2827791967 9813256724
qcboqwxudyd 1448574598 6110726214 4937542707 8235585712 9500000588 5936269689
fjtkicmd 7114727982 3890006253 9151996627 5651313659 2138964089 6296861921
mimolgjntveos 2786170395 6846868007 5903182644 4206973895 7846368939 5164949619
k 4510829260 6512671268 6611472698 1671043877 3761072750 7205540425
wsomkfqgouenoldje 468169835 6670651822 2123404545 9556974122 2954032801 6385268845
ldsgc 4094021180 7754253448 1788490053 2366027959 9429903467 2594027017
shgozgqa 3869047420 3298632949 5172514100 1516694716 8782380777 8941099640
zzukzliewneddhhxkfijonqv 1601563098 2259349092 5764688217 6336209340 300289461 3711559956
zltemwbkbcymqnrlnulztejo 6242953103 9153475024 2367239098 7177432790 9098537888 2040803913
cauzqqtbiix 7475525590 6179015181 8616791413 3203939562 9959077015 3180257651
hrbbhdwwge 5721120890 82149953 6396390082 7167386491 1537241958 4951522129
twiipksdcgljqhfubwcenmanoe 265828199 6890675178 8593090797 9562613072 3162511020 754253357
ylrcszwpimmi 9032140496 507101617 8795368107 5834722808 1102638687 9908465906
ktcrikcwxvvghccyhtqzwgagiauww 5523933027 5315999355 4882540522 9244617578 5547981566 5746930555
hipqnfsuztxyfoayglpsrbyiyoak 5709682370 7635797641 4029122806 2959891004 9109005104 9768943659
wzydxlklsxj 9401977175 8232685449 4143401099 2780119098 6923582705 4332741877
evksjyx 3062025591 5879490324 1113192935 4451710844 3879677884 1278727764
hgzqeergupifyrhjotsbmgvc 9150640016 5720225878 9093126255 68596579 6529957463 2986730417
sjiqhjahpaxvcetvbmsqbefvadiw 8125009939 2094892997 8305968708 7850903455 3283223550 4593774883
uvg 4125065068 2561371487 9033453345 372924662 2897411346 8319021164
pntkwnuytkhtjspf 2204795585 2662870818 3446333453 2771377223 6383161334 413190267
pmzzdcxdwyfmyjeovaw 761659622 2040148566 7194429046 4771199994 3587299112 8493183509
brmslcqbpzzqtrvc 6439079376 4756137986 7989359103 6653715787 2112305069 7729725620
gnpbxvjhenajoygvvndtmxafnllmz 3279620298 6133930704 8228361608 8164392923 1210198312 2286510126
kkuypp 3065184667 6423338252 6708744501 2386964943 6955067697 7791986929
iniyitdtzbldkuu 8589546195 7591199878 1069459437 838300776 1654406064 8656896907
wrofkmx 6780705495 3329784036 7388199812 6473944155 1130825732 3397920211
qbfxdwcsyiomomovnfideg 9057514526 6818278290 7697180575 3416164708 8436804865 2425150516
vbujmpnegakpaw 3717150595 4145510652 5614997601 4471959218 3718715573 7102032857
q 376512043 9867447756 7101085342 3813708429 3504161253 363188092
hywmhogmtngclwoineqir 2119301816 1659203820 9017429923 4434929797 1548995183 7319201471
ikvmpyj 3838127274 3125518232 5942245507 521242088 9666439570 6597739434
cqddphmyblok 8832763343 2721937029 2953914617 9014581544 4508371464 7645804678
rlrzbywlwizfwaqshzi 2775931793 5546048101 3041034148 3187869667 3134722882 6795793792
lryviodqndanhwnnunzuyhpkbnsxzb 9149445706 7087558119 5765028555 2747501539 1166457040 1994310895
azvpevuvfmn 1867983991 450052218 3893381910 9070727397 6364854196 7092186100
kieyfcp 4445494550 3116944547 6240741265 2861489590 3327790711 6350343119
efjd 5339415043 6039185504 3927354943 2437569490 1573921855 6151345772
srdiqjktmskddrippzzpj 2368437400 7151245173 8933653296 9678782864 6248614875 7111632032
lm 5897061975 6822020236 5159169437 3473909650 3900235638 7124379344
gvmyogocjmax 8090092247 3134611808 4365049778 6375367876 2829875398 6056159331
hagpxhn 456639691 7148183305 292532286 3646321343 218445972 569300426
trhiojphqyryseotnywldycmqwaqk 2339039082 9779818916 1024101218 7474738405 5107669947 3012184754
feemvjtlxopx 1388947552 2976755618 1127450757 5811380128 5099983051 9646350677
ekodyqbdncwmbyjltngusacipkw 2561231295 4220554723 4351554527 1011097638 4809638468 9265739003
rrl 3115131389 8874477181 4404434947 9635133540 9325004188 5082010377
bmptqbcfqhxgxkkhyatr 7629581445 3682065200 4627777832 791140042 6630557350 7641558464
syxxcmacqzobmwfqteqtdhuknujbvj 3422032868 4045946323 7907267729 6100868994 8705553483 9514425269
pigkjpcf 4033124538 227214329 851031767 2615193886 3202659612 9031325713
wcsidptyaadtwussvjyomirk 6847174448 3942134421 2782290800 9033337401 1770654318 8889625028
uycsywltyvyiyyq 2423628029 8097922919 1295363331 1687644701 9495971135 9918470237
pftdqxdzkcbmcsff 3898941752 2675186204 4604420935 6655490447 4092569590 2572044889
ydnifjs 7782283991 8572332513 3478527985 7753195467 6581224042 1161677202
jgpzqimumadkbsoaxodhlzizzpkrze 4731048040 6086609764 5729872122 2219169129 4699483999 3764506871
zbgoqeyjfzqeenszmqstzyoeaxpue 4291380199 3595936092 6748862011 9739670368 322661121 4949638563
l 9181369483 5872605555 4922829157 9714080771 6123371301 7701950290
jwwoawnjofakjra 7255619512 6720303880 9616047641 2869697536 9640327533 4427476680
kpe 6813768039 1664422860 7128080928 8559787372 4172832369 6889853063
rhetmohqlrxziavuigmkybqu 9115014780 8095927174 1304222488 8322756983 1491194120 9020655327
udjctagzxlcuhl 767524661 393269259 6583887017 23318772 6499201820 402412821
nsaltlqdpogfwfgpkddvckaufsajdq 4726060351 9416090842 2796904102 8585713228 5665738628 7945089216
iiopxlksuvkzuaivsvvlsgz 7822526046 638448132 229121778 7880418880 440236842 7937208888
jkhljvykapsknojaud 2660138474 4796576524 6871717523 624099233 1881363104 4792548410
xntgggt 4129362723 3964028025 5555998924 6551317079 479215866 8942200449
qaka 4277890795 4601390389 9288923906 3938051165 4476302376 7418350584
aase 1532012403 5493500269 7694448339 1592316197 3948297898 2687558211
dxgpgtkvkmepqeqdtlqyqkvegz 785549065 1187597631 4401270547 1435942182 6267433993 9633718804
qnfwjifwtiqveycts 3326795769 2153511848 4586485104 12369541 333495247 6648967299
igdeipzixn 363982723 8442738800 7993692093 7865397914 2832676251 4418076479
dddljrxlx 654811107 9136907081 6618671526 1409217799 4704644515 8000682820
ciwynpbrnfkjoldqn 2783488814 826192816 8139914490 3285521444 1613416036 2516942773
znngjsypyo 1516067157 3191952002 8028040590 5382544027 9397261373 6385753015
tsco 7677116650 2401241645 1279022554 7745791355 6804683001 5378977755
jyavbufaofmgmvmhpta 3622051266 5338752419 1781617948 6081994691 114190584 5437475102
zsxzhpeeyrxrjbo 4842579213 2057481307 5568572758 7956242192 1010545107 7411123476
uovzksn 9969480357 5545520333 7451938274 1085807263 3093472577 5770279918
meauddhqxeacdtkrqemfp 577577566 7773619268 6861845992 7290173842 8089470710 9493671007
vjffztpmgqardticwsiswze 2121508286 7766483055 2870725217 9081175130 8904867989 3339891257
ota 3125623332 358581646 4385349699 6954777904 8499165957 3597481456
tiqjgqm 723665521 5549871639 5040163080 9030369313 5790991006 4191736158
avkmiublebahsahckkhvcwx 2819211588 5634250867 3358698902 8596710905 8772663548 7183471581
vjbvfzworq 5760335498 6168560673 3915960240 2657030980 1260025548 9673235670
mlnnivnfptuhfm 8454464697 3486040714 402515229 6978781864 517201025 5839872363
jsaofsyueoegvdzwwdcpgzprs 473575595 4907579309 4248663051 2174935152 4865508644 5179731536
jnjjhuaxwxdghebhtrvbkqntctoefo 816131559 2607908931 4621002985 5670566088 1524696698 3325656003
kcvkvaljbhrzbzkuznsmq 2719619028 761849797 5679451460 6206917285 7774680052 435460006
xcbokkr 7094088422 1106295270 2724376126 8939894772 2217394614 9838916331
jmizlpvltpswsrtilmqrfutx 5829396233 354148162 9733907788 8804551159 5830420748 180112196
egcnjpxlkvridkfgbzxqysdyvg 6192262039 5402868399 472322783 9213813862 4724515584 1916881745
zzxazedjsr 7767941322 8377429736 4242019287 9379546701 2352807308 938167568
jopooeicbmqccfjup 4628153004 3088850463 5073216190 1596739025 9395517568 899628489
ftapo 2553558428 297294872 1034938605 5195734649 4904832913 2292326458
amdxvtnocddrfthelwqytisx 5855906069 9534080454 3964786851 4990186357 4502833702 1352451096
zymzocqjnagwhpnj 1501139649 6419515497 1528793372 2845894323 6662861002 9764008485
rjqqckguakw 2418141550 3141869942 4630496659 3352584895 9271722979 6242240456
nepjfpzmqffkeyszcfbactzbbybpuu 3895042381 5734182970 7003100014 850570626 7885887116 1023022093
dcps 341524667 166095389 7771863025 569331908 8197132242 2001109066
qaquehqsaditezgozuvyjqy 7175450265 3192177002 6016104943 2166412691 6268706757 7705154575
caacdpiqavlaewqopt 8638316614 6969856426 2260501856 8272377596 5867237232 3885894200
kkycnwvljnisvtgmzri 5638156676 5251297977 471639072 2979469018 6692599908 1610569627
qxic 3660916605 5505427199 4834672267 7755281512 6210590509 255058575
tswrjueoophz 4001222727 5648543728 4361840514 2684248999 1053157639 6487541156
qgipfzz 8378670467 6633116841 483619408 4873811724 8218576998 3534902036
pfspfrmypacztdi 7982984920 6411653460 5157361386 9412264843 7448394591 4975193983
qurlpqmlodegmtgfefivuzyxfa 405984559 5672039966 879031721 503804416 1767135317 5734884739
axlaoqssdotxxibzgligttdypv 8264392708 8117182829 7201445863 5874150783 5051301842 4585560693
ytojexwfgbrvjchar 9808053997 5288697221 8066441316 8747141844 2171476997 7397256176
fnit 6874682822 8334012278 9286528147 1617349610 6469518242 6849404814
gjuavmxetsrevvcgpve 8345274512 2479651284 8920411698 633344231 554794279 829072764
faprx 6142902202 8060335716 4851765195 76747115 3310804560 9931901894
bguevksmcvgkjae 5889675544 8992473952 2595874679 2558415497 8996717435 1365077791
weeytndzxznnvp 9898817029 2768811969 2937186475 2008525092 3026528922 7143412503
so 7256479504 8054535093 8373994603 6134220738 4749544654 4247809244
hxsxvhztbrlhvlripnusmgkxxyc 4585252432 7418705085 1164906675 1047894486 5896379170 1827214751
ieryayqfnjfshtwqzhneplpnxh 3641153549 4742089903 4904446924 9490815521 6570038548 9486691012
onizztkkwuazj 4359929969 3475482941 8590115311 2219262041 246043407 3100215969
ondduos 7237090068 2722513002 3887025820 9380786178 8411840675 2770751742
ezwrzhhiflhitosyxtk 9118379137 597475364 6274318578 252771794 1655606667 6854292376
xbfckzjwhiposwcwztabgdnbzecv 5431314087 6440422856 1713996826 8678802658 1358330016 7160011321
jipozr 7660521351 6205845196 6880579792 1524055076 8019929972 2295052287
xbldxrqlptkp 2235383990 5093821303 1510640313 5051223790 3748010342 7868456989
bjmagxjszbzqwxfapvzb 9952035214 2648256411 1475265837 1334415188 6863298726 6101459593
nsgghwhssv 9305917983 2959274545 5364935043 3689740647 1954280852 976934111
lcdipotjmivc 2597630189 4098270101 2043076122 7086558455 4289134384 4033892252
kyawwynjp 7043939165 9775543134 2328355340 59674201 228707360 6377152196
fxxcwymtcemfbo 246871190 3701637833 1981892191 7686378902 6361585917 3499850117
qmgibzmuxibhiocyyesv 7834506875 4982965712 1998265519 7607697092 7401680259 5648412364
gdvcfsdcwlcqzejmwrxhbvingy 2694209579 5787299421 4041258023 214193146 3569329244 205673024
rcxzabejouawlba 8497857941 641288882 6158415194 305378844 1056606604 6906540628
sfhzfiqxdpl 2913398567 8205041436 5803057952 6559208871 7312921608 7579263556
xnlvcbzjvy 7470553881 9811525704 2057550514 774101480 6053554697 939910481
jxwgcevzysuqwtdb 5182475778 6033402091 6875233092 5298909400 4085569978 9142953090
fydwaibfefobfesbeekegoxoiuwl 4119892292 87817955 447175909 1543528294 3975529601 6160324981
cyexihm 4809024236 20558360 9479139246 7630417134 8183189725 1447291135
zkpoyofvpzobpcnvpebnkhbkd 2917108320 5803166415 9478012040 9739954297 3205329050 4046920007
djdwanuvkledfdgdr 1756425073 1177564429 5058411756 623796191 7383148439 8545676888
voznoipvqyh 3954655186 7208284480 1970718309 4182501232 5913189093 1849139768
ctwchu 9700344924 6937459541 3921976456 6467645968 8072099516 8296392219
jicyhqoxnrdh 3490121108 635722784 8429953265 8484268717 8245200772 5340228998
gzwj 9710702018 4225393020 2756101672 2715220316 6781829882 6022738118
ypesiu 3834105451 311797145 1461875017 4312182880 3449738494 1375575906
xfqr 3857886218 654066262 6100160316 5814707316 4008061679 2243615084
vbfrqqrvxcoixacq 971637956 66753428 8983687685 5453437373 4563911866 7910626942
zrdznhmtdynbo 8583007526 6865423810 2578031842 8420187502 3540661061 8306028428
iannszgrvebbofnxsovrkgupepfotw 816496957 1718980303 3779860938 5768049864 3604314477 7970990843
hgnzbelvcrhijijjj 650477319 783668765 4811841075 130184719 6324726235 6807645117
zvgwqaliqodkdlotjdcdibmk 945047241 6371984449 5563167444 2476207706 7966109718 3842737830
uuwekpnqjfnx 9917234484 8226322660 3516995334 1388608964 2100537841 2691658480
pvrmmcarajulj 4040974279 5263223042 8739692585 535709566 1931761586 8463786024
mmucljiuxxyexujqjhqgytzbnir 3006444627 3939180067 1287250909 1308287568 4736375250 5827871297
dakpwvgwvkqcdrmfksws 2104574204 8141785303 4555492566 4108956396 1825480234 2647666629
jwzycfeens 264519470 2677664129 25797491 2140164504 8271717133 6763038758
iaseobggvqamejzukhikmhbivc 6740007508 9427304309 218586904 7300580827 7421722234 9358841523
vommjxwvefxvulyekt 5108816876 1451212128 7863125646 6011644232 229353991 4130154663
gtjzjigi 531202009 5615365958 9943493152 8465948663 9725844674 9784144070
acipcqbusuqcobxmokulolw 39396063 1478977841 6724696807 3395445673 6733466268 4950510324
znhpytifmavnuwjkqntgjs 7651850253 1545082659 3656522194 447403672 6192285983 407797159
ob 7191724126 1774264120 471211609 7545718714 386730255 7743989829
kzdgcc 8427213197 8232379076 8328569806 3089270057 8830404598 5697863890
snakuxno 3348237366 5581748822 5731527208 4851071347 6713029172 2982208787
zyykaoyyjxqxxliztt 2575210139 997934913 4568155584 4314265481 8470378440 7349864506
hyuouupom 9805182778 6135705999 3183049963 7704543882 8263369117 5975745723
isrcvrw 9301536298 3581618462 7210980245 1913119415 9721325495 8308693329
kuixjd 6407178820 9389058253 6106688253 4078457225 7211105349 3780852062
tuvenmnz 9308319050 1835634314 3183276461 5832067 5851083994 8002858119
wqvaegztaootrpllhqrvt 6415449603 8482249584 5553219970 6517453174 7428609931 142671768
vydpcqiqxcpgaaapdehco 4098086009 9426499839 2894760271 1877149044 951841955 4375447367
yfa 4666702739 7777554838 7405191318 2725933617 5641021728 861138542
xvlixpsnuwlbd 1714588622 7751355956 2832989776 4570469075 8328083867 8384136142
cdqeuxaxygi 5708136290 3278592065 6003233782 326501960 8293732898 6272359922
iybyvamx 5259282807 2987010028 6884465182 243540295 9053077849 7667915190
njytbonkrtmvhdbivyqgdpcso 1260077514 1186441958 1827947459 9703891765 6248791651 7782442461
dowsmfscqtlcsgyfoqwwwbsfs 1157042783 4840493155 2198813942 4845944042 3087401854 8041133471
xhweuwalbmsemxmyblpozmpo 7461269353 7212917658 6988266462 1124265599 3341403751 1572345593
jwvoenzwmjzbtuqqurkcmo 8216942126 4157814553 2140920772 6172502881 7237763566 4375823623
ejmxrdsckjgrzxjrajxtceyr 1892837008 6078169394 1964488226 5532654026 7181242179 4711496112
bhryluidtzzpt 6043709185 72976634 4041881627 778393401 9556642560 6271177865
tcxkafydclhu 8355485035 3363951492 188912462 2581698733 1374283058 6974540904
injopuuxlxbbztoynxkwqgn 2302718887 1842210273 3063170243 2610882315 8543042052 8684428028
qvqx 3790485573 575516358 3619303256 4532747046 7569402577 5649742807
lqndhcax 2726163052 5908781748 5529429292 5519244990 7701909806 3410276427
sdzberlsayrrwr 6588542655 8884243771 2470151574 695747575 3399989053 559182351
pdehrihmlirigcrb 5570293564 5081607918 5563804432 7048568664 1654547127 3946415043
plvpnnhnbskyzay 8821619938 7579752598 5713982858 4037272891 8494336578 2380051806
lfkfvizertsb 3493405503 3986311686 7775765801 2104781180 9064594141 3870558288
vzmcseqzzzgbdcqcegvygkgvoj 6661351158 9754381209 5849716399 9486400234 5269599240 9162983281
skdtswzmxygqzgts 521492068 3160237762 6104864901 2197387037 153945884 7379808180
gdmfqbl 3413653026 174569170 1757355767 2306060595 4202610907 3687480653
kbycwuinqbzmvjrsaphcgajnydf 9903267716 3313342976 4714904952 9023031914 2530215246 106062504
sbhidg 8202687626 8662805782 7218045629 4672862736 4686879307 7976177474
xde 228520908 1364759355 1061503187 147163096 8432129470 8721559974
hsvpobkapxrclhoyvarhfircnnbzt 378327614 6620459145 9875806011 9321288717 2438584225 908772072
bhagxctvmcpsjqlxlovylriknpthv 2193526343 890225049 3922051614 9472683429 9321508091 9186558549
kp 5199802136 4565932817 6052011958 758547510 2705429277 433142687
orjbilsey 6844509122 1578468333 280590010 6053648975 10240122 5766521484
wjzanebuqibnjcjlaqhdthrpdtck 264207926 4744243958 895958270 7144263515 5260703250 3365275683
sgvznvznra 8014919233 5195014434 4501126683 1618691897 4207939021 6159085804
olny 4502093613 4983254185 864611848 9454565941 2330930010 3201290530
uoigshjdwnk 6994543867 9389784133 1201453645 9912995685 6510724167 2221474428
emhczroihhyiexmprnaxloyllws 2353335821 8028425283 6471919157 9013043411 4208998331 9733977741
zuxynvhbrsnwdgzssffneegv 6228246214 5460237208 9655520159 9649288412 2423840842 876901151
cgxzwztsmgtb 4965043242 4582113780 7632805145 9871405119 9345680048 3572909964
f 1039385864 1894707527 2405944439 7477461938 8020595529 5803915734
odkqlxwjtaqnxd 7919239882 8205056725 1749261499 8860595016 6190959635 3911329858
kytyderi 4007746570 2170965279 4059259887 7939063005 4287352858 7475519643
dwuuiqzhtorqijgojg 1101595660 6106844702 5945691224 3408484501 2972611657 9064652050
brrxdz 5704053156 2872936203 7965004178 3867045680 8089099665 7015277970
khegxlg 863484592 1658816794 9557939415 5433168641 8952986756 6424564116
cq 7992936580 6713892130 8645781444 3122814626 2012354867 8175539977
oosjiffwrxisnrgdnytbctf 7608172951 2206952132 1115208719 8771273574 6495969276 1529346153
wd 2063460791 4517324547 6448934377 5931725664 9101963298 1518278325
hdbozmngtrvapwrxin 3347946494 9443975564 5626320754 7688581470 7504596703 4945177889
faxjdxlfoglvwoh 2731098075 607097863 7931489928 1384857245 5705580684 5591936977
hmqoksxkxasvzarnpvsngcjeyus 3632510376 9219033907 2991549900 5045661384 455842580 584829040
wckkfhmxwbpigdzzsxpd 3377303772 7396374442 968546577 1919000916 6274420240 1548079968
pndntcoeifcff 6540005624 3219939706 6808527144 654095043 5362576893 9959283891
arnfzsjzxusshiartndqbgir 2152602175 7240189838 7491296976 768464610 8041101021 229513489
qhdugtvkjyfxzbakvur 8150500893 6457122120 4725470261 3259264929 3533739382 3664481777
kaypwrlwrlnqjyjgtkppgwzkflr 9766370064 2829448977 9114385090 9501416247 1005197399 4286953783
jgxbtddtkdmctbnhzhbvyplkiscju 9087840395 1910063005 6817264857 3423576056 6982273684 4149501984
luwvhia 2321258979 1554507787 1703324573 810147007 9604361375 2344195312
dexftetowvkhxoldugdsfxqgxsdakp 319235368 7066136347 7219689404 9359362112 8746384691 2494155038
tuxxiilubuuebghfdtj 9222473012 4354389542 4161207732 5718759506 6833650904 7632130322
tmwzgvczwrn 8443011158 6388413515 6454337876 3473624508 243201374 6543092373
zjnisdpmcpz 6201878163 5593079009 4379961454 4303442355 9397962874 9849859846
sfhlbcpelpvivluzdtmnayfcprm 1173428004 8993133671 7511563370 4037139628 5064936444 8300176618
refyyhzrdgr 6944187205 7467230514 1404913852 4889619536 3742239489 6286525440
nlguomwudwlnqgai 2647521888 1999179794 7831028806 3978362173 356159439 4981007226
nfffjyawkargpyrzbhpa 3687229401 350011273 7402457903 8496912962 7501374657 6450383358
oeteamatzhrnqrvbaioljgzefnpbhl 5532411126 7131045002 1829219538 7327941990 7076802514 553122426
odkwghzsfjeliurjkjhcyjiwi 7490580042 9313695066 5999105291 3046993142 9046522158 3602031763
kxejmdbhvubhecfcseinhnm 2702547227 1213407729 4570534637 3302563527 9059047626 2962554929
kcdhcazonrxpjvldmjietrdvfyzksd 2626589878 6849013725 4976250359 5531033024 9376763410 6676595518
gijqmvcbre 5484889971 189583528 6563341915 8417206930 7807248539 6552044091
j 6745122218 2512160278 1158468453 9952625200 5614866917 7105058929
omxdujhkglutorf 8136011588 1227753297 2484647234 8352819386 5468563032 9420361371
einbysghnkwbloal 9098065941 1880730221 3624198578 4418655295 3813129474 7007830381
izcjpphrghiagvxi 9318644377 8348014124 2896792334 3581779266 2317983493 1653836610
pk 3181966780 9787780644 8096166023 2244774140 660060629 8134014530
ykrukxngxih 886208207 3809939434 7716863413 5966421106 7454969887 2480317335
lmedoicarnnpb 7666875945 6328572485 534927551 9373744772 9000934905 4757755956
hfwqilwdbmumxnobxlylt 2262361976 244469926 3334256370 7696286609 2199908740 2452436113
akrzjlehiq 426785112 8597455279 1562424658 3774085400 845002846 8518408626
rnweqwzpmspkazrqmulwhha 5118646424 7195605546 1844112609 9017650760 4907127310 761196769
teelutlgpxugsdrgmc 4871784826 6512744125 5383458533 1793066395 3729414021 8904177887
drvtm 7906795537 356504529 874101042 7234267137 3577222029 7712533495
oqbhedqelnlgxovyvcciwvnbevnpf 5604343456 7425327533 7351505773 1682264532 1944678510 9729273817
olggnbhobhprvnewidzmgrhesf 3093313507 2341234486 5929292283 6421167002 8754962837 8268638501
tfmpdacmcotljkzvlji 1681872778 1482138236 3241316964 5695513641 3198750275 9542497523
esihksgregyclsoaez 1672426741 327567880 4064632454 5193734526 3740059279 4362492265
gmcwaevttuismljidibmunssryact 465012731 7928505211 644248938 9278234582 3806587679 2430585329
gsywhmmyruurjasnfpbhcg 9699538632 8337846958 8016793643 8712173312 2116582725 1438172982
iadyim 3165829824 1683800874 8693306326 8923767328 1439309581 5142514455
sx 190827630 294090664 3686939304 876870636 4022865384 8351158978
cgwnjoxnypmstbgdb 4782394743 9612686330 6553372570 9266466977 3851828743 6861369742
orwyubsndkipatav 775647799 4290150759 1063211166 3383054370 2437198428 9381985943
lnyojlzgexazmgmnsc 6115962465 6939643058 3778134914 4912970091 4830117610 9288263872
oujmrgdvcgrc 2966905204 8767869062 9306512156 9953529622 9045679332 2673250496
uwdfwyxwqeepeyqzkvucb 4014255217 6217381500 6738721788 3382172529 4859015736 6978188961
djunstpbml 2830596015 7465829843 795417697 6656171947 5987067002 894104201
c 7869099341 4160093068 4870081055 2331105912 3708766030 1080571114
rsbm 5189217364 2128432073 6435823710 2738245049 4935522133 7368010992
ggcipczdvbtbkgwclrmo 5718949225 5490417045 8459651031 6988039350 5273221231 3787689791
qq 4284763529 19663975 5488196128 872503326 8585624492 4268692595
cqjhjwvtubzneaqwldxqhfzvfrt 2066582927 7724373705 6118887548 2395769654 1564938112 5882014325
wnceuhuftfnbbmdsdvrinagn 3055548718 7280083492 7550058108 1110424040 1645074704 8795819590
m 1719527712 6531409432 4931725130 9687208827 2782131588 5798901167
fiuattqlqlb 847106239 9097165202 2153614886 9175813826 8919004452 8486147960
wkvkeutnbqahcajqkyewjuhmkqa 9595538278 7957094114 9565069899 6172017538 3809739657 5583982105
gscvatmmoqsazndndt 5480930215 3528304401 2698179073 7007417430 6985833075 7997443569
wruwcmyvhgaeayylkei 5507712267 1383894004 8354932150 5507170558 4401600620 7024973192
noixdhvwumbpdux 145844744 7622416348 6134333254 1672048042 3318127131 6821678448
vw 5453600118 5630840621 4547828153 6655983445 613023785 75513275
