1000 516
ctgsivazuc 6948025138 8343186329 649809183 7519816890 4724409259 1595573043
xfr 7361926029 1798019940 4616469300 6259974201 3021398513 2816710978
xebaxtuvezhyjbg 8421790638 6657329440 4576312075 4369144896 7617932711 7737445694
qpmij 1992992782 8292681952 6749512422 8527315081 9903095452 835507129
bwkyjwsxpzzbqilioyrcxr 2613328897 7367241008 3752503116 6347198754 1495258013 5106949252
sbvctrumedwm 9312204520 642079917 4378650952 2365505683 2233583754 2722184090
vraauzeai 522495658 2203000639 9965322599 197053408 3098606271 108606481
ezmcqxsrcrontzbgwuyykfet 1796381223 700479338 6680630288 9078743344 4049286277 8879686501
qtzdceoaeudleizehuhondxkt 5293672832 8740745746 6520224263 6120350209 1461855943 3971544622
mamcwgwenprqwnphtodqymnenkbxbb 3147203890 8071230427 1232143097 267537611 4584811221 3245093921
qban 7506280011 240946098 2873856219 4497986847 4178713632 8049609103
uoqduvqafcbdnmybwzgziyukodrmlv 8716464394 4026813184 6556870613 6311299717 1942700 1675561517
rudlpgfvsvkyizcgrbuonvwheqlgyg 9331186140 3110288074 6176007965 5803416041 1965800090 5073023414
wodlymkorztkcvodiikrhcqdss 6805733032 5743377137 2796840910 6171439476 4264835505 4967906641
ewahi 7353741639 906534977 9848690836 4478507123 3460046525 4831515989
patfcmgpafqlfdg 9825728691 6649028305 5523679938 4992932156 2941626925 777893694
fojmwkjjaregc 3092665844 7799879374 3714988347 2942321488 4230804632 2075475179
ugidrzzkoftkwklgsvukg 6497950270 4398011926 2558823988 601463574 3722442392 4730659872
juolvexzlnveqtvyhpfv 7910043124 4335940248 8012573402 8241042363 4465597952 9665831807
jyfeucoshdgudjrhwet 1915892300 4633325180 6962797762 549902049 891039350 7976615236
fpvkabaroytc 5111192163 4214700711 4886559910 1122686548 8704450026 1185010027
mjxmgxjqzdaxihwhhfuzmlirawowj 1355429931 6288188666 1082161780 7861984450 7872097902 6347543037
yrwmxapgyibn 6574194219 2606319835 5653619715 5533122490 8351246170 4340429367
yecnyliehoxdebztrqkjfpw 6233727193 2702194758 6708761240 6052744031 2298435573 5105511784
eumzbtabqbpusrifooef 4227376234 4268895609 264061373 5680303481 3481598153 9548681857
xuycwmpvbwgoljmqusn 6563287689 2290840620 5009414669 2374351771 1802182388 3052606354
oruhozrdhkhihtqkflluaett 8109063311 3414893603 6960831861 7901520796 4695197065 7082643664
ihvdbrohdnmfcvyh 3632531398 2907543834 6925201183 2542680055 5931226377 482375555
psnmleysitthhhkogcweivt 2597431385 6892100196 5144172985 5593866400 8426658204 1095429478
nsdfrbykctkrx 9466547090 5375133402 218020503 444038167 226999992 7104279600
yshkefayamndd 689303130 7801596720 2897921205 7430991961 232371393 9704229603
fhornumeqamd 5881437829 3939194024 3258113747 2503174594 2571943350 8660316614
xpbjzpxeaajmgddg 2935250501 8169393537 2518213675 1989637127 111893615 7123720255
ko 5642937488 4608535122 7999750156 8512773377 9424749778 4478395811
ciglbmvqei 2804378715 6720001118 2707624733 5747290521 1900928166 6582866182
dei 1374748297 6498446625 5383298775 8781320885 508761309 2669916390
dbiqvdkpcxidotde 3855682548 1169360586 4857522493 6187740317 5188957248 1440587759
fjtbvkuesk 4434309619 6380294770 5630423457 1450352884 4903646699 5079400065
irujzz 6133886757 3761190406 3038702267 7464160628 3068107173 6534896180
wpau 5983477720 2666397213 3565149543 3763740403 9312764741 431916474
dztpbg 9686189969 4014952311 2955118235 2719768975 2310839380 2356745446
kcagxmusco 5928858046 2022015888 5197071556 6940803320 538377746 1399436209
hupbitlrqzivjwqid 2012351882 3835276464 4187801383 4753982336 4302581384 1133988840
coybud 2291300536 9696687867 6343983310 6111690155 8894143096 9520124927
fztmxcht 3614080396 7251829375 2565817153 5247391799 5221420703 6342469573
fwb 3886334703 3505010857 7049731008 4517599502 7419085071 1054997259
ygjlqilp 1600686215 115244790 5448378531 2221761490 2560506034 5530413166
ltoczobgtyhzwuexdmaajwwy 2957080497 1162387790 6969098985 4860058431 3329505046 6954229948
yddbziogakdy 5536493727 4068882339 2087003462 5811650995 2129813929 648934765
jxveoqeo 1598445547 1394126949 6745062579 302614838 3155059434 1130824962
pjiborpdkeo 2381505030 4047818092 4058862662 3762154477 5152450589 325608197
r 6446178038 886685093 8694749902 3184942034 1452499903 3202210357
xqpbysxnkoptjka 8480339414 9425609049 7022234568 342632392 8986683424 4699691972
ipoy 176613539 1737727883 6848975219 1003494215 4875333301 4760749545
ddfzvhljuwzrhfvcuzakwylmnouqzv 6095478352 5736021247 4742249928 5579210507 7358401491 5556739915
lxrydtgrayphpsdcsfw 5872717952 7587080423 1556219278 6644488679 8699928931 2072025665
nctkprgadvzhbwznfos 9959363756 6641040452 9469870728 5859203289 6779729402 2556974512
zengoheoxg 1259297680 1073520653 7465449164 3224138511 1668360456 2875154901
itzcbjvmsdhiwtcfvju 5735914348 4498140019 9329316891 2048521282 5058026016 345929561
ntlyssvcbgyxh 4195006720 662769752 5743185675 3197693333 7205540786 672277029
somjfkuupikiitxhmglwzbldfzwcl 7135540919 2498903616 3378918587 7288496793 5465525258 1267522029
dgnfizgdwxbtvdthhmh 8631056017 1229915441 1858740933 6642986613 4702971517 6544756751
onrlnsekyct 1718753721 1907758834 8457638342 3601467199 6243379829 4268843396
pscywquiagwoyvmom 1506286485 54901577 9187565819 4805837778 3633692837 6121526145
ow 7151972619 4423704802 8814271685 4334838604 9654895103 2392607533
iubhcqktmhmgac 5745538383 8102603542 6036160814 2113781795 5772789452 7850382971
ygcjtnwjtqrchzvfyffithyrvtmzv 9845169673 2119563510 9838599769 8311243315 7781249823 8997330254
krthhwpbjfywsd 2663014631 5609399626 9483022463 2921257784 6745068812 8185957318
yvtcsqsvueeynrgwrrsgejbhlzgete 6504482222 5782425282 973539383 1327797632 3669017484 6526956684
qjhdqzxvkifnjaeejsnuffknado 8644597763 1086044482 3658608230 8243512425 7506296232 9708441018
burzsgfutiflpqyrjgejbaovmoae 6173956448 6785599079 84589015 1360356673 6292318218 1270793416
ovvyqg 5992853215 3872034033 2753325183 2668127218 9186639521 9525073262
hfip 5819094822 7866514192 2197650347 5479050341 6083445968 3111244865
epw 6265707013 2339546121 146054597 2502211539 984734617 7581761722
itbrilvolqadge 6420895287 4366670634 9588556795 9069280535 4514334045 750986789
cdejhujrtjgczcznsswnebsgywzx 6324560701 2745433334 4586750811 3019946414 498055370 7725109218
qfr 8902587490 9608865665 7717416325 1477745955 6377230756 342863644
sqyprmovrmcw 2629869019 7567628409 2345158106 5419306084 9010036280 8505508021
bvbwtdciunjauafwajxcc 2286389 6143570374 2448133371 6665952868 7016483111 8814920381
abjkvhc 8081967346 6937721809 653711472 2778422108 826654967 5799855850
axhgrgptowhdtgk 7433298499 8590470412 8378247324 2854061313 8804331299 2489637808
rnkjoapsyvliflgtc 7902207968 2494355111 2626201746 8921199394 5764959915 5357832327
v 1339832663 3732823352 5926486789 1475807685 1632140307 6840563776
ecuucnjyoyguocktlmvyjvzsozavbt 6684226912 9632468343 7124797903 4658427066 7343280550 338575291
potttipsebe 5159382770 9391427300 6085202671 3040630473 1104506254 4411187287
kzfwdrnnkzegyjshsqbzzc 7817427083 1711325278 8776539376 2364778221 6107631199 6804973853
gqqaou 3544063784 5411636961 6442114403 5712025472 5477192866 5040035496
cwaqwvkzvocaslazsphdaxxlyqbtri 8994531188 8309639747 3506424753 2283723977 7851087287 8980700574
qrfjdnogtjjkhmamied 7971701374 7841001575 210565702 1561537648 8170867565 5592615258
escwqxgcuv 3462324729 9079006620 3557737222 2321529600 242666672 5850481446
czscegmxasmrsvneegkqdpixeeps 2093487459 1056741198 1579749412 5545692268 6921123720 5394964661
cygjjvds 6059470988 5147239575 3011266798 7398147616 8579531594 1397004541
mpk 8718532121 2221419832 5706132756 3278562370 3291289222 8495215318
qkiajjmojrb 5907550591 1361103697 293600436 4666954622 2011074096 2418250357
fd 8626656489 8001809613 114575566 5635550579 7378040524 4748713349
kxwhtfjkwfkcnvkmoub 3881237179 4933324700 8080671818 7096924399 5655729173 456924945
lgvekezxrrauzyn 8129288683 4980088014 6162399074 1124362247 2080853115 8528881017
elierunh 2680795107 9271644017 3356270687 29969382 1541114549 7899059315
stdzaesbavg 7464337268 2618144625 4541934079 797035637 9284837627 6610146584
scrzhjpdwbjvjonrhitw 464843256 5918083751 1176238837 3382823275 2245367543 2761736552
pzxstmxodvkqqszpfwmrmmdhz 5714436712 1004917538 7556833240 5252281565 6722525128 5450907906
gzdklxdlzprvdqzgf 5573596157 2614471480 4917581512 6156976991 5502313084 2090296255
zuzjlwrhllnbchjupslxb 9978969717 4923319256 3104710740 8990280110 9133681104 2723637393
ahwqflkqiyphmzyarovgiidjwrslh 9882563375 1535668546 3457749927 9851822958 5855362494 223252702
rguyiaa 7008793279 1017452612 933424790 4032473383 633244716 8495874576
ngwxddyiyzqabuyvohrqqsdavtrzgb 1773950157 8694836288 1832861341 3245301114 704807605 5458560783
vnrzsxawtdqyoyxkebpsbygfc 4428603326 6022458902 810592734 2306775340 6926001209 7959996016
tdwivyczjlkicsqvhjbxdxamyqlctm 6597765664 3425462403 6464639152 2812982960 2790444507 6867748694
tjsogffdvhwu 6025396965 1138479307 4755694607 4824024057 6172617761 41290248
zgvdncinougaoqjoljsdsajh 2816918348 5682764868 9024369526 800667401 9286220023 2154829117
wkqazvklccjydixczw 1372498792 686852591 1431378296 5134378399 5915181277 4583007805
hdvy 5790335530 8682475049 4418192720 6647206487 9255864506 7544791783
ld 4287138451 2180811003 175355336 4952763750 511398688 5113695749
rnjthuvsfiomidjhocltvpsj 8345413259 5107900799 8231553853 7073418283 6228241670 1711870116
swihjgyslztmls 7285582962 9874581283 4976533560 1180351020 9005130759 4446269270
vwrzvnptcbpevvmumswcxz 7925872288 6766550618 7261661772 5709581680 1098403995 7720664990
zpdmdynq 303336022 4723931292 4958806585 5824454747 7276950696 6539907312
rvvjyvjkzjwsadqtzdlig 4173351582 165502436 3495316580 4628154262 2445117244 9853600296
mwy 1488942779 497850064 7633175783 3532117539 671929854 175010752
cpsgmfvqzadcuqmgylsqj 8310847798 4000077789 7055478817 7579990998 6677878441 6036074968
qsyavhzohyvqvbngfg 5858444266 8525186359 4313656569 5603043169 4092871629 8048088759
mhuivtqvtfln 6643365247 9013286381 7243477723 8101482195 9186214576 1346065315
nlhojqivkbzubdbjokcmtyzwzjw 4013546762 2241711257 3664678109 4435432010 5775731588 8887591247
tvqnovbuiymthwz 4875914083 6083886236 2844762445 4966673040 9861322906 3807827766
ilvowoszxtamboa 7980086416 7322212313 9357455452 8383660301 8629970695 123340232
ti 7771253850 4738800764 3344620461 2702562718 1994870529 319732784
ghtopfmnm 4514382918 3738867769 1260078280 3969637215 9130112273 4511352569
ogxcbppar 9929548985 1561021800 1616302590 6067426688 2632043925 8154162959
arhzheoyyvbfoyjgbiv 7953593490 2581285391 6470826025 290063824 8285786476 5922491812
ktsanil 8169368516 6177021283 5997509381 4511143209 4965697848 5992788583
vngzxthpueirswraioran 4852196476 2905241839 6826481004 9299708498 2196053898 7247522495
zlvpjraigrtmfexhjhp 4124224676 1658082401 5462208079 5693145378 9305727635 7923432297
qjhpupu 1250239992 2246282080 3277184809 5426204656 1109832684 7052786657
zjonxqnbmv 7241114163 6257851966 5823266828 6127763879 8542541723 4225120106
rrmibktvqkyzocflqduvidj 460021480 8740999164 4716640188 8684766273 5767748434 1239853706
gxvzgjruxwlong 3377289796 4433807165 7567408063 1958364883 6845792515 4105809979
veugduznzzjhmmidrolwljvruuijwh 4736364170 3042937588 9491233606 7111607067 8091758617 1519147017
bqgtfiucsbexasjhhpdls 2638756283 7063221882 7027495762 3730823018 6599273189 7832676467
diiinvk 8111685690 4401714090 1883911273 6922744378 17410919 4001683456
hh 1988749355 3664602498 2138193009 5843519955 8270169386 8907723783
kwcaybyoglgaybx 30558505 7393089941 3378417064 2330249345 9429610547 8644702457
iuxxgxze 3476722274 3273464017 1999535504 4095191013 1045606102 1091890062
ishcirvvyxuwxapmldrttcoy 209484684 3844362809 9456756970 1410906998 5766289632 3656106990
qyehogfrcq 7698132810 5396695276 5888984097 3433587312 8641704257 168691665
ulvzkebmtamkwktfxaelsdusy 4376120594 8493596125 7067525915 9822633805 9895386430 8269275202
whv 4292582609 8182664179 2216040782 2627059667 4700128185 6363853157
somsuo 8208204086 6852835364 5724997455 501892476 3349058336 2543944484
dlvj 6922636005 7594598002 1204516045 3137812033 5634362256 300255694
uiiyjpareaemymuzbmxsiyduqjl 2895948214 9614609268 6458639709 4750732730 915065470 4030506201
yqbnlapsgpulpjytzdfuesitz 9247900170 8962665183 6816066960 5969714132 5672729669 3267928320
mjtymiojhezehc 292686936 9747649324 7529991521 8334982007 7938781953 8254197741
t 918724942 815576763 3594624190 2695198364 9167427580 1426695324
lrwqyjnhdesmuvyzt 8597070171 6171902896 3968592679 5365496444 9480303668 3032309877
qxakockgynbubou 8561135788 355418590 2714854925 5234915557 8998618603 3334487929
mbzuklimndqovbcppwjdzvdsyap 926122969 1584557345 9550934170 2822272364 2699638511 5631676489
mh 6109389226 339807218 8558820038 3270454449 7099883722 907212672
kdqxpyuzea 8991996782 1627931634 4856152009 9606614794 6508981440 6705346466
fafaawy 1664796452 8473367220 2623494845 8414580490 3766112261 5566466411
lbqeapgghbhmpfiqqsjrkwfwzk 2386258525 8146732426 3479462268 5969444011 3634589811 5816486713
rgbslhmymfexvpr 4319232771 2685904155 5477845915 445079973 6477160653 3919273535
alcqmqehoeppw 704080182 776313882 369095327 2064214429 9771792848 164196989
vzbozkkflcvkqibyblhpajr 4079014297 8887546621 9841666687 3027447446 6480389007 839412778
togxwljelgwliosakubkkp 906703636 8535219464 1574751440 8210812035 2495184360 870066010
sktfxwbckarpwcwhhfxugd 1159587304 1941518868 8649393558 4408282442 2322438793 2282794055
wecrzjqzoeppaxzg 5924071508 6464425138 3455375008 4232183695 9002060089 9865931483
dauliayqdtjvhgo 7493743671 5683095651 1190636023 2555414817 3905390131 5569732107
qwissipcoojasyadmjqxoyk 2540534642 1662342766 1591294273 938346105 6620682231 5042455043
gxgkbqgvxrfltqe 3305839918 3838683398 8085175738 4152408599 8464695784 1204859067
hqqsufhteikebjrjvfv 7085059257 8308788787 5280557801 3482810733 3305964348 1874755171
xsjcabfxighbunfy 5051764307 661859949 1953696986 2724239572 1126058625 7580803739
yajlomkcsafsxtwt 6363368957 2452752849 2571547248 3904349336 7073688470 6235490760
jp 7909159230 8003596428 5186537177 2977582770 7395684034 8124660775
soznxqyanfojwff 8622982080 4457953696 3293724767 8692422787 3490379557 5537421167
yiphkgagaaltbuiwqnfwyknru 6324677212 4371778979 9191248887 6183284273 3073102396 9596660919
bjokauzosuaupakaplladwshdb 5133109060 56803606 3495631761 6677478046 8939482544 3716611718
hbgouyjcfyq 9884807438 1310532329 915794351 5110234224 8648026470 338343582
jxpsaujdyjliryo 7189898715 9957542354 4084021760 2947712839 4425494881 9874098651
sxpuhxlzzlbggdbsno 8974081404 3142742282 2297695121 6638998490 252469114 8292924479
pwkqgluaxvhxbvjttbwcwb 6023536151 2880946809 9280280766 5831798894 156232610 637959156
ggumllzuifyzvqikzsxhvaooe 5319228143 7769565819 6580488892 5740204812 7686617485 583445106
fjzdczujjndtmei 4187204230 7772160951 6770046836 6262443588 5059415980 2489381321
nqmrsvsczioasgrgzljk 6590118022 8808602424 2167349037 5996824182 1921720549 9334671925
oqpoep 6548946732 7739828703 1119213646 2048560992 7743279639 2415464695
nbjohrjztppi 1738095658 2877797265 9847745147 9281123244 9805517492 2262617520
yf 6985979687 1018857861 5164261489 3734214230 6201930184 3308124669
cwiwazobfpgwfma 4699572385 295033619 2836538153 566210574 2455494297 1330933438
dql 3297013222 2934780042 657130759 3810379263 2794681445 4522611211
yglmkh 8477513346 2863765032 1105915482 3158733139 6022528154 8486321550
dijadbnhfknudwslaixsvlahluox 7701665365 7466814842 9454614104 7070978174 8694625723 7940801434
lxkokyrrzcsbbaupmgdwellveib 9435716148 8752922695 1969090407 4883427444 9142239000 4135503660
sldem 3587063001 7563383974 9989512579 6867508805 8105202179 5753552902
pwtouqzroje 2900549784 1754735506 7790705612 6931862788 463635871 1614173759
nmanspldrupqlyolibztrpyh 890239498 9857964379 645563190 9916999917 7084549463 7983059843
nmejdymolxlmmxptpsfgmeuwupd 5862082589 416977443 9052393027 4206863021 2154412694 9423750707
vtahwdxqgxtvxujpevzafmdwc 2670957341 1864811242 1980413910 1155904355 4795936947 5510283271
bfwtvycxmzerqcyzlqivquhcckpwa 701297831 1696556074 6792963316 9050723999 1229510073 2474642218
labje 4033095725 8103215140 3500686780 9907936168 6418593064 8054173604
kyrafieqjbghaidlphoqocnpi 5442358420 3869246536 2671208809 9239495617 9934329123 3975116287
dpwjycvhvcjikbklual 1593762477 5905609722 7890435345 9346747975 6806755421 6168540843
qoqzbwduyhlfnxksebsyezmzjnhrgi 1038647695 4455758633 7565320508 6057227420 9236245764 942772307
cryeqyomoobgngulneyfcffzvstaf 7177803084 1908975627 6229066671 2884733375 2275793308 1879072079
aohkbhbwetwynqncwyj 4648582577 887229123 726440175 9133225441 5737842614 8590990680
tvsfgrnhfkhsqlvemkc 3331395986 6410634270 1807067132 3707134804 4622756997 4077133809
tmn 9741956632 4533601677 1044874637 1532003133 2022536957 2055632750
iolrnppxsizcpmvdjepfllbaf 601938238 4888663894 7657634865 7196022660 6654736986 2218635342
gychmuelatqgrueknynfalzphg 9199837230 2556271201 9966025873 1329753531 3578055685 8077651889
bqjwaxgmtmu 7322441236 4043807686 3869585301 451603065 2101919802 5245377960
nitfepall 6330809119 6821738743 2009097964 4592809673 2015465714 4345169074
fiuqoihjhglcaz 1867175317 3713890190 5131668579 8518706619 4833252778 1952944258
lgvmlklxxpfnl 923619594 4825928285 3695159863 9292696583 4311239901 223955051
rvtplooyhzsjtrjtcnbxttiojogmm 5011310481 5943395573 6780692632 3264195550 2771135436 4273332315
txywvzbibxultfnimemplqjpgyltj 3091047842 4229200154 4982162852 249026751 1247101141 9568151684
miqccuiabkxdyslabj 6130823302 8359998545 8885623334 8126419517 817583565 6122173218
dppoevtjez 6732082869 189987666 9033018231 1685624975 5107155579 4203460439
vnihmhvjun 1519951818 816488359 2597089138 170743008 4457813470 7579517624
xmasfwoyaogzn 6949269087 3210376070 6308867671 6416910871 7014087299 5512906268
nvzyesqxdjoi 6081996267 2000657512 1126488927 35552881 1498221802 7229809304
dfgaufgd 1705330906 4669833296 7583182547 9050710455 8045957936 1330688602
fcmmymkxkhnecnkyji 1065281247 6397372877 9291163236 441052452 3624245116 4480811489
dmeywnw 7387966699 7623687252 7513354500 4900305775 5472414454 6062512902
tjmhmhqxvwrkkacz 369605705 1606186301 571859375 4958530014 2129598671 8612890831
kchoclczvvhhsaih 773958004 1780845464 5884947388 6542672215 6083879089 3601187180
eeanlzmwzniqdmrj 6239530362 1574482830 9075984335 700690990 3271914948 2179200128
bgxmraakorj 6143512613 3850632229 7559802575 6141496525 2659557631 5194164931
bqnudgflkwxhspexwxuxfrmu 1889359916 2800302724 5684900060 1494021235 8250812229 3183948360
kpuicijbklcjsoghayq 5993018651 7661517626 4512698850 3772707582 7129869997 7945099351
vhqrksx 3770697242 7990617917 2985793293 1932053056 782942993 3210080737
ejthdbcybflkvuncewmkseszta 6929162340 2604897940 4132289616 46889828 4936170689 4094368990
nneetytgdirfqowwcgiibwudprs 9796962871 5029982531 2348403381 7483783427 1664584161 7349337766
h 8899614664 4044981897 7190552316 5317096734 9475393765 6623922097
kscyuv 1880286236 8421115044 8704169916 1544395182 4565851528 6406797854
kcuoujjmd 5925272174 5361221868 6551001927 7692213520 3339523556 3069681193
dxjdbuwbayygpyiglzmpwwlbyoywoo 1614693121 5603116196 4220118019 6965813829 591630569 2408652585
lotjesboaiycxt 9946289094 8252628910 3789434887 7945167145 4319554328 6700137922
attamvfgjsgyrdpl 6855526663 1734661490 1132070447 7192530097 872838073 4936102669
hvq 6278915823 5833691029 5441987735 1211917598 8840871354 2432658862
sthngfayzb 4298557502 3648650860 6511540205 653504734 6617636335 8239902280
uqvxrsywslpmrgkkjkbc 9502413219 1889510641 3573804966 3121304696 3631750669 4009412593
roqmwdl 8953254698 6741438431 7687920111 1523864108 4655746902 7459223241
jwaxwdpmsjqwtklzovwudkttbvqp 2355087896 9433169487 6777636792 1677469324 7998939248 9042723615
ycesjlewamldljiiyknki 5633200113 7553905355 6432355604 370486095 3550018276 6575145977
hwqkdxbfrymdvoyveyyhuiog 7415752653 2421211545 7565188698 5835702919 4094042298 9565042023
uvlantyflhxvuzrtrxvexxs 252650200 9733279260 2831949398 9533466924 827922141 973231794
uhzkqjnmdixv 1981682024 6133536844 405074389 7269225922 1001714804 7681616013
hwqells 9821761243 1933745498 6042715213 370845474 5801666986 3671265569
tyozvnrkupz 626404321 4311877560 1389728789 3318531844 365413539 8824338556
phuftqbhtdczkckygkfusrtvukks 9574011163 3020533708 8806959541 2706862263 4799133929 6387398778
uabsjlkuyatulkrlndazjidxukby 7430430091 4676428849 5679659442 6546574343 6588734014 8943134252
vilfotviagbyihr 3637866507 2686307650 5755539614 974409427 6418853414 4680570766
upbgdlfqyuh 825286688 8903090339 2476928461 9692219947 3410127049 6746642823
kxaukzagzsuesyclvdyxlsjdggtv 2080757342 4270322425 2087708924 6630224779 3650762307 389216967
qelkdjujdmsljodkfugjogprbv 8375992794 8544166994 9320771286 4121024500 846045826 7816841620
w 2006940794 1189957061 9231031345 2446777474 7370487305 4525918435
kvkivqnewdsynmfgpa 6649374316 4713273070 7976778257 5116532824 2132349128 4072649283
jcpaibdnlubzubxntcshde 3681848490 8950870592 7531101764 1247670957 1818427979 9654789659
pcecqqlwccynljoxcwy 2575384512 6630563080 3107074320 8536945999 9366046485 9645431706
brauelzxyirzgeamxgxilkf 4384027799 1196168616 2905589346 9553794754 7215916323 2585036814
gdgsaalocqnsxfqxvlll 7405862484 2337316942 2262455377 481136047 9059238052 2754733009
jqwds 2851804636 686609280 4719372533 5445334366 7649256330 5958263799
eidobbtphfdflyytjseoyzwzhz 2509924433 4039287487 1528448190 4664630953 4764369197 2635437821
jdkrpvtzxdbequ 5795308185 4473019576 5897309191 9720148780 3768452900 988741756
enltypcoibsqdcetjsnvxdqcoi 7817450946 626113066 5385781682 1200333370 3314682394 967963844
xijlfahlbvuqp 4985517081 6828729802 3488449324 141908518 9700963625 3234999342
lmcdruldbb 8731899201 939488999 2011770355 5410376547 4046017068 8600975653
n 8910499757 3753978848 8530257781 221781844 1871815619 8837731211
tnqyeqtz 5780932028 3325680471 6352627154 6164663019 6625874372 631498533
paupeyyb 6905036699 9045880003 8133688046 6565348091 4149950503 153162448
nseouksbvdjmjhnbkopkzxhdqjxes 3158124949 9908352155 2837738185 48269292 2812925640 6120204524
jrqqrghvbhjwur 6013330968 4046681431 219710152 2341802601 8906672999 7142647715
kautcyncutxxf 7631273566 7855576991 7585447859 404043489 604911236 2870033300
fezgdvcqgmlwcy 1635526950 1239690161 2285157921 8895415134 7175593854 4248426890
gtdawfdjxhiexxtkrceouwdz 8052595552 4690282294 6365918716 8978362163 5805145746 2784196346
eenvgrqdltwkpcesikvua 2237271226 5856377114 9960535366 2919587879 3144478642 1792092908
dcdfgvdy 7903379865 406277634 9440144816 2517153128 6047603394 9345011439
gyxzwdcrjypnxeuoavnpkhiw 6067570077 9589813982 8944674840 2951755999 8687920471 6176475977
mw 8940406515 5802401508 7685214177 7215930809 5767829654 5717899496
pimxsgvfpkcixptqg 3933708202 6378737657 5160920240 6222758313 2565781522 4353285294
jlwnovxjqx 3083724386 4035212977 6144432147 421734255 7491686969 9885265614
vv 6623012452 2033175980 2676761342 5107200026 6265852614 5137987355
ckwncyttfjdg 2195140074 916047963 1306929539 1416495331 5136211868 2052884251
xfanolpxxlpnanzxu 8539759254 7216713576 7063616487 1571720119 4260204025 3010047107
rew 1344035193 8941148538 7024901302 1480506336 8776620039 9346787582
encrjhddjcxdwvrbooahwixvdz 541538675 6982108724 3445728379 8105963860 673213407 9030792309
pumxahcrzzqfbrsm 541899353 443962051 1017629547 7741297632 7530770200 3531558866
ivplejjo 4812904714 9676124959 3496899342 4646455180 7025270244 8442806515
hrunakzsqcwonbjjy 2749224237 6596601466 9389968302 5557376936 7847154488 9131312720
tmiiqrfsgpqfbpqcctrsfruezqdsh 2905159432 3586069103 4091059455 2966450868 6819676913 5383894547
qypubagbhcxxvo 2218179920 1262849517 508974389 367919100 8554755254 1922542722
zyfonlgmifibdnebpobtkhesimw 4799627538 1194676321 2197427940 2905251255 2281275882 1955305129
xzqxytfiwpq 6931748454 1917971992 1935893698 2058640269 1542869810 1293403180
e 2017802466 8341622639 5933290919 8648333323 6533853731 1628037332
cfomvazlbmyxvhlgjkm 2034766650 4001008055 4901719434 2950728266 7886274453 4426883001
rsedmhai 1405252361 8959080169 447189783 8045058124 919385022 5652696352
qvoovczflsdwuhfxtf 7724587719 153085163 43060344 4513844389 3615856245 5665721172
xewxiprzkieiatmpltvbra 8257194890 5355380339 9502570105 3663604066 2015695678 5757505797
jodrbfprygiaolbrtrlwzdrlmyxtlo 5078840154 1820703899 5781068736 7835844479 7157121086 754804981
tphbursswpkrngqjbhhnpz 7932166002 9264980522 9266720984 933156330 6200141460 6975723899
xnbb 6745028894 7665826054 6829697394 8751023321 1718734112 2932177752
mmpiysmob 4016219119 64578964 9882083675 6311285111 1335411225 937852056
snwgw 6301485210 1124987944 4860566460 335306085 610532315 6052681585
hcclzrughhqpzpkrwdddcdpdmsipqb 8453610444 3674359660 2906789313 6939827264 5319583817 2395665180
eghc 421443767 8297557771 6330238841 3220973910 1605198890 9078644215
sisckbszjzcuioyoyibp 4850939655 8719987641 8658540791 2715480997 9846076964 114230599
mypxlbwazyriwxtqwinpaovllhg 1731784195 7118637396 3891718680 7865130012 8030066861 6359910408
vwsbe 390234280 5525119720 6880724357 2101712639 4760149958 7574730305
dbupsjam 7455245880 9485008964 7665502391 2525269901 9285277019 9150916339
orywnxflasgnmilxrqlsmavlfqqxmo 4452476375 8435834014 6971899784 4346464732 3877131188 9175031671
vb 9559685659 9652910476 936527251 6251950406 1931786384 5775384386
fldarmrtyixmrcpkshqzqdydk 3156590302 2847522477 279586815 3045548018 7043558524 3796602509
bhguosn 6210217540 4814318146 1571877814 7702696208 4377482084 749615936
igw 8559922827 5111432325 6656525287 9204483616 5575940891 9725499904
kzlxvqgjgyzqdaugoiwjgn 1829835703 7283803392 5620128729 8012923593 3511931781 7013246334
zcwyfxodzrkyjpjwebgxlzzjvt 9244766938 6242179453 612360716 6101962241 9002856452 2971806665
gsvyrajiihlnlgorwyoi 4021391193 2190923830 3156711981 9328797616 400056102 191717367
arqoncgulszjbxxn 5431488680 9029204925 8965963068 3345970629 264626709 5026026261
lmwieeawukwkqwaikgtrterij 9988556448 9973494784 8480721899 9913588585 4342280302 9527611964
avkdpc 6612341441 2774275328 1913359016 3539025406 4190817694 6022595045
uwejaqydiaixjkgw 2915674593 9304985492 7247075921 1983221664 243488791 6768389969
cfcuharcsddxnphrxrb 2991059095 433781002 2873521690 1931853502 179333313 5149799443
ynliprdmtubvokaqnknywkfl 26164079 3364665291 2033973383 9608367199 3305368656 1885950481
misokjzlwevrjuwl 3741841253 9438714924 9359026283 7345237158 4541884600 1952038540
exsjcnb 8736405808 572025338 5199105664 1139548540 7566494405 3028839487
vsfiulkfjmfuhdljfjiaweau 5267355760 9896863817 7440846244 1477643662 959135057 9914505657
fqmkxusozioqmm 5456809937 57383188 3669087796 3668393969 761774195 7570810428
akktaylvbilypup 1238901539 2250880688 6136331104 3491640123 8904832932 7402005888
zboftdwfvwdeuc 3164027716 2228477282 4535098996 6032293472 7357641158 1519838498
ywyegng 3242888400 772549267 5246672868 7484995021 9751762086 642764295
sbfgakzlkpga 8878032606 5818238445 2993730808 1801364024 4441638242 5889576672
ftrbtedwaijejhpcdi 6336307624 9517688339 804930631 2102746731 8563355946 9004726481
mqdcwwesaqtnudduuwyhrz 625066920 4761829177 5275561898 4555770187 1404815892 910633764
pcc 7729883364 3547790550 6367952846 4134421556 6303335144 4305985361
uloyceftihiauonmye 5352211978 1151416388 8744992541 4568082632 4052619236 2171948220
rlfvmjxy 9171107403 343626624 5895298801 1465967167 2361747365 3332616116
isowifaictayrbu 4581606805 4355049851 9333385234 8749500880 6914714457 6932915063
cafdtbpskdfulakevmtz 4390378184 4392686635 4905529830 5218858224 899297043 6106337635
zkfvzcyvtjnppbyvltpaxt 3352107223 1161397107 2883577793 4400408375 4096466101 3934822527
alusqjtlogf 2201982699 1926471484 985002209 6309226473 6552878009 1751059081
orsmsrnwiwdwfrhgncfowwu 193439747 7524983183 1837345539 1924862646 9024542780 6065537232
txuxdzxnu 3517667142 2715291306 2546562627 7997753790 5523727764 9051515402
nrq 1512672095 9136969331 1988411956 2225274332 6886395427 2194275162
zmswwfbemeucduzflqgczptpgf 6634068590 1697359577 5995314042 3276456681 6985646449 9978830339
vpzovgfscgn 2845089901 5634401733 5752113373 987656198 448117802 2393679154
mq 9696288290 5025624879 6155877349 4151385995 7104230782 1576989687
txeqxhjjhgksqvbnhykzylxl 1931329879 1786243213 8568849168 4499476923 257462629 9604320730
rfmsciznwkolbreuax 2218404078 2859909754 2950352822 9030652217 3749097320 4660848317
mchpqsndrdfpkrzoichxjfnhtaiq 4529889576 8457402546 3661957054 11285129 3998555747 572128958
rexeiegltqpefotvsvpw 8957737652 4913577256 8888437679 4515079515 4209578251 6770432352
cvuzcj 3258898652 6552353338 7411670311 7959916868 6962113426 9602144574
sampdsipgfskdixeqdjhdydpp 9293205578 4383079906 6940931810 8914178107 890391450 1757942852
lmutegffooyszz 2583299203 8477838465 3085332768 3615233237 6229734420 322383717
bmugrs 3549097985 1445389984 6815122062 6773023472 1067303019 9253001443
kvpgslughrokazskjjcykze 9323353707 3939537072 4580058663 1893984217 5243104117 3239491238
vpefrwdaqsbqdiohtqpuzzx 4434148931 9002447543 9535308439 6596013658 6323814529 4058328147
zswbobpkrsdnmfuqd 7757658745 100465840 4187543134 1203526451 2938716632 393248520
hrlujsjefcegyowaatcumikgl 6931770435 783406516 5553992038 7791367845 5268422802 8272172945
fbkjptlktsfpcjxizvcnsrxawq 1528613718 279276521 9181741484 234770642 2575976900 2879897349
odnnpvtbkahdt 3580847307 5284599059 379020730 7635625795 9548015991 7615467755
gpxqqefjmazeicuafmbxbcbyotdtx 1130556167 454501772 1258656621 5617868918 9771325267 2414625342
pghwutttxrdhtbquyofrgrut 4127496095 8333774237 3899243410 4770290532 8026487384 8060809348
aqyisqngzlkjdnefhufpxhwsecf 5770539950 8866191215 523482293 8285799242 7073278037 4441457204
vmbfpyhirayvsqgiknmxgp 9006713749 2309318220 5225998659 2393152161 7288660438 9417016279
bvbjsxxzlduixb 1839003414 969274661 1823872073 2260137889 3673052805 7574177289
upvrqnignjvgxnkjdvratd 5028855430 1226789918 3940023508 1894721787 8358134691 9017150249
lgrvoadnxgiahietg 7112333227 9893369866 5769114863 1379957949 3542708337 2364808361
bjerkeaebbysewh 8999393872 8024260088 1143135707 6215588374 9683683651 1089531168
fravwoukevkweuqhbxdzrcftewdzgf 131602319 1401658595 9753517240 7238927665 3427496673 1546556462
crsglopfeahcn 791432508 3434572975 9661306318 1663414004 5052340892 5760413394
xmwwtfajvguoxeqxovkerr 7961518943 2116827200 5718304070 5277325208 3691389344 3986023344
hgpulhdafu 1618957998 4826795621 2130511762 7328660942 2128336784 5943635621
jspxvlmytzsjd 2730895422 494975293 1239869498 5594828197 24505823 5604882281
rsygguovrhwob 5924831758 8330756637 8519008657 2576042587 2795556678 616693227
wep 7990706976 1678774431 8823221730 606573377 2468437468 2494096774
npzkbirognf 6401039931 8427720401 899452393 5364079142 397209967 9164325173
jkwtapsnbfzmqcrvknr 9998080492 9949055379 5007983724 3159127023 100227456 4344159797
yhnpxhvbdgta 1199733987 5996882059 2981537904 7358027133 1319914369 3589846635
nlfoympzrbgzbllntbadraakfha 6544311652 6019392443 6060325139 6154641268 5038029965 152715473
qqlpksvujwhpjbnhknk 372108619 8551507432 5050610804 5951847271 9160418396 3451101884
vxhybcir 6892284677 881142932 627718117 8100621143 8191240267 2946321909
s 4988182439 5080184828 1529958698 8402759218 8941692559 2372048112
bgnac 773423471 3306790638 1774425353 8309357447 1375151799 5965996729
i 7244061762 2527797248 8394265036 9307330208 6511144736 4912625935
sgedqemqujylfbjcqqihn 2216579251 4457332949 1294142409 715227395 6044961549 9416586743
jfroqeaapirry 3154280461 1507459863 1108964141 9610926520 4357227931 8448709008
xaywoowjsncwabrqsvi 5241015570 314843738 8112233897 6459707769 7976211099 4467884730
ju 1155328279 5328811585 655011415 3242756756 9621717417 6520571019
bjmqdwqvkwuyvpoxqkecfp 3142925739 874228682 9943518721 2513076695 9728517310 9720814910
tcuyffo 112494335 8859693169 5520840179 6306617393 3063461940 7852441832
yge 1239676114 4178591512 3162573200 6658431496 8676709919 4814892092
nobdngsuaynerrmjpe 8825666245 2107374709 1303047048 3532848545 9145419322 8927372066
xnyqmgwko 4508240421 3370505170 72039746 8157783310 7778261150 6253556212
coyxx 6170745011 7712148941 6754611889 7409895580 7270306679 7620761670
tkqmdtqjkktfubdqxuwf 6564051764 5956889008 5420440440 8351632843 9068157657 1861872219
brtfmqdkcectqrmnbqxr 6491845955 1790236035 5754224820 7064262184 2481210841 952550568
tcm 4873764793 6448068663 5124514745 6312572497 6132129362 2566471611
tryxl 8775477721 3744595757 8742556112 6545533259 672020407 1512209031
jklapyttqwwzlvza 8980191091 6431996968 9692111654 1480097904 1506416748 3400513224
sldgnazvnodclqlfnfql 491402582 2781374459 4681072728 5698534310 8518554413 4542307761
l 3839928016 9982498185 2820187941 7947957176 8087022841 9786818319
dwcbcpowx 7775896595 6926363855 5536271471 1267587565 1944780251 1035584761
qefjqe 9133974791 7075794851 2058472130 3757002069 203664464 240237147
smbgi 2861649482 4329979316 9676960181 1278212355 8979530413 1507071890
foecwlzrrzsczadjohnjsuhwf 7608891401 3402455895 3282878990 3165649576 23397509 2655687035
sdliwpyhlkjnbsywlg 7324551232 6580918673 8394490275 2079509610 3337637555 346980544
ztws 1140819886 1612311602 4013763463 426698724 8396162320 8311196011
iueyukaqyikneyerwmqeiaiqk 5821136103 9617788321 1015603037 4705862716 3975430545 1841686621
jlre 2286959970 6617755223 2342632129 93395743 6139257368 5615677471
oqtspoalwcgzxhvrinkeuwv 9531464365 9634637929 8774822246 5429473300 3224044528 6069297907
sxxtxtlpcsrgrfdtgzumaswtd 1598846295 6106253814 8396931857 1309270976 2080016841 4469048074
vmhyuazq 1500741034 9120475370 5748091557 4525643830 1895014647 5932927944
nnumbyhawyntlckwbfpehxzfyz 6919050794 6875774139 3876062109 1905420292 7935731809 1877697985
yzyjeqty 7488986296 1854480640 6721614928 7360612302 3981140705 5588935772
xcymtvpkocnrbqs 267692313 8007224419 2232767091 2435540851 7307122209 181204715
hpyktso 5791585403 5297773423 6879632237 2937126975 6241622799 5459039215
flsdjmlqlwgusztcfjomste 747403205 3225900348 7552581953 523169356 6696429706 896581498
wm 7784564725 4379234973 6642121249 6995849694 9063985116 9884343109
pjaucgnzavugifpmzxi 8155168345 7079316703 4100019205 2077218531 533471166 9774234957
blheaswaxrzemqokbsudioplvunl 7676955162 2167019303 6868186727 9671058042 4536323954 285969413
ishuqrixxlmiffj 1686720507 2771695410 853704887 8051038432 9702753651 2185200471
jxcpcfa 5118616931 349033852 4963159466 1537012172 5641921263 9441115316
eqgpihqpdibxqtlwkg 1253933267 3645771323 6143679390 3476880783 4012020585 2422114398
kkjyzzoanmdjnv 7915420663 5814810022 1187199322 6656744495 6904295738 1165002658
gscbeejhcopogfzaphnglxxawee 5507930019 5390467931 6732602733 9501773473 3427363967 5896770934
cmhejmeohvhwawdyrlocvzwu 4144691626 8937822320 6660453639 6957912360 1664265058 4308329332
jlrpgsfkcnntxbvlylbete 670383140 2078385683 3348614171 9082465694 722300999 9555005360
ozutirvdhxxhuawvnekrug 3442338569 4401456519 194598092 8910756400 4461617004 536467580
tcodaeo 7722747843 6099938858 781112147 2866231681 9447980962 3105032168
sxfwnxchhztufjmbmdsspsdit 6149109786 6593469504 152842791 1071088201 8722500645 1850798697
rwtmkvipshwmeplqyojn 2387940891 9961359991 5191739886 3590973087 5828956116 1868259101
jpzqhqptbmpncnyp 6356926358 8712921786 50258973 9576626384 119662812 6244212440
edzdmfqorfztsamzwlljvxmlyni 2661237957 6751692105 4271372841 5082191926 1323708906 1211990754
rgyhycwrrntflbpxxijuajvutzcx 687268404 7790206450 2553545471 8147888858 4576172544 8251940967
tfbaixntnn 2406930958 5859270613 7289923040 5606053926 4161401846 2611322358
hicnmexrrvimeddiawzs 8862094240 6814934280 5924117379 9545241507 6924291372 5465535833
bojgzkceqrkmzamejwjibocwuvgud 6734550929 1231092263 1939289406 4956897293 3176075623 2412915062
jqbglzlkkwsoolsbkqtel 4793798495 98084079 9770667660 6771591410 1709661972 2321942345
svwgaquzxtdkfpaqhftyezafk 5503228914 1118856913 3160798384 214181899 5706789894 6336240796
gseucmuhxvgxugzkqmu 8024224541 8863958452 3237118202 4585607376 1547006298 8661257325
toanukfchewsjncjrdmdvonlvgd 5375031441 843360747 5876999609 6598024084 3216967223 5648266744
cgmedsisodsbggqngpncqrkhskxcgb 4883762708 874131859 8449140210 5103236652 787033886 2665907399
lznutapxbtvf 8347874032 3634307657 8713686654 7284088166 3608463279 4785444362
utfgdsktvfydlrmlepv 6720084914 629716039 5177190489 5415679191 3045285578 5850617335
gwifibagvjteacyl 5645881510 9065496849 9401541447 9407758948 7965653745 4972261786
peqcgyfouipfdhupcmmieudcjgv 8962079318 5379910041 9246277259 239874325 372143284 1766681924
bxhtszhcbqhcwgwidjmfzr 229829506 4005737855 4587804777 2794153431 1662096367 4098501109
rgcjxgdqqvgay 9638061781 6783940782 7232432811 8642940560 9509261863 15695595
ycpmorvwngyclcu 9012566291 7343730190 7266901006 3194673920 5397086494 9767741040
lqvhvxryxycnlfxo 9258363420 8630141176 3433136378 844901085 6781187092 3037035999
zdcyldyoprcndekvyfwbfknjbxm 7124081199 7020540104 3954951749 2992440045 801698205 17529468
cyqgyvdismamnf 5700903002 7510057003 1983698229 9004423380 7711943775 4940031472
yyeorsixaglgeel 1268151031 6116193962 1086634986 9458087843 7763658291 4737044823
cpsi 7904369014 5777106846 7313875693 4730181618 434891438 9395895373
dtcvqeznwfflozlbwlj 7347259856 3887300051 5903860842 3694052556 6567676291 270955303
yhxebeir 777157860 4488468353 9898767615 5835852518 3380163804 7286136303
fcwgn 9104756463 7740503717 1334248223 2399600728 7332613315 98573789
vllbevzambfrnuan 771221259 8335499571 1455288351 5569638518 7577518173 4423307415
ptosgtfc 9542975641 3151962792 7023404080 9520516634 2049139039 5815299947
pntxostlaeljvsbo 7048499409 4812144123 4370295554 9199603731 2203442567 5216586312
ufifkzkekwtmgaknjy 5323318744 505933722 9788521917 5716485722 781293369 4918727325
biiroovmly 7083627120 6052415899 4218708173 5424001703 8729881263 9648830430
lyzg 6239051654 725937212 6301835572 385860263 3292632975 5114689484
omsvie 7900118419 3887190533 1739719298 3601163131 4197953877 8363379940
krty 7173844111 5409871829 8790970906 3731633690 492409376 9008904584
fblao 4928249885 6727179216 1586469027 2256399493 7743560276 4028033093
j 8718844603 1955827397 959264608 5034088521 6669494158 8137770514
eszwdcnojziqesvfvjoxj 9701377140 873096706 9549316689 9723775049 6542781375 6450251041
rybmyceukikqtoaqlfdv 4818342226 9878247783 6182626353 7914728413 3491523262 1317256638
lgesnyjsqtqwdruu 5273438094 8785677922 7775107349 4118483976 7823495542 4161792431
qdefwzznkuswqcfmludgefsliou 1448840723 1164476561 3330541759 3932735330 194009519 9251720063
xrnpnfasdisdmw 4343907886 2717338201 8764601399 7110965641 2505652135 6372623064
sgcdovbgbeamntqyjn 9408630528 5109615550 7287324790 2349348100 1268930581 5244877330
lrflpcamiwkbgklucjyawrraoza 9617491440 3913908929 3627496691 4186775858 3386156157 6313075997
swsntyjdjemnvdveatjagccp 6804712192 6593011788 1415748382 6327183423 3284566937 693039261
qcxrxwufktpkv 8904346665 5339030859 8209241740 3226630212 6575334633 39892016
umqymvboztdindomhygrnetfg 2771190661 6222582865 7808693728 4200675318 6228130440 3816120040
tomtrwkprltchwiszkzymkmzici 8882658148 9555412333 2276099036 3328915813 9120467424 3775897033
sxscriekhemoqbsp 3338023270 1173578847 8215476403 8760437463 1959990237 794814804
pcwchisvemjcuwjt 1298886940 3016318962 1954691937 6822370924 8417890463 7784726215
brfjkurnobgutvwokcgl 3191271459 6886271652 4008022411 7738504827 3003067967 132728169
bikgcojoozbhdfnykgbeyl 3672043470 3577284325 4069522411 9379510603 118681684 5651132209
gqquvfouslhitb 3325774304 2062450679 7468084986 4863039278 8963238349 3650139693
dhhuhfiroqjzunkgdiv 3296843226 9532185754 2906723825 6041774585 773965745 4644070886
ryybsrvqiopvcqv 4288420523 2613498103 9030202214 2970238384 5386340246 1041464835
lbjnleugydytfcxzpnuhqzyqzbdomv 8506623588 5909458882 5254571865 4805262983 9444386643 5583883363
iaxgfgjf 7844969766 4363201265 5906122373 8717812569 804663656 9391377172
woipexu 4760410854 7133375630 8331043157 4191313820 8914309024 9316543112
vocfclpskssxzqcn 6475633883 9396360774 6744926384 2438550699 2110551364 4444934742
saijnjqxvgzapqhwjwfpexughsfpy 5159548657 4461941058 7405980434 6939068679 2004831939 1517077675
iakcve 114396785 6969629459 4649101678 6604122578 6217010949 6764957519
eqgagvc 5477808283 1857112824 5560182460 8607564093 1770705700 8100906337
qnmwoi 2994313592 6863923316 6970336797 2238415973 7225004566 3185277961
pfwtskigo 2704922208 5124683235 7096009153 7462773396 6094766666 15989713
qalhycdpvfls 345805288 958121722 4849813905 4426341876 3014348218 2181394203
lfrfnxiaylnpkob 3456992222 6280306274 8623854367 550420690 7359514052 8620312391
wolhasrdujaweloeds 5017215088 7641678199 8446303521 5808183614 3309916939 930429560
czkzurxispi 4398247417 8154790951 7796102101 318272019 6478971475 1218374185
yfus 7846673930 3459140516 5211370936 631206921 2847115826 1920207796
dnlqmeertileppmqqrscbskqrmg 1047131126 3245927078 9044955530 6552004334 7614991515 636996258
mtkumxikwchjpxgtw 2811578107 7092482131 8424526396 1549387253 8270349788 7992630266
lonmzbwrmsozhd 4005725294 5755743480 8502784094 9726642173 5380675521 2964894860
avcjzvjuce 8616750467 2437526608 1492162886 6918752452 5845480313 6669444541
iuooacxaoafyiau 2755024275 6621246334 6543406744 4150942156 249598853 3762112863
jgwhtunulwyxc 2454624551 118646634 242644345 7829978277 8952034055 7508873817
zspforlckfuq 6699592263 8153320336 6079991116 2494995983 243044942 5164541389
jjnzxnuhergwqofrsjoqtf 9180553494 311301686 615917255 1551515463 9643182433 79476079
jqakuvaxyenbkpncpx 1123655059 7642620757 7890017065 7441713646 7758469038 4365403976
drgvioqcpgmwfpushjp 93611506 4204875438 2749542319 1425669561 7321286877 4912982826
gkrgduhow 2136685812 7972919088 810015683 1290739911 9630928576 7949717331
oyjiyctyozrynmn 9898025038 6838660500 4504049140 2566690366 9774065146 5510770752
fdxzqftegcdbupqhpemvg 9540066937 7901514093 4652561232 368745727 6185228248 6489380119
rvhqhziouwcnaxidil 8242629001 381731949 7949041649 7954075617 7451198545 6128995456
brkmvkf 9837425187 5222950969 7145261592 8062928817 1140051864 9675688212
xwysmynrwkfolndd 3495518909 4202837353 1247488807 695926574 933469892 7655320527
jzagoezqvuqyaivhufh 3339745253 2526440596 3076254941 8194947665 8766357959 4072707150
nvarrvfksenetev 1108326306 6289328059 5729160501 5356339854 4056284247 2415555397
uqqvqszobowlwfllbaplrxsvjh 9482394821 7689004662 4152988568 9290402708 7680843365 3319079990
rwjutqtunytkrdkkqbzcqdiao 7059314219 9724538487 3735173134 4297456593 1096689348 8211413582
advglhfzgeeojztnzouaaecgb 3074697789 9615519117 1840818415 74371829 2071283535 4287485900
mntzkhmpnubuy 8436758659 8020920318 7044134908 3980933873 5817784413 2290988576
eeqwadatacfyjsmfitlfivnz 1243717104 4043463016 2645239237 7236393135 1004082979 2330108650
ahurkcmajjzngw 8233839508 4131622564 8356391330 1105239069 2986662073 7291438309
esxxilmsxistzswwxgbhuthf 6312418482 4474325635 5936313049 8158686641 4755378651 4295107908
lgjzpyrpoxbvwrojcw 9873538018 9926099017 9416385221 9324316458 9241802000 3468757356
czimntgriqauogtpthoktinadwavdz 3768403921 9475262579 8486134962 3889285985 3835558461 9493236878
yltlfolwoqsevgqluch 8866797841 5815721465 8894169405 4099805866 9883098065 4742408410
bqkvdnvcphl 6832921907 9713731060 7399941175 1167152836 1543071340 6225380920
xxyywvweouhzizmwjbvankpxjwznc 4329477249 4053260559 1125615374 5983142469 1292462841 232976643
kvpnfkxmbdxonjowqyrin 9930871209 6144480907 4068724425 6769230407 4486919243 4850938907
jyf 1843378399 4005488003 3226883304 1305502881 5265223847 8058893567
hpdiwembn 2591036759 4762410280 6155994281 2849785741 7558241664 7683606384
onxkqivhqydsrugygesj 1343916052 3411051461 2952235566 3872704602 1542290311 4183681971
zsgjzdgxxgbltgbfnmreuzpvqgwl 2971808314 3266441755 2453579293 8280279174 309913041 1245262563
wfwbzfrhsuroccf 9351741419 6286153456 2955285390 1818806773 8280331546 6068045589
kunqhpejjdcbrkphazulz 6311146744 848713827 6701139327 8273394768 619094781 7590299248
zwais 3937913335 5728465186 8842292692 266299493 7081978127 8781536302
vl 8140585857 4130022455 1161317217 2787748077 8861194026 8531878472
nelhlqnbyqxyp 3321966558 8395090380 8572135296 2872411240 9530321416 66407434
qfshjtbuevvysutmbz 5081562418 6586420 8877227687 3360186916 1614700989 9658236835
efwbqtyoksflkhhnvg 4949497250 6893288857 9361095461 3710204035 5931749321 621661967
zzvxrzhetfr 7458392172 9854855891 5111244773 8100484345 8144890058 21301798
zbcppf 1280649822 6723060863 5291619782 5239765401 4168426661 6588190585
lljkmziihsxaetzqudhrlqqvtybbm 7815718580 9160219956 3473817786 5608619609 5580386725 8311524650
cnivmx 1343155733 5748577563 4302726833 8368949283 7196491087 2866286027
xdgfjoqvt 7719283602 2192108609 698306198 537728035 9800116194 7201972377
xv 3363337259 6450842171 7155750284 6784754873 1798303365 8484710960
owgdodjhdddnlhbusrpizyucdhzpg 1947375901 2842131245 5902596449 6426194194 8589167589 4351365522
ozqtfeuqegisljhll 3485760923 4426850990 3322624054 9855579391 8706851096 8765888115
rgblktixqogguj 4346338337 173526960 5500523441 5260256455 1600621447 1299885551
kbcuaajszkolap 8726983928 750915525 9534925851 6461211420 5167679702 3494669204
vpzqhgngmblnmn 3227022226 599348119 3685886418 8003872817 8076405958 173221038
jzdbhwbrylqjxoyxyvnrnmaostvuk 8881108897 901698067 5960420200 6101584511 5388481919 5698534925
x 6220099901 7913437361 609118971 6045498773 8133757723 2729456210
vadhvnlpkvbg 2104623432 8983905882 2639847713 3566939349 2148745493 1984962029
wtxhspfhhuk 4986655876 7642395609 6001429873 161811142 6714887447 6840051920
alexhepnhhqea 2355267108 2936473105 4920230566 9321192639 4101625328 2657091220
arszpmhhenwefbr 9096498105 3368388022 5073506643 1186306485 1025956490 1990306476
mgkdvomv 3744438831 4319459712 1161975469 9556945917 7997472935 8041714856
fpiyueqtnydyywmwoholznacsglxa 5740141393 9791764568 6025632370 5096091014 2457495600 7816324418
hx 7184913885 5109777238 8975573259 7624710462 3193216796 6613995498
ntdwrfnjaugotkzyjcx 7731435593 359119638 4453335722 4693070233 2581902491 8064664102
rrdcb 8475418057 3711250061 7659708977 2220564147 7384057563 591221301
seujrxsfzyyxuklrmaahwcyjvcy 6486322817 6276555850 9317456948 456140713 9864680918 6667471986
zphrv 4160858126 3097407684 4366111137 7335598717 7503706796 5693284732
qruitagyuqnsukxtcap 9329225780 8659552320 7969781511 4478867243 9204591464 2870057753
milughphmxsbdxw 2141785784 5655793139 9807486620 4527152871 8186661674 3730476573
mqcsmionpkmahhyzyzoqlebcmhyj 1582084264 6439984122 3985155280 3682533223 333904129 8529497161
ktahwnbbcfinu 8078929289 1890466012 6053401988 9565970978 2070776471 9579559228
fcgomzwpmishejrrlkn 3432072026 9457477546 1248264140 1707329798 3463457967 2821998859
jnrus 6148396729 3664768032 4124986030 2945065604 1540653382 7946994242
wsljlazi 9552543719 8906427508 878022729 3034846806 1348245711 7653404011
zughgnvkgdpm 3650420514 7129308922 2702846855 7105202815 272145094 93571805
czhkkrcpjfzsqrxzzatddegqkzy 5867773614 5991641111 4144786543 7982920271 6177762902 1061334945
wtuafwpwcwnirlm 3359276438 5880522956 1303613401 2538571780 5135525257 6407591908
oyuaetmnm 2705568682 4264716592 4545365120 3239275567 7361368802 5829145420
ey 5324276399 1233033529 1759019148 176337936 4649647707 7364132696
dqukjmzjjkmkmbfxhsrpgnseodxe 6872847570 1669905059 5648078155 9563301586 2382428377 6400964781
hjscixakgnwvbtjjrzuyhblxumth 1091502517 3764458980 747472767 8647420706 9251681603 2995833960
dardsqtesxozcnlxbs 6917800270 4822341903 8204866436 6185680750 7436020280 8993776531
qux 8013211463 8504179687 3481567060 2114980691 1156777598 9526012981
zefcfrtzbfvmwrpkw 6008251513 473176732 349731100 273488245 7543503481 7546600054
ilmihgsuqynbdkhjb 9446607382 5287976055 4445997717 7453734072 7529280793 1277820585
wcjcoczooumeydyypl 5459372985 7485274535 8462541420 9603765940 7253261538 1828497961
oeyc 8215945390 5888343073 5308875730 8525361799 71877012 6373538458
hwnbdgocyttrsvhvyjgrpfuxmnl 8984898276 6949791649 3474518181 7301468959 2890453447 3646262775
dsvtlekv 5721693745 555671306 2795438051 240914905 6961321352 6076006257
llrdgolluzjujvdzpznbvofc 3224519209 8318084601 8026464018 9148067412 5609612181 2649279713
ipjkdhcvhqobmpdzfdlgcqis 7527746670 8568379986 416672046 5968261967 9319164551 9899558171
zmeje 4016146837 5605037237 3963077862 6554985795 1232458235 4723207080
yxvkwgzeryqbmwhzqxbzq 8142450566 290474501 7486384363 8649261423 4103158413 1830741231
rylzdy 235245570 9839042867 7156456919 1821443776 8019298088 3395749939
xyliqhohbepwofkhahfzzcoygum 3031465433 2072895135 6838767568 8735486745 8439787361 7149477209
qwevdttkivhxzodesxlynsol 7814459170 1990507767 7599155180 6759157960 7125905196 8046948295
wbtnrxuxyxrz 4660253903 110409827 9074522091 732971066 6990638132 4429217873
wsgsewsrfoyrtpecf 5785265390 4604897791 7091931237 1166755636 2538787738 2023039105
u 1561251498 5078699848 6017119840 4765574240 3955085753 3320040003
fdimpwqtdms 3849408667 297972988 4673586840 3974637317 7760267125 8997092620
mfggqksngyxhtfvdjuvrcwnuwdmh 5055544320 6026672096 9351798539 123225763 4759038997 5681511556
mqsdxvgnbxmjtwerldnsot 7091380695 1140011448 1200062150 7156420385 5430808028 7101265409
zedmjbcdm 7331136423 9586927719 2148403023 4255426566 9364256320 5532552461
yslcxaeirtxoxzhcd 7984229540 4762453561 9177215480 715984706 3429551200 7474650839
iszectbzpegi 7089664201 9092702865 1135194481 3102041559 9455004250 2123406796
kalaqssasbyxskic 8819496286 764543658 2086489731 6209530540 6785023391 6927349723
fwbplgjxwvadhqaphvagfte 4920673855 7652492833 6194275961 7022551648 5518602046 210229984
rk 9108093497 4679186156 9014922774 6349953048 8956506447 3415525440
g 9947346524 9633955104 590284830 891573879 7033656387 2325688777
tnarfx 2352454800 6376371310 5410732218 9266223497 8712568937 7953845957
cogks 2109822557 6346583617 922532553 7172603206 9614557900 9489358449
jixibdlybrtoxnwjen 4881300361 5339169151 9232968964 7953364301 9936777848 7460857616
racchsfezrctkzluhup 712038686 3988034661 9706775882 6963563713 7033079664 9389595909
jz 6166881147 6741430766 3648496571 8348988651 1231621936 9839476535
knrjzyispdqzp 9555259634 5131873049 5846324871 6126905003 3547676773 4593957066
xizslaxwbtqomaanxm 5210573768 9687973670 2751823947 3310270641 170194357 5338922122
hshxbpdmaufosiyzmbzo 2116251807 9184903954 9043210094 1673612658 2918358205 7808114835
vbzmtehvgsjx 1186224299 2347171177 5543078379 4540602519 3461202294 6926059426
kaiqxcrsaylvqznptdnjihxmm 6800311095 2330138504 3428642924 7564649061 4869765974 6603629210
okfqog 8571643616 8012509180 5596680263 228082975 9146377375 7013258164
pltgzcubbhkjkfntu 2309121710 3496838434 3358020764 9024975878 7587357222 6372808111
uqrhgicazhklsnfjyzfhqrdo 7477180245 1373803825 9488034720 2808374755 240387910 8446513933
cckgvprmihfuvwbatdvsv 6610691063 9861974437 419243806 334453996 6091360833 7544289027
ziodracqkfildntmmkycmjeabrn 8796309013 5460430838 6117834388 8852358144 951859108 4151722288
kbvuvronhaboxoyaz 9883369410 3287818968 5244128113 2866556992 1030434129 1305862739
pwvfk 1156689101 6838038971 1583319581 1604397705 6790131759 2268632667
y 2128230142 7938290048 691211085 7889970418 571720962 7231451781
yeigyqibvantfqwodaganmn 2441164503 9696876838 193121966 6159931425 8465896689 1971152254
otfvqynhebaqouilubhjfcnlixrjh 9903848258 9092052820 4384263503 2329797295 9636269496 6297044182
ftmkapqwnwfqbtotv 2876688771 8463993932 1607067876 7671482175 6534869204 9479309216
vzdkwktvgbviwap 3834787764 3883272681 8444339193 5304223050 5738540984 3795775665
dzyewmebllzmiftigpzq 9355179243 3503219312 6904598527 4310079189 9212169626 4012328255
rrcxpj 9179865518 6351306464 2544206679 8809141303 9136002034 8625246373
ulfqsqadmmwztasmdsrxxgwomtr 1753815822 5335962861 2645217620 8984471227 9701104081 9613905578
gawblvsvydosbpmylpmixjqmc 5818531021 1768512301 3142523272 7417374208 6879558539 8320541024
ktktbvpacq 1563316730 9622523655 1681649490 7033403184 1733549371 899920080
cqwvhwohkmewwumdbcye 1523466028 8740740300 6921127765 9290770816 5677857776 3044323453
xcdvsap 1111240835 7887733098 2621155317 1256615512 2810158131 8835449247
noeoflxqyutldhakbjqxfitjz 3334769533 2037968774 52346946 4172598805 7248249669 6520755989
lxamsslqpgpfflievnkkgsacr 8083380954 7656395874 6402718050 738121077 3857127142 6642106206
bmuesvcjnxzyrkoo 6235865663 4512930371 6964217617 3334292387 2024459657 7612891581
hqmqkssvdxakrafo 4899824036 283137894 8467574485 5940700970 1682273579 5868348271
ezky 6153533385 2803470811 2750054369 1694756353 2725800261 2893576176
rychhntgmhkvsjbozhr 5793279056 5317910244 8447840068 9513452252 6716689169 8524554842
ukjx 5564221123 8789768415 2284796417 3512066597 8365004607 8147787084
jjcvfzpprmfaoeiwxxbdm 6165779147 6742531328 6182732328 154614579 3069256331 2991307826
uisjwlecqcrihdzevhhjbokscw 4686081976 6990437009 6464092211 166549751 1781536885 5269725147
ahkktesdbntxyi 8965885370 8845304667 3194170905 5709785526 899822601 9153450597
ejtzhkakpumrojypjgbzdcrf 9370923091 7231923183 1773088201 1610865881 9734497698 480870852
ian 1432035798 7869873517 2513293767 1461036076 2532846410 1894141024
hsxzcuaoqi 8382531050 2013500636 3620411611 2056854312 3974008747 195602016
xittonhaiwxfdxwknwrvxvwta 2588695822 9881128512 6946693386 275316346 3586847419 1702258363
dzitzg 7757604594 9015553707 6538845619 5400549682 4532227725 2198863092
vtymjlmohjpsenmkggfwgytc 7360483461 5535114704 6505950337 2930943032 8686002553 6703156992
zzlqjvbumpczmcupusfuudre 8392784909 1161733131 5457715518 6755910034 2734906119 2075767136
konjodswnfqvnx 7085459894 8621532490 9796294008 9528841714 8048752450 1916909787
uwviujrmjxafhguxlkylzntuh 4886045252 9545961227 1793017310 3274443602 1131675165 8045900038
fsnqnbxgyfea 8562287758 7366562948 1670000980 6420616556 6414290809 8979816165
ma 8982962657 8373146559 6079839885 172059888 678002855 1505490111
skfherdzpznfqzdeaflabx 4556978267 5540388682 397394403 7548399717 9371331504 2934098350
qiipkbwmmnllnjopkgmjwudtzltsvu 9738164236 5837866968 5287640636 6566109758 2074037104 5668495037
ibog 7923465007 4407927077 1993081281 4491837003 4194561750 1997340232
mlzceatubcgseejbtzavxavfoaaxsq 4699503316 578167064 7812457503 344723925 8175311574 723048288
elicdqlidpkmwnsicsclrxl 9158251517 6492925299 7157326896 5855441391 2772700634 1467375497
wnjxnwyybnekymzngypiwgzvh 2057287006 9992002850 2431151176 1847195847 7837558097 882597624
jfcsvabfnrxoori 3312904161 7994716865 7552230926 3904953314 3128106802 4099962438
wgwnubwraay 2773142157 4291766362 9231288831 2628296528 8442636947 6611464683
dryqda 6729170289 8503567484 2829639158 4574221283 3381387245 6415728695
kdc 4212874854 8697703589 696294041 8011052559 4674854729 4142432013
rfuzhiotpubnqlsqwmnlfny 7040021017 4404694245 7962483921 6114518578 7805477641 3449508426
rdaxmvlvtepajft 2754939586 5633936243 9729009577 501653698 4876717824 4179371924
euaefnezgqkrwh 1295932527 6042667921 2003518937 1746097329 8842180028 3449334833
jhyihmcwhupwvcvougocc 2230902998 9191187193 8437824467 5446802924 3510419938 2390806778
mhygdmdozczliskspwo 6929234677 8337057760 4405173227 2697173120 1620160266 8963992358
seabg 7876554714 5458196597 6988043934 557957923 8886141800 5950689151
iszqoklav 8560374698 96818035 3481522769 9978422928 8616921880 1627172600
bvmzzykothcrh 1732075567 4599212388 5737187575 7108555079 9390496149 2970581538
jvpdxux 378452707 8775050545 3478132157 6141470021 1648287338 4752918289
vrcyv 5126949935 3767823078 6226424959 2729449680 8958223150 5192799293
issy 8994408768 4837425418 2037798976 2107723387 6347439178 601183306
xazotmqsxwnnfpu 7020065401 4097797373 7391361567 3784442551 3477504236 8776978615
efzbdunxsjkbgaxatgielzyczxb 5268752515 3286678603 8609984155 8929323260 711579283 7853971882
tfvcxvjudbafg 3537712595 99480517 2583918968 9301909623 4204029013 3412916691
onkzqeziprcxkcbvqyblgbzoxzywy 5656744050 9192244459 6548990709 56841475 4147791427 9461666971
ouospkrziixshrxtgtsgorx 4061965731 5815691634 663054761 8370182746 2081214905 6330425858
jzumlf 4092446049 9318227043 7280706920 6338771658 6740699134 1575792817
adohojgenoj 2669183012 9053953773 515592228 8773483407 8123743950 5052329000
zrmzzrhsfyyladkruqhdukmjfy 4349091704 3124549311 3990007046 3565738674 193029370 778601462
evzpisngpdsqkkfib 603141283 2912284855 2909441698 6451837660 9718851086 949620320
bvqwapnrodthgbashqucjvgxz 166716779 3535262175 4790657822 897741885 2056211566 9251512036
bprwqwsvtzprnyjoadnvcbvxzslde 5789575274 2653658215 6560012277 3112552682 834557048 4808202523
pih 6229031390 924636708 1286851382 7975643659 3471650117 5893571110
mnohre 9158665814 5759643236 6706627173 3002468305 5696309477 5704499044
lpykkesljbkuzbhd 7300014189 2765804220 7820249774 8918501391 7684331016 5707744817
njriafonhnf 4739279412 3706620815 4349272663 9469342345 503262697 5512640784
xqmprabtqhz 5496731083 6318343359 9518689414 2746231377 2068935223 16994446
tjqjzquy 1123534732 5658357474 2587026019 7497366653 6202685302 3328803894
cwhujfewppxcvghdeoccirnmiyb 6778395996 2600364114 3522462180 2042486978 324646721 6253724202
shdkwrmiulbbxdxplh 5972530567 6856619661 3228023219 9895950479 7225759580 6998678427
ytxluwiupnhoqlkydk 7272706761 6697269826 7461352126 4885521944 3848361089 8185336237
ekdlqhjavy 2743839575 8016893095 2006843249 2252554595 6410293257 2771928702
dylumvtdomsvhchyqckikzcz 8039002819 2203524620 2390378756 9225197128 2087014433 5495263478
kwzzryrnawghymvfydyntzzg 9768635598 6499166233 4348699362 5129488182 5095637710 8882902993
oghrnmtczufl 3283810669 6275393458 3964454052 3972187882 898267398 5632993084
hohxenkqjqsnjlzocynejliekammeh 6191090856 5424128659 5660847683 1291237341 9572366541 4569737225
sd 1897855139 6391758565 5641935566 7090832820 5614798668 778236457
fumnkvduhza 7104939992 3243021144 610133642 993017712 704037871 2694390171
xoyaagidtnerbrciyatbdbgzyrs 5474633023 476763410 1154317558 7949954524 1610971538 8633538571
gnywghdcxzucs 1481879402 3544770666 4761618968 9542898461 2610625849 1714037286
xkcwvraaxcxhhbd 7699158385 8532170140 364068304 9086381748 9711657585 7566261066
bawwlvjit 1183729485 3096929421 9306738805 8468976224 8812976018 1279639644
hbdz 161507699 6358959781 2954891520 1373783503 6761518084 4365017461
xa 7485061259 5267330453 5400463720 4679723330 184902800 5200399506
tmieofjnkbemfkmvlhzvntbv 8253304723 316845311 8158448063 6364823136 3089052317 6557273876
vkhjcyatalpgrnqyt 3105245295 6061262218 8855450265 999771523 8444313511 5913198517
qckptxwvgmbsmvqemvlxdenfvtgyzj 7846306557 6377007159 5918849261 287526477 8453248227 853973967
jtufvxxpops 2758654151 1034353928 8607181075 6395039134 1737007400 5934009363
tpctppkugiloiuypszqqrzlhf 8930758499 6967501071 5530989484 5827150674 6351674128 4843685320
flxfriuneovddvrbhzfygst 3679008941 3304255431 3467614198 5070239114 5126567898 4043662526
oxipxxfzyxomqweclm 6307212724 5292431386 1861056283 412734617 3297378899 552904095
dfsvsfxu 9458633764 5784587875 1225870171 428460965 8501026157 7173237489
qhofofbewxbwoblke 9779012352 8925119806 6767322964 3252892631 4837971892 5920800035
yokvvgabxztgel 5865637568 4602526964 2133009998 2626646001 7541745180 3104739704
pyhektgcybdidmxuqak 7083658601 2532144081 4286590793 7828314648 3693777604 3605816877
bulvljsugdtjveabkoyeqxjdmiw 6061817906 5436774469 5223963953 7142426114 9972236489 4190618485
ojmzpfuzyinexhziakfdhlisqzosk 2029803853 3579256951 2536414167 1948822131 7432971543 5848191986
zfbrisnlhjcnwwkzslleuvyusxpy 4841341646 225567380 783193343 6386931055 9314385395 8321064672
ftngwsdcdefvbsrgiudhz 7972614669 4801843524 3105511359 3820714958 3580121421 9356594567
fokkcngaoikkzuluhbjvz 7145023180 8344756796 5551678903 6954811102 1826830551 330924299
hcipimmwds 2863776628 3091707220 9964522290 9845545059 8970571716 5368721884
ioijsan 5177289622 3943885888 9001348419 1596867455 9185007569 4938452052
myzxydohzuljhqn 6653421189 6258620832 4626551354 8084333987 7516626879 7154838772
agmprsiu 962684518 9653587078 9169067110 7432312421 9784628362 1146018360
d 4799775455 6869220957 2421681580 471648227 6342504467 289881258
ljtkfymkhbqdabhhorpmxvxwjkzmgw 7126028920 6340500970 5145836652 286835912 5310141183 7808276189
ubrqhobxzwxkatmkdbknicvir 3058345087 6047456819 6321934727 6951833301 4473539681 13887007
lancwdwrmnlppphldvt 8065124824 8986323296 357857676 9349282932 6406973590 786182212
zgnkvywclbpzpetfrdcgjkwvbbr 8575964119 9739955363 9762894515 5735100122 931149836 4932156862
myanvzpxzfphsqiophriuebdfwjlvb 6507150200 105463486 6254629238 6583895163 1931132384 3755662632
xlvegzjjohrxnikyzvhlemcfz 606053125 5506297807 8355495075 5834047169 188568665 7175692527
jyabitejhtpcmjkhhz 6699660683 4391200346 9935276913 1516708979 321997470 7327595886
hpcmsodsekzauxzumtcxisuzzblku 889950104 9388346409 2266226576 941591098 2483388597 5949095254
eowassqguvgjumbmaxojryp 5184381347 1493100441 1597809990 4133838202 9153911991 4661183249
fmoebiacxgplcmlhg 8915187478 9844399287 6366289669 7549173822 4461455742 4137249921
jgpzigaualmqkeay 3236731904 7978866680 8487032188 6686018010 9869438012 6215666201
ormvjln 865108087 9103094754 4009984401 4979497214 2042683970 6323762334
ldfjncoelrjcaoyem 1626301006 4621664207 1245338113 9187921557 9081912557 1685737075
ujnqrqnouynkkzokjrnrnqwhyyaog 3115230546 1598622477 2499892244 720935961 2252866275 1193256713
meykgnfohxhfgna 8363244943 1179369991 6236649668 3332401247 5657202301 3503885490
vuqqvcqzto 1610283261 4392945610 3931171476 1101160033 4056578356 1846279546
oydmctahepwiafljtogslzc 3542856586 7795078270 3517257205 5408954382 4044323270 3568309288
xskbsgmmwvjleznnhvulux 7371848633 5672371873 4179555840 4925399489 9954787680 4049698731
gtunnbhvxav 2285313290 48583837 4668350918 622340959 9021858966 3067910707
qwswvjniegtlfsb 5740070866 4524957411 5307404887 6230165154 276790877 4877127871
auqoiwrapyonoovjncbhhsensald 7089876313 3526463935 7683537164 8951436226 5161868080 4426292283
rnchrwoaidtlochdyprknw 2743899171 8261864868 2609430635 1766135731 699624821 2563043769
nktuxeulbtsq 4682587024 3553756467 7520657916 6370029657 5885250925 4474549202
oftzh 6222849867 2539940962 6904479911 9224310977 569107213 2700906170
ntybdreiqkbagy 9633760771 6443137053 780738391 4870429121 1992297092 8988058324
hcxehhe 1989291471 4474414150 5502024400 3557417526 5075179755 6159734951
rzupyluftibkkljcotfizikzs 7656355142 267877250 1267912410 287368137 7999411092 685339711
yacmh 6423766821 9799760265 1531773775 1023952785 8250245371 275229855
fq 5568544495 5752762996 9912683378 8413853095 6497775358 5687470941
owkcqeedynwigvgtombpcnm 6436888161 1943417182 1022093553 3795132743 6112701186 6990669277
bjyvultptpbpjjynqrdewrrmokp 2413610554 1402541274 7706898523 7332230518 6071972566 7274415365
jqrro 5709850763 3621179904 247672470 2115409391 68888347 9679459805
zfparxgzyvpclhptxiy 7177510888 1450353942 3902327535 7252892454 7076361573 550021374
ofpoxoaamvayqajcmookbev 2541631686 244735162 2439154037 6095107470 9915195144 4375347633
nijmmbpxahdjollwbrdkkhruuots 2929264703 609004053 3765754891 8459682390 1764259789 7340337047
khgcrveogijwldvuxcmr 9484450290 9050949521 2957209788 5239123035 3448065899 1067948026
alxwjte 5031552733 5945801555 662009062 3205199034 899757881 7300279517
txmzefggqtkjamxjwkgsodmpmsvt 8240088784 8419153023 5480795735 778522060 5793179044 6590386443
bfvsesjlvhryenkbmpwspyzdzbmp 2328698204 3477110677 6152364424 8580841916 8054247353 8791582772
rguocpkrroadx 5018180342 8336809879 8644105823 3772255058 6106080944 2432485718
fcdpuyywkowydzigv 4916460908 5291626813 9149275150 4505580736 5299523985 1620344997
tcczmmtkkrwgcjgwvwblxbpxc 1723595290 5405604438 2878991653 784110997 2275071897 8557076849
dvpwag 232837068 2161789637 959408786 4034068450 9956574503 3185382401
yhfeontqtbvulggni 6943563653 4149109644 979393125 8715409485 5673159295 7978645846
wipwsqqzvoeqpkvpjkwfepev 781333647 6690638036 7275463804 2178864747 1443940113 9988987624
ntapx 7746192911 689851664 3101585825 1086830762 7859404995 6482679164
vpcuoqfhxbwlmkgbqsnjatlmjn 1807939477 3066797387 843276974 4373169781 91802390 7799585373
orlemledimipoqkefdgemkmineswif 8780556823 5107719228 7548814994 9713169189 9421016977 7420701033
arzdxalkpwwiltscdqarqknuamwlpu 5700289636 1463184034 9634232382 6569618181 6047706140 6031162626
pkhfpqaujvyolzigizlszpdfvmtah 9084540864 4973307408 2761152876 8302686273 7876040413 3010140634
vpmjpqxwhuqozkcejcwroecqxfy 1762283220 8015400806 4894011120 5777311286 6097103535 5117246806
uhgdqjoulxmlizhihragjl 9360149056 4668932258 3441188365 8038133709 6722529430 999811917
su 5339675401 5153688722 1417221307 2583419627 9356665093 9807590718
ufgrwzzqyjkppylgcwfzk 3266995719 3166684145 4693408643 9659401487 1323587960 8930921937
cbcjrpeilvavzifwhnmtfuepaum 9031939711 1837687272 8813482851 5887318204 9370567508 6403621228
wpkfqnrbdaakntlwnegyavvvv 5513215536 6927036757 2439915088 1968144522 9358690503 7530167322
mctyduzpy 922952313 8956155971 7384036972 4694363085 149740620 7974088037
ftddlyoojnzyqzadxya 7189041813 4513162170 6197368005 3012622450 4050203698 15623972
frpbe 397821934 1804185276 5518982665 2373056590 7141313695 8555252189
xutpqwoapslsbtrfotyww 4891823092 5385249653 1559829198 7486387656 7290048763 5277765652
wvjcnwrcie 1185452983 9138331591 7253745946 5273487841 1000271223 5240334752
jkaibyjvu 4732261053 7145760396 4429430892 2087339486 7144960874 17097897
bhjiupxqlwrcfmhjnydwkuypby 3776194419 6835489080 8789412601 36580823 2357595682 5900842175
mjndzcfsczvklpxfoegpedlttuowgh 5290163798 3250696936 7171569894 9734058176 9810269 7976527409
izydbgortteitgifhdsgdjl 5311192299 3644209783 1385062930 2292815392 9538932562 57771157
jruvzifwuujwrzqxyubmejebmia 5004033019 6883599179 8443587617 3624217932 1906979882 3400729747
vmaewa 4424833096 6917569824 5071268615 3755734813 8385088938 1133593682
aoraivaleoirgnenxfrtdsxawgga 9332313634 6308130160 3455665789 3145276810 6095791547 786422520
lytefqlslxugmgvhu 1343922664 7554571916 3112423904 4959687203 3960434707 9966304027
fshbabgkpdnsionvwfcftrquj 1315147570 2571741771 9869929497 5610521645 5259504309 3856583558
exhuolnghumanougmhyaflknnupu 9807022318 5652463837 1061600909 7072895855 8007544031 2054707286
cfyazazic 5893998490 1927065571 6428518747 693945401 6078414829 3498302899
rufaikpcgxxgewldiwqtmfgd 7064618443 1585245365 6605131464 8336086256 3516180661 4529517493
omzyxwcul 3512520039 2769303032 6723652714 8275320865 1976109157 7148093670
fyufilovinwtannofeqrn 1355574597 1374023594 7185139470 8733546448 8721996237 3307723461
jjlcsebxfpatxakhqiyzkvbns 2125557402 257034844 9282475164 5182226303 6241929344 790125627
stqjqc 2827579424 302769417 1616755960 497631050 7235073709 6288070238
gvpsopiudrgnhuhhpexmmardct 8784198736 1090512510 7336742487 2028668125 2586233732 9351992424
gidirhqlpxxfjtpjg 3879064727 4758419795 9582770893 1979363386 8820719045 4783398397
feshsgvpilcbrkmzwombkowsyopfv 2443287767 6165630046 7282169816 8000338172 3476048743 1839255925
capqtnwtvayzulcmbxotxsx 8347341346 9237155481 8991986216 8286931473 6614663265 2660969168
qyoupmjebhha 8553847939 3417466 3904526479 9024432522 8327219851 4044159545
carlifqpecaiwjdmwmqplmqxip 5852460790 3359082735 5728556796 3900510704 1252108500 874797646
hdyzwbxrvnga 3356363702 2974038899 2959333939 3287349887 3795190129 4095536418
qeixvqmrll 7928576063 2571430017 3298112177 215991424 524813551 4224406070
rplgxllewnnf 1581895991 5390917064 7639282056 7526477466 7010048392 4486083519
ompylmtlkysdpddulahwwt 6334344398 5995767946 1292479086 4651824529 4752683268 7262298075
hokpfsth 5496512491 1544748859 4848251517 7922664686 9642503672 8519811174
txwv 1131176049 5587646739 1448329163 7572346474 3066085482 7297847327
zjfvdlhh 5890537286 6678812161 23088771 757872449 6165959513 9366619097
krnboxutd 6752903321 2427437654 8366100078 8837576177 4242394424 4408185019
eblzijelgkpxnzhxsy 6717636814 776113771 5504052575 277880372 3595879110 6092589937
oq 8362704826 8549057354 8684050929 7283626001 7625016592 1267059094
nuyebthpeipzkv 4629772625 9835558292 7152110028 4412822514 2341142804 3153731611
qawjosnp 8302888342 6238641139 7668325330 3869503580 4975424436 9440529955
yduqoepdsknxjkxiaobuazak 2632571932 8058467214 7046030926 3158711609 8593119207 7897542868
deyswxgwkfnbvvfbiusitvfkdx 3390403923 1198124605 5783419481 2595223837 2868489447 3573760334
nrqcsrspytqkpthbzvnlyaxyzb 3501678576 3048412603 6664492983 9511006508 7906688117 4610913182
gxurx 8195716518 1369083698 9848456820 2602794168 7438669262 606040005
yaauaumxrsqnng 3454163506 746472332 4968174062 8866664273 7293462392 3584511440
qpbnvrtgydxwxwviynreyhimogu 7264942659 9550069947 3863198036 115767667 8919372720 7801589461
nthwqth 9860090988 7380657337 9244075936 9774009658 9250980901 9532959676
jpuycdourmdmgsqeezkfpmwpcs 504913660 5216074370 3503722765 54712490 2490087862 971562413
pwutlnvtdktw 8507852781 2202393099 3459091673 6810148564 5692648892 5516722920
cuemi 648098735 9161639561 5641235901 4285074004 4455626488 2788070654
ekurphfkpreyjmooc 6102891299 7214591601 9192085632 5203537736 2721732698 6255795626
sq 9849081268 3739532660 28474028 6510554442 8729106879 553935828
xqycgjnjnahq 2282961730 8464976880 7973532787 6594717163 8608712504 8406896811
dnwitfxpnjld 4036557042 1554778112 4526691129 2819274859 7975053918 3192269988
wtikovvmmc 2474082935 7784977361 1059018560 6041101588 7184832488 4995034109
yfjohbtujaerxjdtlrkosuffjlusbq 8654573788 6499249719 7912231089 1821618926 6591270217 8557872967
iloikfeubtiyrxjs 8389857664 4098635400 3297675110 2022117022 7155687032 6746931223
pvwhtkrvwzoxccxx 7874014461 2974897160 5405200396 9187807030 8967892751 4447826924
vfcyqtushpyexfajclo 6892844868 9607624917 1828888023 3788859042 4567206198 4567959785
jgneblnveghkgcfwyavtfzcpr 1240076288 2054087411 1603773392 8199884086 6159316432 9901561927
irqntehrhgvocvdkxplookm 290192661 8277608992 7850378130 3927842793 822417065 4835853599
iwyjttowmzelcsyctzjr 7043776639 7163425041 3486182933 676946341 7239429739 7531048850
jfjcgzvpnasbyqsaibauzqtvqhlk 1926751069 2107810298 648027988 8471300519 2250873107 2553622451
mxwoh 465269539 6652801708 2558453785 1314074271 8182877313 2709677359
xnfzzprtqns 167399487 4659806369 7462584529 2286878145 9273657413 6710729045
rcwaxgnipaqghqpxvtdkbjmkqzm 6734036824 6324328464 79464608 3094579014 1124826433 1473757554
zupk 1526341638 1253207048 590640491 3817468727 3685386547 7445727737
cpjpmnmadxffnmeayuqhjsox 5185768034 1646180936 2585929188 1991807460 298979897 5953482891
sttotdispoziooqxxf 9804634656 1105002647 4377059145 517313673 1490650219 5785206454
nwyevztipavnklotqzmfu 9168022229 6964288983 6668411279 5670896898 7838346719 4050573471
sxxts 2638234422 8496023892 9453272319 4543395387 6085844860 3853014031
rejgsygdqn 9256521453 7550185521 2115495200 3332507148 2945543137 8917719509
mndvsydqdeztmrxconkonvjsca 9837356191 7792085834 9710651470 7411527118 2368367571 6500396190
mwontjxsujfy 3191195832 9786225732 1146759254 2209699280 1699167867 3570326368
gmhsxwlcotyptyvk 9313964036 829032169 9070410497 2414448445 6583660997 4301801590
jwstslcibh 5325864421 5189774474 8496207055 535770442 1960053629 6673960317
hszgoaywkbkqmjzftg 6247719965 4790039063 121271425 4624615856 9386605854 2792763765
cutasixxopeh 1207701861 5315850021 2586328315 7044997315 8475969724 7201278955
jwvgefnwcgzsiynuqejirgccuza 9431735369 4260173542 5143384758 267271149 697280654 3695402080
lsctjnehpq 9162404263 6853109218 1948982478 3249876879 7355611538 8240124962
xftconunbgdekjccxvj 5467988502 2637345888 1921763732 149766732 4472121698 683727397
fgxyhthpulxkrxr 458241296 9440938938 3402806261 6857599850 6592482117 3759851880
kcdqymisufhcaielb 6648281547 5510434785 2074760490 5671004720 9490030553 4985076840
fytulifnuh 2756932111 2885820655 9287866378 2745125772 266530312 6605837369
vtvxlskmgyujbhtttgxegyvag 1960133066 1984504645 8382868627 710253541 8668993147 4795647224
aeflzjmu 8131566885 5543017510 286793479 1906375118 8436185016 1392537270
wxeqyzwedzzdrfduqpszl 2698009200 9239674869 9800415042 8407480862 4282291327 7107229194
rv 6941545799 1655026734 8027649133 8716691582 2555680953 2303316098
lqyuoyfblqatfnl 4638820766 854341945 8467458158 8497745378 9734398804 1098894149
ehu 2301781733 2401134103 7767291952 2728869680 7512343533 3080687855
ktdegjruhrttpwvyvrighnearxpktt 7656623145 605095685 2111480945 8450070375 285177402 8741519921
entdscgclq 6768174319 3312788873 5995025632 3021681338 6075765697 4703484929
tremgconhlaedncmmthxiawzqt 1004973381 574811247 7738233666 186618934 5276995986 694684372
btjdnpnpsoy 3183632649 9547419881 774828946 865978566 9685567773 5397870087
zhhzhhygwkihnhewwsikpavghjcdby 8286416262 5457040063 8458343345 3620878829 3022914118 3944594724
aicheufqztegtymtnzdfsghvdcjng 5388685466 288694120 4060480051 155086788 1076711200 7716990089
icx 357083747 3938963069 4681073037 8653956667 6555092190 1938368246
yvxkjxrumlgkcxnfwotlgyjtfaejf 1697984170 4254115894 5071403404 4665348376 9251084888 8449467504
qteaxmsxat 7080410026 2976808059 3728884220 8605971161 3911096925 8214106609
fesarfh 4678772495 9941251632 2108088662 6769311357 5751366168 9079811784
gftibiztbumnzxydbhtco 9947479328 1646778356 8186214551 334923116 551792775 707862432
wyrlvacunxvmks 4839659481 6831759123 6914437939 3718203637 3077909850 7424223698
gfiteecunptb 7122537357 8061175982 2993153753 9508318754 3858024766 6037726116
hcmeuwlenmctkqlywxzdta 3347797914 7297788352 860421265 5041968407 1411693146 4903159520
ogqfbvphludh 450719315 5583546298 4429465132 3643202415 444312241 1121907656
ijapxksiovpvosibeqvkdaspl 9839838065 3418212031 5821929580 7984284806 8566105215 8687409569
nytjgtkfgoddimjsegtcxryanv 381051559 3258307869 706661951 618153187 6256288979 3481823292
hnrpagpttoih 5776790460 8312535209 4675735846 7196629454 287639914 3667335363
ubhsminuqlxrjrfuossreklmktzly 9611313625 9989479369 3895621231 6386189332 7084641156 1512846469
dcsmfk 1615197000 7938225242 6805984181 159582325 3660311539 5845305958
rbxq 9552350519 2559745291 6364474680 2580412666 3231811240 1874510235
wzoqe 7326777329 6572588201 2934649659 981216961 5440880307 6339255601
dpcweqghonj 5437949175 4075252324 1786288265 2604616673 6608749940 2958603544
sipsooylsow 495980881 7413219133 941920722 2341557286 9661743854 3710686242
wckznrrnmaoueyj 6072404068 1853164982 1098304151 3638974061 1517513756 1137731317
cjxlchi 4359640628 8881432193 133475007 8408724482 4785609665 1793316960
suzfxltrlesgl 2811414094 2138148312 7554286799 1766309523 1791522972 178557784
mvifvvhbmrwwmj 9725192128 7300974220 5640135690 546534531 80835059 598986801
kkiqoubkypbuzfannpqzmfluwdx 9412970296 3340589354 2208778558 8137351868 6818810961 3823089233
gqdrhzzqpfbnegfxf 9713685860 7649717818 7301407752 2564954215 3708583762 9215293895
pihupchrtgzs 9873404749 9733506063 1806834727 5743753550 7264605488 7097993146
chkxcanjrtcdmmrjx 4721085542 6044913498 8487913258 3133955976 1272715735 1884855218
dlpbhiglpcaycsreyncgmolsglj 5279791489 3726738707 5125080964 8955555429 8038110197 3406093165
kwqdrwoijuetpeafj 6876111634 522975359 9858756618 9787958843 3280588586 1668957799
qsgixgepxgzxxrugpgpeuba 3063404378 6956150501 1319689099 1505162843 1214354143 1885816947
bzxzyyqxkzbxlkrvfiqsjf 8595157160 512669667 1028369279 1692181856 3097721310 248760324
hkqedqsmkq 2829951248 8482214163 4784144602 3062791944 5225509049 2893518192
gmnojfrthsoduirvrvwmojpldsohg 8594563119 175954007 9533398557 7023873772 3551528401 7505101299
dwsccgtldxfwlnq 2170820356 2386496788 5404439156 9948737437 8677077191 8770231592
jt 917812227 6503620939 1343716846 5440527897 349107505 543353430
txaisxtakfcvztlmsmxtkqixu 3525589310 6986194536 921588056 1865698775 7622875553 2298561697
onucgmjcvjpshsxqtzfjjfgrmp 8169961931 9703276387 452650987 6663829843 3921318644 8792658701
fgjnkbe 9269567933 3756014980 9371135798 3809796511 4048753444 6437047804
xd 9223902877 1005084245 6810039690 2702224255 8190168343 9709269552
tcjhrpnf 6741151419 5853339217 4266585457 531799638 668500666 6038485525
ydhdy 4172798335 1536092953 2027745073 3666632122 5078772799 8451607924
nsevzxjsabebcuebgittqmkrwcn 7902287984 3886742111 3328444635 70474935 2926414120 5315328081
bppqjdnldqcxcsheyiggmggyfd 5250320698 5376852901 890763205 5502985498 7342938918 4670051936
phvjonipwdhe 9741370527 249583058 3132851971 2967863367 3329508989 3809431233
ycemeojjctnxqmszexaajjlbcwrbzx 1825071367 314424888 3748088835 2271892360 9500670477 267341922
qjsdbgssfsobcm 1381385200 2959529860 7063512397 4801670444 5898378428 8555044921
tqnlizowfyxiklld 397832311 1143767029 336008243 5849878724 7270673108 3635893671
rxyawqehztndde 2147160466 5501507940 2397935135 1632861543 9629215273 993095448
lqwdwkvwqufdsewixj 6790066406 2644883156 9502510147 2108303805 3191446 8466198883
qjthq 1574076260 665715114 4243731552 866930069 9400530226 4001444729
wdipmesdqvzpbxv 7409346370 2576002369 1655017387 4745176049 8096284620 8745876217
cnycixvlqtnefmtmeiiquo 7506613697 3803983206 9363000923 3865206126 736616190 7149952306
ispcjt 9612158567 9173450925 1544661923 6001744836 8337907975 6031834961
cjjfziyckrty 2038632563 4296900636 1682592218 1417962138 1255819656 6970802909
ynlrfgspmcwlzexbaawtrqanwqpdf 7756797762 2736769438 8228837607 7489881009 4498934756 478399134
hiy 7088288654 3330760310 3485299048 8903956918 6485202154 3653712910
dlonfmfreqxq 1548824956 6903017828 6719781421 4287898668 8324518382 3442130985
solxhijzjharuhlb 1879009517 1327533521 1911809141 4611461363 1014182682 6132257094
jtybhvedekjppmeppocurp 6728838267 2177103081 1930452317 1331614448 7330959999 6759485840
zfkgjfnutzexhlbk 3513974052 9552706485 9475496448 2283686465 7688277858 4021706741
thhmzqsethooikdyqtdlahmmcmn 5037059888 2185350529 69989163 2934077932 512512731 2006317881
eiwh 9185043600 7544969456 9801908875 7476935922 7710060438 7300408733
hgezoc 711520112 1957437711 5619545200 4011549349 1197321228 2198650688
onscooefdlifnsfekbdtuebx 4348119773 1068370755 5752067719 6782690365 3117980686 2995872383
whtbbubamqxotfotqugzu 4536374117 7317192007 3435315755 5274940847 7863954980 8482009926
quiimgigmmifeqmxobaiex 5425411662 4281709505 6473468725 9365221905 154710623 2443377061
irngvzexwcqtgleitnxz 3654160115 5175651068 5379085628 4265078927 8739767445 5382019225
nyjqhvzmigkibkijmx 8261117600 4751563594 2744927349 1604229477 7515180254 2929048207
bw 5990570300 6170172019 9167643215 9666785020 4449572604 151832296
qwqqsi 4660533602 804497966 6241190879 7907374552 7380496361 3710996054
tpvxjiryskvcvjgd 2212571534 3681264835 3860922850 7830911083 4867897545 4652386291
izmrflarnamt 8883625511 7520643631 8040492879 3970490273 9497451573 8531246731
erwyavkutds 5650479393 6784220467 1574749174 7865111196 1650338371 2039331050
gpzkhrddxfddzblhsjrdkbw 3942611180 414966146 4833000992 2913622163 9354337977 4787839360
clvpom 1561852868 9155490243 8607577685 5023268545 6679308001 5305899123
endksfgm 3969116348 4534193965 7860366898 9808955585 732306657 3530602501
chlvyrdckmpvctgm 1499847170 1354166965 1211640634 1430136064 8856732679 443853284
loivsyowliubflqmhxborlxz 3769986095 1316513652 9626359920 6142072044 577520341 4375762701
onprdbvfsyvydrzvwhvapwblwje 6370918865 236806193 1717416130 8421891750 7311017979 3635055675
rqrvehikwrubhatyhuez 9981843151 6117776953 6865824410 2710866977 242870746 5303680679
ptlfwuvyqrfgcuxuodbsn 3026556795 6539219011 9636366452 5964952021 8157874631 9474082692
fpjnjyhmjrky 9963008700 5802111393 5143973782 7366853999 1689037732 9110649686
memqgzxljgtxpx 3930961430 9871757186 9720395029 1734522972 4464352831 5747702015
tqzcgq 4727407113 8226458595 780292479 2841470926 213194582 6029832109
sjllpedchivedmlpdfxffcr 7581376736 9525001656 4747493699 5491012317 5012708115 9759923105
xempsghxultrgaw 828601577 3817715717 9551090823 9675390343 6689667895 5718049877
tenmdcyzjrwycrzgnktfoqi 8930031117 9570657795 5031567279 3386566293 6845479480 1591719651
tpgjau 3143114725 3747783712 8822012372 9981734895 2160386162 1424285994
ahnjjlhsxahwqvdksfxxklcqzn 4066420175 7767848942 9320436211 1765634229 9395432009 1022411002
jrzchafjcut 5980708089 9455978985 396573749 9424478933 5903959847 4712395412
ffekjwnasbyztjzfeoyuyqwexj 1865921606 9747892360 2849532465 892605857 4263778152 7115088061
liqwkkhn 3865312645 4449894451 5439067437 7381219280 4840752732 604662735
qlxg 7195503174 2851033199 7859825046 5846206035 4407359830 2681349342
egbneanzcxjbczjv 5683810352 1434947000 339933408 8784877666 7297325413 444484651
hadgugrfozgq 5589548834 7826496882 9867021066 4564473070 9630237789 9991011735
twoabburyza 6690889049 5879478308 3338969256 5601796620 7757137417 3145599198
ssttxxnqwnvskqeljskwacuwazm 8068591572 1382621641 9385105211 1705786188 1847398906 9180348549
advnbnsslndzeuuvhhycfxxq 2086708612 1116428651 6106510775 1304077451 1265420152 4801918947
uswpdcmfiaeclceuh 6971011252 8286710676 3660801037 1610549441 3598063845 6837796013
ihbabbymjvatle 3550124995 14230976 2304985075 8031899197 6634641173 1876171122
rvibkfstqzeexmsallfedukimflgjp 9302519606 8364645249 6266546062 4204780406 6733333414 9208962461
rrivry 6213744599 4118725579 6412998548 3416950250 6513001482 4367183578
brurqzdaxsftcjlqr 3180516268 1338184673 4128092160 4180990556 5087686304 2363164394
jwevkjztiadvjxqirwtbphpfhifhy 8108087897 2974525343 791396298 2250990527 9731916022 2474801122
nlldpbiambxqxilhkm 5460173455 963269000 1728858010 6223386628 5266102506 501604844
efuzsddcgmedbdaqzrmzsjgklgcr 7080660623 4078410743 7105483430 7333961815 7139453189 3338053837
nyymhutbzqcafadpumibb 4576364189 9395535809 836676873 7413562899 3438352554 3362698690
vrncifgsbxqzvuy 1611751346 7598970102 9789875905 3923940736 6355214967 3416338573
ucyfkydlselzaabexaxqvbyvwcfbz 2020321565 3109649996 1139594963 2259493175 3229258353 4392938684
khliyxoaiupoenqdsdgckfcko 1802277512 9615840620 4252204795 3236634870 3548160608 7015021549
tctko 8692175082 3036932073 2655895741 6034775952 428497623 3002095365
irmittentr 5100031322 3188549650 959171055 2404998864 1442391030 2326001090
m 8630283839 3861173073 4699537900 8296719117 4315791260 6809419161
qncdfjcqbscbltjcdlhofobdbyqe 8059183663 8059092537 8433208073 1209950521 2296927091 3160422623
o 2315544885 625398028 8535712781 571001939 2907072618 3312921314
wurlodencddplvdkgwnck 593922837 7224028372 3510277782 9731046361 2584028350 7294863231
mwxofzoorczqpbfwipyjre 4883623881 4952748291 1652240418 247282841 374512259 4876684378
mxrlhcffppzu 2790619742 1981009854 5969089200 5841376249 2506618352 1033959532
ivxiojltzassjlptjcpodmhyeypf 1150322070 8272527679 801040654 6724266949 9278027097 6331558299
dykozqdjfiepvbefwb 6383928913 6361310476 6839298585 7183820243 8348894876 4211580708
ubqqwfer 9365054331 5467860536 8629929634 5774388487 8068178462 822476022
