1000 65
uxqsxjizmvnodyidsl 1189957967 1694203403 7769567846 6018526756 1596333150 5984988095
llcravfjts 311023377 5402055921 8101046997 2706503611 5709298577 3974596187
niezjztbl 5773537589 7737880107 871560329 1676229953 2893194541 1226358503
va 559640682 1814262475 3167446566 5664191867 4208158403 8230095504
jhurrxqhruouzgyusznrpkkz 7321501970 9419735012 8152041776 8524686247 825180196 5625369390
deuqrnjllx 3822843405 4109503711 1563300715 631554661 9670494874 8562775380
fmzycw 1109592843 5855436588 9576927177 6796214696 5930121124 1784080241
ddreqssutmooxybevraarmnp 3350231745 8875307076 320729419 3136543059 5522820366 3986623896
h 1174022000 9745638020 7124293663 2008524972 5774920275 8589378428
wcdniuplbfeijztksrpsufhfkqww 1359501318 2416997413 7739843159 8583740990 8194540107 2846277242
kcy 2943080974 1242517663 4738203717 2524278579 6814943374 7116672486
qyfaotwdqss 8003657999 9015758403 6749779556 44759469 4144889622 231528236
ifnwkwrgkxby 8527986380 8677594732 3584735098 7499914002 3634631091 7484521510
ymythqhtmgfndmvnh 4586064215 9647062171 5148336818 7505244982 8764959595 2495574094
vxojfoepiqrxnkxigsfaddlju 3477586544 480352248 804498530 2966345744 9637629306 8675279875
yvlqpzz 1200006645 2056377294 2989672541 6706623838 5251423105 6365711631
nejvmgtkzjwemkyzbpamzxgj 2405073164 986333128 3715677818 3559546036 4670749868 7018468745
qwkhpkimvcdqybcfagudsbv 541752058 3176959289 1618053258 4714845611 933352783 535577565
tjlfj 7935850800 7140021932 8618903861 8131903023 4919594308 8652735261
odcxzqxaztqojhwopnnytjjm 4655817366 5899912567 1511657960 4280030771 1355777225 8965927070
nooxg 2904245188 3341963097 3990030024 9125643802 8704685762 6838895621
hysswkv 9818448264 4169612236 7203949738 9920063474 8683389337 7396326720
yteff 9642731681 7871203764 1919149388 8177497662 8535465610 6490698649
kseloqulmiws 6650065218 3277956142 7091152834 5467819713 685093323 7783036516
kyjardcjxhpupqqxqioafjaro 2560893574 6433298547 9163955170 3949169113 4945537703 5721592122
npwfaoxazpxruevqviylkiufkerkv 7869702927 6068812980 3912878127 5565851554 9694830473 9528739580
hffqtetdz 1002328708 6440742475 132812983 2641079261 1236045931 7574907002
fsngaipblriq 4864231890 539423596 8108964665 2273997349 7516401542 1457675296
uzqaopjaud 8596240179 9626851655 8497680164 7047221209 295098584 4411524580
qectfglwghkodin 6442419043 38398158 1109115978 2574522741 2249761117 4515114854
rgfoynuxenlnsdlxklmhqwmjdmdpad 2986461720 525739534 1959272252 6346875399 5139658813 2673221699
jpombizxkfqkg 8778650843 3910348712 8902926579 3116041128 6463528485 2133014648
bcykyr 5924187825 4220188417 5946639834 6104309358 3742340596 6921540601
lzxqwmh 4623403190 4025083161 7966407078 5031600810 3023223251 3104072836
vadfucrtijsrefljcfllfxznk 8251687154 8565846652 6730590027 6160486142 6059067673 9171161084
gtw 2367313869 1154678417 5787138566 4097968793 5207001370 644302084
uqvxstkerifgjryuatunrdihkkhc 7282802465 3844331072 2565147071 3251191704 6964561950 2593401277
oqkdrngexbfvinjent 1492974847 4624641045 6833695722 9872280128 1500433734 1099622797
nrrdmlejpcbwmzntouwjhn 5502044775 6479449255 3043515284 5273885058 3031150741 7659606438
whjuyqkm 333328535 9065756432 1855995709 1748861641 2659129208 6464876240
atuqsbhsfzp 9357618594 3069896780 1864773176 5150961968 3752389719 3725832285
tgdrbqkgume 4877818235 3431112757 3881748543 123184010 9262779130 6534041713
xjsfy 5214716857 6548431329 6654790221 4200016639 8916525026 9929367410
zs 3627210089 9718183434 8190195990 7031529009 2056455292 9088335037
aeyojb 6263951072 7771657922 1369628944 7822076670 3375820005 6074276830
lncjociqdwqgnvvrzz 3195263501 2048737627 5897844168 2754108700 4884770288 54256686
hckabzxzxuhrgwkxblxkkkrtx 9345791427 3276205477 2131952475 156674079 8436301830 6927296511
uomnzncalrwfrwik 2490200971 909739472 1581911329 2926003728 971762924 26550185
jcatrxs 4255406401 3306214652 6110732742 9128008134 5508486668 2027041353
msokecijov 9881187626 2446291275 4595723575 4694439844 7684147657 8951414307
ndwywynivipvtvwab 133315558 3523696498 5251814353 9019348297 2513165572 7728637277
okqxpjznrfbisusifyrbvzhlna 7764799015 8723058725 1396313461 392551639 2737825750 7103215414
bcrqnfltyixenl 4025773259 9057462917 2301651697 4363209893 6827345996 8762520765
jzmzvxiujtxssotekwltjbvpdooo 2393720586 1833517704 2307986275 3068929703 6067323275 7763325668
tjxtdesbxuyiwaxhwskruog 5614825298 727968679 5638814545 6522733421 283959382 3080297722
gvxwdswfkqssguwmfr 3714687728 2636741530 686637650 18887377 6275088918 5222610663
gfu 9471490474 404550286 1937606360 2865084018 1904961781 6192188984
gittcuvfxowzdgjvkhuu 284943655 3739344923 5428120334 8207521140 8712346478 879476027
yhnhled 1976541442 5508180285 1635422018 7890577731 2650968568 9569731233
ibr 8096251450 6115593251 9179974869 9156280628 3815466656 293277291
ijgelvzfcfjunlevvbgngguklirlps 4281866955 1667003184 1560223245 6081637201 3511582576 1994045044
nvadbpjnseab 9332770378 9471567495 4469353221 483908215 9331582611 5078284458
erirvdfcdhstjgocoobubszbjxxd 5351417512 7463555026 1896784666 7573564799 3739087276 2974118087
dftczajrbakujwqjdki 7723866301 8109676481 8250979542 6849241422 8514447623 5486285854
nmbldtyjvi 224253923 6081713159 930125832 24511774 9944195066 3541199130
dlidjuwcxeezubeuzzl 1225193444 6637690201 2107512335 4537519478 8256289920 2426303332
og 8183227722 5468058263 701808597 3274917742 9126055946 1844529671
cppqgobz 271152496 3391863977 500678792 1363472454 6443692258 1507786993
oolpyhdfnpx 3491346419 1366475407 9849548965 7537080348 9499743488 9030289780
mwxxaqetzufuxgjhiskbxrzpeoyts 789089403 3906612419 3075080920 6933610589 6585284893 6469041374
yfkshvnnzwdi 7773882428 6266464223 6472854598 943407229 2212958979 4879768213
iqrjzcrxolpjndlkxoktdauwx 5550375874 2163579802 9057572590 7616775596 9956310521 5065531206
pluqvhysdvncqqddsfzmquevpgu 7977809430 1924757424 3877165350 8307293005 4709700417 2614415048
keuwzdaumirfuuraron 5255764087 3690848675 2273638580 5816155431 1139880246 7143102618
atzeoe 7131158904 3676503098 5496242039 9913456552 2602166868 8144564766
wqcyo 2012186821 1858417338 4218210379 4317599768 1917009268 2209046920
vkptdtzzokglrzmtjs 6853410019 1246393752 2177311562 7054960309 1453178952 845271164
zljubsvrrexzzxkbpmjnbclsohwdp 2555431202 6928965035 9971872496 3608223740 967286343 2339325072
bpzrokj 734035167 3201773186 5335743876 9872028027 2849913777 686825960
uhlsotaooqalwrkizn 6707883624 6573319621 7544434394 3115917694 2789293422 5723162145
tojmskjzzqyxzuohtyaixdverfqevi 6299848641 558890432 3245801145 2823165147 565770800 229179047
dopcyojaqbgnvtylclenoy 8132807767 6647925980 5456347436 6314529132 8634661375 6546608508
amrynskpjdxkligaz 332811793 9360109248 4931264269 3831979212 2460694582 9608616198
sqsfsxxdfmw 9456386573 2057012095 6034473976 4571119685 5071911563 8254560082
ecp 7778471086 2284026867 6754511526 4803485560 2061301683 8201692864
itmtnpfuhlqdpvupihj 2276015362 9485033894 3002222214 5480839802 2055998169 9506117057
shagf 8401214138 5532090100 874882392 3791576251 490673046 8145562169
jjpkqwkaobqtfjetnmonwmd 4458113634 6685372396 1485080444 8241611015 2076732288 5351051784
wovtpkfq 7696054170 9354443245 2256933923 2624720147 4583686883 2325474189
roxukwzwxtczztzhvyteew 2450973931 6849151550 6531100323 1364935111 5094035867 305546987
arfigmbmwt 9357656843 8634377852 1856454188 8259852166 627284463 2809368808
nemvdqj 5097940973 1353426618 2661890157 6700802141 540237110 5093259035
sqbgtpxr 5835849686 3944900709 7996871379 1534801418 5206078253 5016119342
hwg 7633477601 9900894728 1823201431 8373799646 7679383524 4843144530
rsurdnoz 1172863275 3422571169 5770954672 3327497474 5112222426 8148130823
goxdyuweevuswkbaqbwljv 179438626 3713659704 395200948 5784175722 9060821236 3498389703
ibdkpitikgkwzdlnrerfsl 6421073365 1672902641 5562474620 5405585029 7194488423 3600629936
lytdmur 4131138316 5031481391 7651041086 6321738213 8689043034 7091161075
pekrxufafkdjhmjchvmeuopgl 2481023343 3728265024 6479753507 1462969843 6374997174 179132710
itm 2332568838 4690326214 8218353361 5872123197 6854086286 7375796275
w 8178029271 9823362237 8627802015 2990203168 5853079889 8013211149
hbpaivxbmpeplciwlwpifgaoo 4887383527 9019926124 9701808391 3564101620 7326518233 7088437078
cjib 2811678974 435000584 9718006519 4713512326 7744253127 2048819083
zoud 1837032671 7699449060 3665900002 1513232118 9818313684 8814004097
gimxmbtugzwohtrvxgj 2266054674 652007060 6524091447 5362666979 5068307446 933087679
buzwrcpwqjnkc 6759699480 5548265298 3655625466 561312005 1245700171 1091796722
is 6059526298 8497793770 140354623 1490764404 7104031528 7974626513
qkkxovttvvyqezbzxsvoutbd 1603454129 3504195331 7848753330 9192718713 3402305984 7978896785
nfpvlpurfjzconlohqskzapyipdtyn 9441473638 3322205657 5882931495 4969410244 9669098618 7669023182
hfjrgyfr 2764303597 7254505000 6286879891 4927870795 2160712515 1815945039
hoyfbidmdpysvp 9809317631 7810932585 3997114537 8620657123 9862168253 4023362500
mbzuwfvodzbavk 1554588655 6135315114 3423498537 5550686051 4267784783 3402745891
pgswwexl 322747436 529904033 6093519520 9222457343 1220264344 5595231554
nvqqxfm 8779435158 2972657 5955814473 1521041976 2183907288 9191553331
pxkrazfp 5633056548 5228725885 4433151480 2837276768 98011576 6780821372
irkl 3148742942 7806330705 3573058352 854901766 5238531387 1443773986
iebdfztbdzb 5124007876 8371361458 6816195324 4063904359 7366322850 5443366859
occzznihgvktjmitwxzuo 6699452048 8551766567 6357564701 3623892973 6634196918 4571220515
rmdyluywtlkbxghzf 7976667732 7543895996 8901618319 8400386480 1256650346 3467320555
nkczfsbujbyppq 7287596122 3253165617 7115898874 5032777727 528457736 9095935774
ncosbbzodlzpcboyemluntkgcuzira 1724162911 508369906 8294434457 5431402531 7342926365 9255280466
euvb 8531920910 5296984468 9895829350 3777387504 1557911990 3812997180
eru 1753333168 7728298809 684752615 16291695 256836073 9553849786
rhjnkuhbvzlnhbpxjzdxfcthck 1350604416 6427897890 7360961703 6067242392 740795480 6828607691
qdtqhchxl 3438760525 185647860 7707492467 9054328681 8773078601 2301231975
rdtnbeykha 8429886887 6273425588 9548361392 5316208621 6704369102 7171161706
tyluxejnyaxdzhcjlkebf 1260681954 9240661305 9013914625 2741738888 1379791711 2433516172
dwampfkyyejwmirte 3598183432 4976328202 4825511999 3061192356 9630591848 635872595
bfeworttlrlqmfkxz 361798739 6155093299 7305886317 1510333383 3365328562 8768241840
uprsohioipamtf 2151513222 1091445895 591469687 8163009666 7198339790 6423934557
kipftadsra 5539017485 5706023353 4781057640 3050533699 8806089348 2202975664
fhvgmkanebgames 5685851590 429049173 6433089296 8775209715 7122696665 4975084571
ptpxyvmkqwzgqmg 644669708 1061585055 2571899575 7971950514 1631130902 3523272921
docirruhlpaodcdopqmaoij 5939273838 5989661369 6050715830 4935771407 9651604838 2167818246
x 7787774859 5771570212 1333814816 7742565339 9167787745 3108536908
actbauuvr 6531521336 4535700904 6308747351 8943233907 5577432834 774406333
uteggewswkyyjclxahhrqz 579425542 3345019953 1147298419 4572959949 9238557289 4755929406
akulirxzhnvculhqazqfx 9310893101 1683181759 2244994027 5922959748 955784428 6708250480
cfxxuglfsdpjy 8957391151 5443545355 2346393823 9874927304 7983016179 1711626467
g 3278128866 4672105482 5788771877 8170875657 8796131729 5189001064
ynhktbbenhixuselfd 4853550928 6213271409 5770450499 5824186508 119549060 4805357719
mynmtlbfmkhkigln 8754211660 187064055 3291184270 3981167853 498629259 476259864
qb 8133779991 2709928024 1258462938 3394818965 6340191413 328299523
vgyoueasln 7593788483 3749963492 2762064434 4721059792 5758726631 2285571673
ierwhbzedgkaohzpfbujinunwcq 843435450 9740760419 6965026186 8427274 3947896455 8976042559
bdfhtholnkjjqbyaxuehhszgcdikiy 1818173676 7294674493 5936562131 2909930909 9045961827 2400807868
nsawoq 4832595088 1753567897 9274218342 653917852 6699057635 6797488995
jzhskhmjstakruhbpajwgskg 8051657482 2558800109 2960377235 8991683435 3585589157 6334929248
uxozj 3313726461 4647322302 3722478180 7984189746 8105133442 4647177988
rhwtila 3592119330 9890643612 8586156717 5358400853 31453512 7166508582
hintddxyjz 820471543 6560457620 1413819451 9483908620 9175732213 4132675174
yvrtuqfldauqosq 1831701470 4969853132 8314588723 2989980614 6715794434 1892284662
ecmfen 8389755018 8812060487 2920480282 3327933751 6751535279 5480308415
mksdem 65568896 9778105044 892240918 8818571154 1496426887 4786410364
rvmijgnyal 1580432647 6227837897 2609380632 9012856491 2178950921 6111666803
omrqaizrxuaxxmamkrcihqp 1486546543 8931583753 9994207253 608276278 1794007350 7344944414
gectzanxbmzbamchpuwgexblwqt 8170219537 76871838 719517512 4244499502 2119405523 8029922471
zrtqdzswsdjaneoa 5360688914 8199902492 2773143936 759734004 9421870325 419530951
scez 38647798 6776816861 8337704410 5902114226 3764695401 7359179637
dhydadtgyugyzgmgsbohpfmovkjw 5013605334 8686502207 6247288213 1005820235 258171535 1107102673
udijgcmhxhooaalmcyjmxyxnq 9847317823 1394333545 1679811861 175412724 5645840596 561687079
zksyrqsyioiyshkhuldn 2329626226 7733455634 4228571928 6458861689 5694851389 4862827398
nbuflltalrmuazlekugvtzzx 7669733031 6774194613 6781948175 5183446908 2576391081 8976900524
hnaze 9975665494 6138994662 7657955716 9901389148 3120193629 2141415896
pqyigegspgfpmeirqitciuvnslmz 5701509365 6874636881 3840772521 8534753770 9062159896 6383013585
smxra 8508896888 738969209 9818625793 5581599509 6451516471 8647295472
wkzipzghcbsj 597776751 6568178913 2014405097 2376065165 9737865848 3275724297
mkvivpwdradbdgv 4912127553 1803837337 4938712765 6081339121 4931807083 8987045640
rngiklktzjqpahtjkbxantijpy 2838102351 9786256589 505159570 9502275918 8057188572 6490637525
ikndrpkizuuiiaxks 1923020148 6040675328 4173701858 6068554344 9038866519 5167880667
uaggwdcanmpfhzuftsnvx 810280583 3442679835 192594912 6063253717 5566253725 3664850705
mgsrtnillyjiheayuimdyudfvrjhj 3783079021 8265088589 6874729628 2927804416 6427805318 3973860197
oohwyxxlbuscukzb 4032847978 6065043221 1970144362 9303464617 3631579401 8839904694
soagplzpgqwrdhjeydqokkyxvf 3729580386 8020794992 7402464418 6381569272 8337493247 776890501
khufxgxtvnqfuckttba 5102204868 7494872737 3260844754 2608280286 7472032904 8252429930
zdhcysm 1688394267 1575042047 8537297220 7271720700 7838828695 1802480157
kuz 3553730460 9386426515 2947459863 4906219958 8760362610 4040447878
phkjeovnzcvpburzdwepujmvwzoi 7197910108 4805907897 1765075809 9664673198 5687465612 2270595383
aqzksiczwnb 6867302095 5540711772 7149552061 7189275562 7913383639 8212442511
reduszbpxjwajzcb 2604044736 8522933115 2383632769 375368302 7365895939 4169856190
javmwerdmzywfsojbdornyvbohzbyn 4326142092 6355414967 3914823189 5563854962 480911772 9782941896
mreffspsqmjadhjkbkcdlhmvvr 5013575936 4725414182 3478876175 5874386284 6159552504 4698705250
iuuiynjrpidkidrebpnokhdq 8353928747 2853089166 3964315162 7832770809 3772058109 4472503344
lmqurkwci 2377809860 203081826 7360225833 8349118592 1808866343 4620066949
atraznzjutdzzjyqtwov 5308628886 2869081851 7140820258 9134093826 23510377 8801627356
nuievdukgyycgyipjcabaxwzkpo 9400859559 2721782353 6023691975 434079141 2413970916 4926411152
jeizf 3502521324 5037320335 157120510 1625578541 1017942477 8777274142
oqfwgafauizssblurtqeeccqaasv 2726573437 4812163571 3626911423 1807070663 8841019742 300023493
pftxuvdngmupx 446394988 5206225010 625441582 3603758775 6101710136 7677286538
wmkmcaqelbedvonnqqkns 2055418942 892264132 3813970241 467060854 5888844276 8878674251
lito 3981926945 4848647456 5171770769 4784706929 1029506436 7682176513
qiqmcnuotznigdkqydaatabc 4477396530 5105291641 3018858973 7066268812 2921942289 9799769403
honmcoebwpfrenzrfofustlrgxmy 3069753724 1898884473 5698452922 6748832096 8979665515 6285361415
nyiicruxi 3379317515 9841766662 7604919633 2163096102 8560562218 2896458075
ethghszeufeddjiotlxejftyiu 3541771681 1256446117 7555747103 764993003 7437321004 532086658
jq 794550659 8440601836 7863662938 3694186452 9340904054 8757062481
jht 2104712222 4940410370 6517791406 9359583451 5433634600 193901791
kxahfbstinwyoztcqec 3010608338 26571531 5499847036 5333027712 1018226239 2134582831
zlwbgo 8298057843 559824595 8030685778 3084144340 4857837856 4979707671
kbhxlropfvrpwnn 3634700349 9842025399 3270723829 5709162386 3382920295 7405926073
mgecbhyfgtcnuvzfqzullwnv 8962877204 1384765126 2210173585 9960446415 7224831017 816027958
ndjadkaltiokmmigjnsojbgs 6139663295 4768582488 5925880068 3706200214 5094368894 1430894410
mvflzprcrwqmgkvxpprrwhprpqdbc 3069175381 1859300765 1513663254 2044873492 3384612797 6098296926
szwqtyvzsnqevbrqawfqk 9172423342 1009937326 510107056 6238481123 4109678010 6748858076
udtkkrglutewxzofpaekcejs 6477869452 8891748158 4896102079 1454334411 8200817528 621600258
cobsodgezjakf 2604430649 9119797634 1445259089 2025366621 1794136842 6576435461
pqthzfsawtwav 6379516772 1689247607 2581473220 7033816247 5204164071 7643445650
kztqqwausixiabxxfyookcc 438255378 709368606 1598066046 7938781000 4747519988 2532384396
corzzjn 3755436089 1272831457 9341460490 2621082912 7642625203 3212777352
okdaxrv 8256813470 1256683277 4769389011 3493770355 7765122183 6416304388
xd 9247881657 5115790597 1370084466 8576919391 2203651454 6518591980
vnppzpzwlupnq 7911446144 4465470420 7706418888 3983477991 4174669997 8705644408
zndkvbpumdmcbdeettp 3304443184 2592293737 2477881969 9899703510 9974790059 568155639
cdrlbdjaoaobpqlzw 592350112 5584148134 842836367 3629084762 6050030273 8710888382
mrk 5377857994 3104848474 9401467438 6830985141 5937564973 3998956322
jdtalqilxddydqxlxlwtmp 1309614406 3995913718 6512964310 6921895752 6499891835 4541697332
igxyzlbraxh 9315943868 878337916 3534078660 7384140843 3455489948 2260174395
yhzxeincslschr 3135391556 9228795000 1364461858 9078903108 9364372964 5187163259
iftssevevazxkpdqinvlwogr 2867370098 8465002220 7329974865 5691060491 3820609120 9768588135
ya 8317491827 9309919117 6110125244 5214786273 8224762534 2101233574
lytjzkkfzddsqn 8457502449 4998883230 8020322542 5462217298 2963972765 3950475424
nfirnfsaqjuun 5571957322 6101145359 612872268 2452462168 6641373765 3709741538
ydtlohi 54577276 5169880564 9100467965 4193359031 7913970422 7325210797
mmadepduetxysgllnvvle 8496938655 8903596606 5589008118 9750928189 4981755345 3218383461
pyzgqxefvwrck 7049965173 756717878 1308262426 1027452982 4502461965 4967903199
izmlthl 9122459469 5206519344 3943382349 6723289247 6086270361 8001360701
qmbdbxoecyskighntxtdoziyyjg 617314390 8364750934 9510371446 9393402519 5172158360 1807550326
uszlwnhysgiehavfyz 3120423978 5981287678 4916063362 5149494800 2340312575 7688305701
iptjcrnwjvisf 993865792 4758697174 48264300 4693450722 1529727098 7273836757
aspyoxnmpkm 9146483925 2384261540 2823672721 5257459538 482207619 7842495827
nqisbhxhoyegur 5543258283 4861999014 4667847104 7399069224 517602338 3799838413
uzwalnnquk 4170152613 1132596904 9219537139 3152872807 7673100406 6836248058
maafbsafqvzfn 7312651296 7113680156 2166465497 2940530081 5743506482 619534320
vy 9471812312 7154998823 2775331484 6022151811 2989901975 5179787876
dpeespyqclrbsrqmweadssunxuot 2088010585 6430191737 7338273478 1738237601 6610196703 5168174712
buxtwsczxlwxckhmnpycsfjior 8245031854 4394797312 5102900899 7914625825 2574632978 9147762513
mjecchtwhxkqjgmmcmmmumaiq 8679917834 6513886896 8683725771 5624301872 7428970830 1200185560
etluwgtywhqlbduxjpusyqovjur 5439877480 8855616790 3088467743 1029188051 4183268465 4072970993
wunyxqnufeodkimiqzp 2338281801 681402170 1671218459 740711356 6678979739 5483438786
y 3617660063 2130300960 9102443916 5487283772 7824449618 7139767625
jxoghemwspabkygcy 4797840764 3754366102 3098668994 1775866629 2990412940 3610353613
gvqwn 5159834632 8741645219 9676582290 4568248244 3563198668 4909988825
fxqntzmjdcduvmrlvygxpkmvbi 6497366372 6861492527 4300092528 8114115259 9283132438 85434478
nmirwvqzlbthruepuptpanayatvsdr 1183528321 6648880041 906220863 2314652103 5387037464 7152141913
ljjsdls 6993990564 2245262921 6576994876 9123328742 9783354582 8405496146
jhglhwcongymn 963439989 7236737249 4938886256 6284442902 1291673306 5819987507
wunvedsjahm 8510095189 6348036094 1306669913 3393447396 6369487667 3342960158
bipa 2544622565 9004325835 6451537864 33322660 4440684062 6239536598
ithomufvebd 4903719381 6571569014 9689255846 5264309492 864253523 74254679
jkotfvdrouxiitfp 5552921051 8008929956 997253187 7654934712 8388400825 6713871622
wevccfsucsfqsetricgnstihg 4144453077 160569742 3042666140 1443976570 8493734423 3164486972
gtmhrl 969609605 7895234903 8518166609 6388076909 927447478 2843096949
koesfcozqchqxtiqfimgemuq 6605305540 2655047733 3939282160 919149870 4775002344 2726195578
gqumapqeqnmxkgs 9834028822 3053377359 5174991716 2919297057 6132167693 3882109979
jijhl 4147047808 8287862511 1300557257 2697171784 3572506516 5314136794
mrfrmychydwzvzkhbynru 3472801216 99607259 4934473192 4565869524 2616432740 421776619
cvyeaqteccxnru 6075045775 5573018300 8825444322 8194489039 7979404159 3299694371
bnozszmhchuevjq 1926457177 5461236903 9084627493 8018291499 7909087079 5579483272
znfuawwebxfq 7589620770 8136887550 5825832580 8299351695 8033542849 8587644338
uu 4754077551 372946584 7013650279 5753075694 4172561057 5722935806
xyadq 4329479775 3588688796 2676938346 9286906391 68813083 4594648971
nkontnhc 9343819080 9054404233 5191881901 3595760356 9249935869 1526453060
hhaewcqzlismfxfpc 3023784734 1908187284 9662861668 6852740177 1731105559 4402991931
beyqvemuxhmliknwa 6241960567 1239549217 3337238292 2220696318 9223020985 5871908121
iofbgiveo 3121937149 9447723561 8007286154 3556313450 4354127913 2934708466
rmpckdekjwoyeagnybrrk 8835364439 6565778002 7223032883 618312686 4298764971 1756848250
dz 7561175341 5202317087 5326570147 1928618615 493844767 6860406077
zlhjipakftfwtlrae 5982025333 5606666851 6503124754 742200954 8913585537 960225286
tnqrk 2560592984 2495734877 4627231950 3398786777 8961325453 7763708047
heturalpffzbnbemhkvaymms 881630292 544744812 3282850100 9667499289 9454972666 2741550224
imgemdcyw 6496207188 1662053676 6292108293 2032258468 2672298064 1826400087
rvjdhcjjsahekhfgxzej 7612834179 7631236603 2955208288 8648702755 8946986116 1312185380
smseqmhoyoxhreueoby 6515218751 7671382993 6259227067 1848523573 6047721433 2980992340
nrdnehsjqombwcaxpmwerxoodfch 8336207137 3667571931 3050284742 7459157785 7431025849 1217867354
tnfbaakzjvhrbhtwdfidtguepo 8588618386 955061333 794697533 7199324950 8553209372 6096554058
sfarepkzbylkbelcrhlt 9171584468 9768857800 8511915898 7326148765 9595531068 1109455606
muusbfqzyfe 2179818362 9929775757 8895690483 7338614191 9256145967 2320321523
gfkx 1205813504 7632394079 2919109873 6644619740 7468019460 8654285047
xxnbfonqnjfxzolfbsrlkapn 4622992896 9901695989 7431849123 8903436930 4007858970 191715058
igziscgcvtvppakzfxcfkhlihuip 4971654120 6434710104 4710759351 459214525 5680151322 2553392245
yietjyxaschgquxhyccgnoesksnxwz 2658335195 5150853194 1643228472 3550312745 2024223055 3577041951
dfluyxfslyfgf 2060861337 2318483194 5450691113 7448464982 9951260365 1780279896
xfrr 9362449217 9052640633 4560135920 2454572181 2241587750 842310511
qvlhxr 6294235446 7206097471 3586119516 6826589557 6008068576 7244769436
hhzdhnbiojquexmqvnffsq 3940616066 1087443454 3295005887 4780497260 1865937599 8988209951
c 9068703147 9389487544 2006080914 2197511591 6168061276 7110884602
wpxvvbvnbdkggpsdryffy 9513679587 9521056797 7978707416 3568005244 11705937 1715457875
qhnrhnhjmjxjcflzp 9136242404 4996303699 997446189 9952343941 4261264704 3960602068
qsknqvffediptyjiinz 135824899 4407681941 373453208 9757007324 8242683363 1570359674
cbji 6141747464 7020327087 9924620649 6295728270 6449937323 9895690081
gzfwvstqflrvpdqxqeg 2820530129 7373940127 3891736606 3283463094 7180974325 3439558606
qoaheynpmhmdkmfy 9756679954 7129450399 1125059505 9418058914 5827948518 4507751358
alhrxzkpcfxuddmgjqd 3330487246 2386475650 4885498934 9331541536 4140972594 9719598960
upmgenatbvnbucxjua 2192629150 4927435392 8116238771 1699757486 2441386311 421975966
easszddlcogcaxjzny 5903309914 5387367094 6641984036 7914190854 973841624 6481068513
hfgtpxikctprnnxfllxtvdmzteygh 1263663690 9746043944 7250742033 1140413698 7569199668 1832999367
xmhyytvn 6938356968 300703723 2532512742 5979810531 3973999931 4878720755
tkerc 3988624300 1382033157 7434633497 1449736338 1737445799 3101652418
nc 961012741 4470321702 3207667822 3205609846 8802631130 2928124084
tdkxwuex 6984275372 8468896660 6440308619 6418912627 12983204 7069281563
ylrncwxc 3909292725 8082842265 4617149349 5538624667 2924247183 9576020229
zd 9597493690 6386119848 4698525982 6310102409 5632209895 6271704685
raicpbivczqsifxgyylpvmuxu 3953642492 9561787944 8954826827 4383259403 6030858884 5735720389
hcubdxnyvfrrbw 8859443046 759113062 8245340464 2058442308 3967718101 4697763893
tspsdykzaobugthw 3664329259 2287696906 9389277529 4109609098 5344312599 5640502666
yclkfjojgdwnezbnmumtzoql 1916946372 7690874967 1728173398 7075073421 3220497787 3137823532
ifbqdr 9381828793 7305796814 1637365151 6269706891 7540874368 6487121411
nnrctgqphcobutj 1606033403 7891826607 41272374 6371344293 6047590500 7505451465
ov 4124133560 1926935719 1073186093 5559233450 2333158737 4898170561
nojxjadufpbxemqxunjrpwbkyxepi 4279908023 8837152867 3264326614 8593486242 7594857731 6790915600
upkujkk 9280920031 5309115044 3136963387 150117150 4473009273 5226195785
tepiyipurzmpd 5888343634 6981373826 4119020329 8363692947 101796236 5518017772
kncijhpywlejnmxfovzzpdb 7698031132 9226104832 7318248823 7544840695 1104960985 7154077612
yconzew 2627782605 897759564 136823761 4067683984 2380095451 4726173168
uwuebkepcshgaomayffdkrrzaamt 6546741418 5286262334 935046353 6566164372 3423504 8415361131
oothvezy 6241179478 5985596762 4147335114 9910464190 4039901993 5587541163
qel 2600793124 8858820329 8315242027 6496365047 1267745707 2764836309
muhvjvccrqwhitf 1243894560 2101199729 6550002661 681139358 9347515215 794397586
cfcygiosqbwiz 5210204935 4896545989 3808994349 5717977857 527833299 3573826143
wuvdtzzrjtpoqxp 1986708718 7118956150 1123073095 3224283836 4045512553 814834461
yzxvdi 3364367075 1712817067 3320495144 4483426239 5629007441 9606267358
rcwgxippoi 1539299111 2016580866 2852124813 109499067 351059504 5015259668
i 2777960717 5577798902 8744784863 9653805937 1118312644 1650820108
qpctipviclyjglweskdlahne 1887275709 6604148591 1426567584 8422441740 670431048 1486060162
nqgnpjxdpmgkdttxerzo 6911743755 1742547769 2830069925 3397487536 5645489711 6740878286
dxzlzcdqxpircmubosws 5883149172 9479362359 7655993111 9969740455 9327536338 4182187803
jkpl 2256274086 6181509556 8558251709 2927089126 6620352475 688492389
lyvnpwshekj 5776365233 1191908457 2099292102 8496861576 3801499117 1703310774
szvyv 3060143527 6963016230 7146148107 4378763139 4134319281 9589859107
zlujrqfipvvzsuvsu 969803230 5937635570 5677954860 4762124833 2603120261 8688567301
ovfzwghfxvzsoxjhocziaqknkmyx 3975320269 4714031723 2217150094 900626570 2257365493 6829174595
kooneiywxfcojqtgkxwvxr 8909905053 4378689761 960999194 1491710003 5992305923 8388850840
xvtuiijhbemdnddmpabj 820712986 8139533457 4577821084 2917566130 362680257 3914280978
puybqpnmjtg 7714866946 8398625867 162475906 7359636385 8248316423 3504942547
bunzvqpvwsnb 9831078248 2988558573 2356216751 7377524538 109825953 1221689091
rvnumak 7280089732 7751908378 1683525892 2193337366 6151953603 1842700720
fta 4361917179 1228084812 5018464100 2559781041 5133214805 8410186833
njnzvvxhriekxvvebbkmnbd 7172350086 8655100164 1259472627 4599594269 7723572190 3736906444
hllsqpezxlsuvhwdregqmquhfrwrjc 5062017630 1492554156 6977406851 5738615883 336230509 3881394563
ypnfykuamcrhzxltgxteuem 4633919922 5392437238 6438450892 8137232703 8083063527 9533253830
nhwjcltosvdziggeuqznszbir 5003815240 2120994387 7141886917 2646150211 5982341607 8222262548
irpaxeqwpqyzqxwpjotrr 4465131006 7971368987 4221591379 3032124816 5557727732 7693366727
hsmjexxkouedvkwxnffici 5177762009 4275323475 4827503025 266035399 8503067327 8058651621
dlhxxzwxrgdznpjrp 4438637988 1764038819 1235791794 7236684983 861216117 7300613011
ltothwwfbeqxskdljctmyr 8110408107 4752575193 9959445473 8015061331 5108672465 4180771875
ijaloudnpsanzwitiw 5220912763 8908572238 3788621929 3380181519 5301489507 2894875464
pvokkojz 8156916074 6160413594 6445278274 6832641280 2890981719 1170402197
psdswiiylxnvnnldfepfa 2536252156 6019424219 1570930650 6837834031 548006430 4652335253
uaxltrdlyormwyizfdmhnp 6247244292 6119451908 1980302553 1098523206 5148723483 5066448839
kfollpnuwuxlxsr 1505862100 8468934015 3626229929 4765800227 2498116518 2951708443
fcqhodxokn 4531248196 7087530341 5370400872 4636967089 8144325711 849544324
ysexlkgmqayctxwdjvpufdafznaop 8729335482 8152625140 8496953591 6505801935 5229906684 3331269488
zxvkjcinyslpacpb 2471472440 4270243524 3717026679 9341017652 417101005 2708028538
dlbzelnwfwcswsbfwgowojqycxflwa 6748113964 9238673800 2186201136 2257277753 7913505420 5741385741
rb 473409579 888659110 6506272812 3163395243 4131278851 7166792541
ptkxdmaroqzdiknstyvigtcbytvwk 8040284906 4927368142 7739593129 9346590398 7875122175 835178399
gunkgivazuix 121527921 7819295056 1778713420 3370914917 3728352856 2217109062
insqvfkynmkummowjgtgtmbznq 1643333191 7709263325 8855379982 3791960212 6767863098 5815314877
yurx 1505383411 8303079015 1128983404 1047236668 1381728180 4579712585
wsrqcriczkprhwmgjhjy 4886231840 6011134882 6971961526 9169432386 4000626646 3067827961
ukzsjnoryoxtjifasxb 7973639871 8039143533 5293820974 3854139888 1417673631 2165030307
m 5534519945 1456715904 6760492441 5029330254 2211153154 6464249740
blrmzumjbgxmerdygdct 6944849197 6535953162 534570995 6024404866 6970092812 9663614588
opghfcakdmqshsalq 5911787820 3244601803 8866260019 3294285394 3641566134 2801235921
flzzveyfgjdxiteou 2132347504 7086406893 7904903527 7459776540 1677648244 2006454298
twdtqb 258243922 9358594186 1096040336 3189077495 3784504562 9372250152
dubewe 7706647007 165187795 2816776579 7645373586 7210285295 3178995896
veiitlrddavezvwneftozxrhirb 9721816461 8476140091 39654302 3309153549 9615220435 3128765069
mydquwjquzsdrlyywrm 8522212779 8415784642 1077431474 4867299601 3828223755 6554340157
dtgcgxbkhun 5949498311 1528426922 4342454729 3428844225 4109770184 2288829694
elm 2576534467 701244335 9767477584 6933102690 6029991091 7530217948
vjgu 4256415173 7891068223 8511502779 8581926560 6571704571 7588746031
u 2347916368 7936853937 6964887484 6245117843 8637097179 9810997076
timatzovxxnuyzrifhzzqnxudwwuqv 797359184 8147218828 2241694426 3816330611 9549420208 7648978525
vitorakmrzzlagfbw 574420888 4604594934 3391991326 9664622542 391459037 3170105876
sprpoggssdtguvozj 5050298237 3265342637 4789123727 9831423397 7823603185 1138324009
k 3389926627 6968353128 1572322613 2130119827 2307703572 2959902676
dwbbrwndhharnhwsjfxauy 9243636759 8871743929 6897479677 7450446640 3078963649 7570751262
ex 9524264710 2065503686 4031433069 2455961863 6625987459 5160108
hvww 118765527 3073374746 4199290512 2562325510 9446722301 8657209499
wwidtypjoqtfxdfwmubpv 8502924277 544637107 1460563478 137907629 9251996476 3822976907
onmlomfzcutw 5616709802 6999306975 5867346155 2786201353 114077968 3160105389
mgoitdnxkaba 3447824979 1350828197 4584317371 3330109307 4049293372 2356063641
zkayyjnujeygdzqrx 9712446168 8879660940 582642235 2668692001 3644147229 161024514
lgjxnpalndrgheoxzgjl 5184175987 7128993434 9733255517 433405735 1265204810 7587997755
omjqtfpmfiqlhrhezfb 2692725222 5068664437 8613708473 5718012506 534640469 8552677362
xqdhbegmjceeyo 3899452991 6022522573 7819590693 947692901 4724953831 8528176582
dxkhk 1683004172 4943913429 3968196368 9010738821 5865792495 4403931556
xtb 2579041276 8288506204 9548930573 5391535165 3219754185 1110844206
wuoxjezoqdsayrddcocmxrrmbrvr 7176356273 1076788405 4181119573 9476130277 2647845651 2622185682
tipfimfibglucfdmtf 2859110840 4832533008 6273280914 9180068542 743106189 8546701982
ycblztxivs 5701993324 1469380431 7345152464 269574477 2675634140 5050232634
nzazpkicxuupracsokwygrhe 8790799904 9385154757 5900286465 1377637411 7895542613 5597258620
syqznslzkrket 6593300605 6991163035 6466913554 890853908 7332597451 3785146676
akcopswkyybltsszswnyyyhuc 7300805034 6598773353 6720954169 6204502248 2881593742 6111213605
fcsevvjglre 2075048594 4424041400 149170580 5884574223 9858807947 6094623851
qpfbivjnfmwjrwqpnxojqtxuud 5861987667 4837836057 8902866675 3077336536 5063753900 4968809871
jisnsnpsewvqqqgjtivyqomwglspmk 4586713434 3737301267 5952420715 4079238533 3107363031 5831591594
hhsewoyxbgrddiihinjhlmdydxwzw 8053622586 4866865389 3718163105 9801134279 7016746096 3324229580
cnfoxfu 3393603195 7364366320 8580319262 3378087417 2760766258 5710796647
lzffnexutuldakmknxjw 6294430960 4009997181 4335325683 3305527820 2441401147 9717751280
yazdmejgwcxrhyobnjhzf 4109753285 9341168688 9261940373 5108971330 5363676085 5211472326
xqygvsnpqrjnnsbwe 8072557808 9662334079 9201078087 3031414517 7150979775 9248523552
dpcczyorshgnmjjprx 9766315682 3191324981 5369871866 6872156791 3350675376 208070273
phnuu 7475162152 6277565459 9673470072 3724180178 8633782536 8555455191
mbnqcn 506439226 9406200869 416661061 3694109986 5507476806 2706442927
lrllee 7736315809 6137945573 7639483119 6977692998 6424408952 5847856741
fegkjxafruvx 872398489 6268337119 4113145243 4101946477 1001244344 2275743509
jfvnfjepvcoclzondfcuukiidv 2875407985 6331863547 6360260419 4398639471 682042192 2659115934
zcjuppukaphdfvntlakaftfzvckx 8972996650 1604605433 150713428 477368200 8250477646 4916705085
wuir 7289281888 2420872507 8734331698 9723657123 9977651410 7365822314
wimfoqr 579031956 7830845262 5785565175 1730558067 6477172989 194855057
sxislqdvvyh 1389836108 3272198669 1553963579 2622118672 1333019716 9821405616
xneyumdfo 3391885874 8362630787 2156544786 953636385 7793738491 3492602995
cyprxeutfhxyenqrvydndhmgtw 9044842309 1464376543 2152041578 3255299517 6033019267 1697485114
vxvsfmpntgourfjprlgnjzbruhlfsx 2365052766 117203594 7559147123 1269927895 1124404284 7197037561
rmodnknooxqjuedkne 8683248600 9542810864 5096640589 3938066850 3648576643 8307772332
yfzubxof 6030699141 4419495533 7626803524 9589426515 6145643424 2540658384
kdzcjzxuqjxqdqvmiazdymbxtewrr 4467246759 4208695727 1287724051 2462106513 4061278607 4808509697
bcnivfxlm 6293105840 7150566702 6536579142 412489360 5752370180 2650153563
nmwkjeqwyexqoitd 6911908110 8268869544 9945160475 790099573 3071590331 2726067101
ycqo 98111892 8439658480 1959917643 192925060 9316463697 7133731822
npnpzgwwuozgwmcpmjmcmreihjhaib 3749195961 3855822073 5549527983 2918154128 1401172220 1756458773
xb 772443480 2601467283 3520095759 7078291173 6201418427 9250402762
ykirpkrglhynvbqdylximmef 1686687044 46206403 6806925123 6729180246 9565797218 6713186941
qjazbz 9649078591 358125138 9996558993 1089346588 9631694959 8354995182
dtrmgmwkkilkrdyfmo 8002347364 3562860010 3156292351 6622797546 2198884036 368952815
zklmkpnfaazzcaugyueuklekosybwg 4854563096 7660769264 4432327642 5982255426 5087607808 2900584902
yidgyxtsuileulu 7645223104 2739468242 6222493627 6607741607 4946679304 9743423323
uxcsdtcoslqc 3831458431 8638470835 8654177979 6156269516 4906355984 2805407414
yupwxnvt 6677920812 2358649685 8940690130 7380643901 5034639951 6133378097
cpaiym 9303868896 4352684602 9506318616 26265533 1717058505 4454207474
faogsqjbqkuj 6500273332 343384687 3837293123 5690430871 3020575114 7863201382
vbtwrlemypoytopqkni 4966259519 4123272242 8326797551 5273648023 7722438065 7004377970
clqt 5334594789 6588345379 4150053018 494894 8103630132 9352829532
zanegmsplhzyk 7185544608 2217541191 2861892998 1320771747 4662044930 5005127220
azo 3931450930 9461829219 7104605970 3111170941 2649208340 656897863
szpkpkdubvjlijwrepbuexoqzjxapk 2453687952 9656633772 6917252382 243181360 551690595 9613305513
maivmjdhout 1370881802 6690635490 7737065895 9992945668 3318438622 8122976502
aqobrbwughqhfgmw 7212826870 8793989608 7585564433 9140598283 3991021397 8902409937
hddwoorkojivmubwgir 4187533657 4459368715 4162015715 7606220054 6356817720 9248426101
fileeiwxryrcbnpearqpkoozsvgy 6997191823 7158496412 2869062861 4731733771 4965929843 6911681527
o 7839166992 1612290543 1132514468 2946329097 3200169575 3184538322
jrsfgtkutliruzm 5595865390 6830335170 3931171948 4619644567 2644763729 1170096771
rjtsxbwklkfeolvecrnnzxqolnux 3766530682 4839983726 8123505664 5952922077 9597076515 2643275765
cpgytvgfytlu 2137683657 6330414763 6065130323 9293486620 5677062783 9455443559
woouvirniiofca 7958599511 5664730076 992277897 5260691540 6925459012 3206059067
lyetjhlyna 4634356003 3654683399 758430473 4489164581 8950817525 8511568387
hpxfcdujexrrgc 8040696012 907651179 2529391522 7043830472 8296990726 2215693377
cne 2590133318 1672493496 7960440834 5025516606 2649006502 347267628
hovubginujvrwdx 5444025165 5127291217 6910752307 419490472 4396555079 1551666841
ugzobsw 8796138024 633587522 2826584448 8664312138 4768439862 5578187276
yetlhu 7193675622 6263473156 6196281258 7025899271 4794961655 6645691552
waeqvdqnhhuitxebtohrnjuzh 1374714082 6991166122 4815965068 1911482203 7023697797 8048486857
vimozgwbelwiwdremjpctunsftxhz 8268145139 4401889855 3592890230 7478695962 9701659660 8088504772
yetraztcfegfaeqchjplmmvzfi 1523939258 3148882769 9060351826 8983642077 6256221192 681913056
dvqknjhphquencrktuuismjekde 336975861 8194041265 8209243881 3434419973 4790200541 2110576158
kkinozfogveroakmbn 234694275 9077509114 400941984 408108529 9103375205 9162322199
qbomam 5974090146 4023761341 9477048776 952990640 7832714388 2088525272
qbwtdkwxn 8512457920 4022398687 9405344352 8906250372 6754574870 7631573652
yxnkawiiomeddvcmdxnixfrspbcnkd 9172940643 9505725703 6298380947 8751402422 420684965 5035676024
rczoihcmxnvopaazcmhxvzasbdv 333257705 4735772123 7030734335 7329157191 9131323524 9118116862
diqumbkhsexkodolmkdldgvtxo 3155598615 5332967369 6300828085 3778747972 1027821757 4779329134
tzxwqwyp 5697970700 5818232968 390154330 6471246211 3775284002 2872480278
kglxzwpeldatpspiyfz 5071425379 7859571445 4341981673 6318077133 7086840964 7208965781
hkcmumcakdpepsjbismvcak 2721443569 7841818622 6307442470 9581570950 4113267776 1186255761
uqqvsb 4221982065 9111356487 6602092515 7533483857 3605487128 2598741662
okjtuaqkahikh 2702650334 9952277490 2012292774 5324238802 4590289531 9609077072
avrrnnspmmivwjtqytbtbbpjm 5927353419 1161495503 7238454504 4031213785 4138140171 5564266985
obiuedlrtknhvvpd 569391368 5611158506 3430464380 1808475321 6421604645 6753463461
fmqxtdmmxddxozeovnncj 7065071122 7989667202 8647359127 6591462922 6657868083 4707811793
ccwbneirukpgzyxppqdzjsp 4975784399 3038682542 1065168957 1115528613 7411910522 3090308183
ofzvakdtezefutspolfrijuydthi 1666345593 62467613 3889220408 3752940141 2039801355 1437715676
eoprirglwujupyeomwwuawymd 7653078763 5756266018 1444190157 6493730793 2424657082 2288165145
rlzxx 5745323180 4929459121 779741702 5395150594 6470223125 816919946
yvrqchnabxuuchfrgsndnqqmcnceyu 374080236 3402946996 8523294964 3074690803 7656681527 3737393510
ilvz 9765606609 1123364046 1534755294 6863748261 1136780398 6602183953
izdxyk 88741400 8712864032 4290016971 7582719470 1883141675 925597438
a 4814286869 2584562055 9678638660 522197902 3033741446 7879685390
jenbhnbribzyixurfqvsuo 8423244518 3191321239 1102908924 3066237484 1284996133 7293697926
kzweduiwxzbrtajzsjyufovysim 4657259691 6699182347 7185968863 8888378333 9632237858 5884344700
qksb 807158398 1614868261 29873232 1174054536 1356035582 9102359220
jdxmgfjdmkgojhl 390602162 846727557 9523350328 1727644796 7518945123 6709358780
tdwcpb 3003025282 4006213092 9615197334 6931046059 9708744191 3676384204
vsybnbrllxzeyzzomblwbisd 7381313309 97303631 4393108683 8624265257 897672540 8669062789
ifjmkrfbdz 8759996467 3197674884 8108438587 9336900155 7358029888 1170086928
ljebjybhkeujr 5606730622 2380173365 1552816261 8641031107 76849706 2072386423
bcrzhdbbpx 1697901137 6497279253 9229310048 5418242130 3259128457 8709533964
nbqfzqgepib 4355450425 7064489877 6094375828 9702235698 2731906732 4095805408
cxztglsmodavdmhemjv 7350395238 1309480180 7021249072 5608588917 7510757141 7417945164
fewt 543600959 8449706597 6013656054 2298103242 1835071628 2313835873
zjgj 7555610899 6837895576 9262350234 4512224306 2706850015 5418427969
dwvckvnrvnsqmmgiszmpyf 6628825642 7157304567 6786439481 5009144415 3686111455 7251754308
rjmvvppmjkpmrxxdhfpirougzwqlc 9079983421 7210321244 1255871618 3227225444 429982078 3433616297
drqraqsnkwpsusbunoc 9270355076 9847112848 988705293 3186801179 7456069408 7069369473
nfsbrexjitjlxe 1495704733 5516689377 2613532190 7459517388 826849784 4064668828
cxiagmxkyrytyzzxp 3487058993 1050643574 9759039863 6902136583 4072060432 6166312251
tdcjityxbnoyppqgnibojraxqdj 5904514257 3338522118 8873338650 9653961818 7590940119 1232479784
hdlqnhrmbdgzwsqidclq 9106385805 220500682 5098230627 9987217088 7124704734 4118452252
guotoogztewql 6110308018 6373822397 7459689541 3300142668 8499792564 2601837810
ksn 6775613757 2339063686 7635863706 8644222324 1770796882 1911685480
etqvnenewtyufdtrgzyeeihmn 7290305178 3724236586 3597028680 3439634137 2914014032 5084667071
gcbsplelitpn 9722852050 1611286793 3566014340 5685210335 9332314956 8933484003
xrbuvrroxvfnok 4099285805 6311713182 6329324551 9208192656 2342482787 1731369928
lujpqozwoshjwrwyhyddiwfmqcbomt 4808745918 4885596496 6963882746 4990854719 5458905642 6614235310
eerwcmwdobthhziduntkig 463671575 8729771287 7776180743 1990446083 8312934473 7469680631
cnwvj 2200858125 4503510073 9642493506 239366415 8324478686 2979540527
vdfnvjeutitnbgeykbbwrxsqafm 7081992323 8609885070 172384435 6446295904 3359396123 1238337750
pdviphafsjadamgdsshiotolzw 7231210361 9272735852 93342352 2357192798 369573162 6681282242
tjlxflgwgezhwlqrcrcamjusm 9845541437 8296380030 5091229528 1287389761 5947692053 3088262185
euffgmxvysrr 663486512 7190163359 5877142565 1480990161 2579668032 9319413046
dgcfnuve 3027796420 5273627422 7542952933 2238663048 8607519456 6786828610
ewhdbkkyaxpeuhlokgpxfwi 4699916387 4410284151 90584445 1495744450 4205625559 1048053214
xkvsjgvyyfzrwuxojeuv 5163436806 377214371 4368150487 1114086354 424349829 1361201724
vsivtmtdj 1598870169 1761228492 2232287442 8426816508 3185971037 6578634131
gdxmhjjnfmilomezqakfrvm 3047567646 6346157843 1512044593 2367397568 366682710 8854604551
ronpbkiyps 9752714611 2854747968 6925897844 8114069178 3321732278 6749455937
ur 233012333 3736119624 8368999597 1847739767 6683942161 344771089
iztnzbrpncbywvmslpykmgzini 8491492322 6518102933 530536097 3684130001 3483071364 4825174605
gffdlb 788313188 6613973719 9427688776 1796762170 9807571242 7986732442
ebvgjcdypt 7731506097 894968830 5678579091 9362234229 1792961736 6621371735
xuiigekyeyynokljpziaziuvfmkjn 6901336641 6791962946 3925839078 1367887193 1822647573 7492470850
rqozrsgjxadvdjawobzmdvmfmpq 1878901747 7119105438 7228016543 4127977879 3836677666 9418501762
djbacxznteq 173150578 2635078330 3139491781 3130085120 4649606225 3047870242
dpyjykqhbefenwgpsq 9126860942 6958675840 1392491 6619708566 8486877616 6436151215
keq 1144103581 6688180034 2285232330 3137634806 1585423864 5192779214
khxiwjrgxfhfoovywsja 7451030372 1260749101 9005606847 1530166662 7912583045 1382685694
f 9728804692 5519771755 9804862547 5203997922 2800881974 1652898861
bnxjtunjxnbzxtfs 7211330821 4394649137 6586617247 7511382620 9756361376 1277002023
bq 808962886 5267231492 1030498112 9012066160 4775293615 1512588800
nlmttjwfjndpzmus 7309300352 4199467425 8170346724 7319727286 9317548609 5358240550
unaphmtdgyvynwygskqkpkaoulsxme 4242818324 7393691745 5894093089 6624686997 6472344864 4455586717
ffomvhijfqihuurqqkhgnchuvtghp 7328648750 7185182340 8875870079 2582400761 7870351788 3455956517
jblyriegdnoxzvrhalq 6997155151 1129651300 1448912385 2828511861 1320464420 9076018899
kkozququcbqwboigitjjzcyelbl 2002709937 4918483421 7359215926 8154538062 9974194891 8687388790
yuqphertvdlpaeozejcflizxnwa 6992659297 1972793800 9511477402 1550851550 3758404072 7474972339
idgqfoetk 6705997223 9643528252 755887390 4561497165 7799684923 6780103768
zjuqydoppcbiqqttieyahpwosjee 3575641306 9457378813 7711042538 3333365948 2241475761 7508292555
hwqemoonuvzzwbcttnvpzdpau 3458082965 5244505837 5537469690 1483792494 4097088192 7687435332
apqkwbhhyvfdhbiudqvlbkr 8288918376 2179956758 8649657686 7528052145 7176159467 9139155757
erojehnkldrzcwsfrbmov 6156536261 3651019475 3482459764 642517043 7475226212 4470778560
jqvtnejdaluxnohaugzkjdrsp 1811911445 3781060523 6729403236 7500138945 2260556634 7374362882
ywnvrhjd 1421672112 6718943645 9783716677 2780998493 4137213445 9666940924
eqvrtcwkmzm 8574776977 232902308 5494387216 7679137795 1155436338 1226183814
nzrocqmkqzdpeexv 7539377983 9488547699 1574700560 713815753 9135477767 540389494
hnwchtiv 9623663261 6371009220 63620941 7793432215 8295382061 6041979815
evmewylvowfsptpoc 8529301265 2528323850 9853927669 8627198770 7562015532 1739378285
nx 6823941433 8133114210 9396894016 2055441654 2971812229 5381717838
ck 3344194662 8817092044 5921841749 6965222168 1880853277 6931577458
ahgmevwheeyyikjwopmqoowyplrkzj 7435534543 6431506846 1739295497 9433523807 9579418620 8398880744
saxeuxmblaepxwcyknp 1622235873 4298601576 5016562440 2324096777 5838201891 9988964890
pwb 7479223000 8985448845 3631035770 5453428292 4114825192 9393171545
ouwefsrstojwubcqdxsiymaiuahvn 7267648034 861982374 4844738840 2802249813 8051803286 1223390798
icujsywooi 5135080544 7778140252 8347744432 6216251666 7651041980 7853796741
no 9425968664 6058048035 5151002267 1216778528 9484489194 5043351693
upqgbziwluweslotmr 1673956434 2078118028 3552431703 1501484498 1583549250 9900005622
glodbxuiqgderjzbfj 7148827163 5355584764 6354277212 1497250536 8547981597 2209164363
monkrlsaestmm 7120180444 177857424 293819188 5942882864 6953617259 5550957326
loqdpbcre 9209106520 173406744 601475573 7405716491 5561485796 2607863687
kspupmaflxlpbgllygqcrmuhx 978443699 7152738168 6276759409 5321537850 1101727042 719866917
mdgukciyb 4130883164 8293098246 7348864769 7507190607 4705638962 3150789445
karljfrkcblgwku 4930062869 1031428969 5558980182 9014654038 9288730174 8227787029
mprwo 7539549700 2564001567 7778664824 6027742863 6465893705 15972852
fympgtidjy 4413607793 5794129317 4494404951 9570193144 6744644341 8470260114
vtuiuhkefzyklniaqceulo 4416047869 9056149784 7993198526 5887742877 6850432210 5014063913
ovtxqgrou 9452136897 6578006851 9846817478 6246674739 7864752130 7645473943
ktajekepkr 2755146445 6998489581 1179877 7785679825 1396221115 2350696032
ydzfks 1974046935 369552007 9538651765 1164072043 3969934841 9665439590
qk 2481222560 9958872660 2020494142 7733378090 2142835028 4489808330
imdiv 7196816012 4301463139 9478206400 4455875987 9182933398 7022105540
fjadurnbfnan 9266013345 778939867 5569089546 4906315634 4357189173 4191602110
dcudfgd 402675790 3447072048 1324598409 8494044606 5544505639 5968207767
l 7121326485 1771160058 6200363719 2073145933 6833339516 4105436212
hlun 7632523473 718199796 5903283325 877695805 3503203880 2398052318
ghxucujaonr 6305709030 6616930112 7561694118 2206411725 5070024529 5542116753
yylenjwfdaceaebmxkaermxdtryd 9459141069 3122736346 5275990450 1433039332 2359765336 6776308331
oekrvxzdqggktpqfbyi 4187592081 1273776873 4714531224 7151831676 544635134 4231666540
qwyypzpdmlepgpbjmbnrontlq 1073064547 1226114725 3197430611 9966187228 7131878375 9363292229
d 6248446288 8006348755 2351729781 7446430620 1655821731 2991813505
ftrqfmnewjklyimsocidfz 9424198869 2186251919 8857155575 8942121363 3627346889 823101745
bcnrjquqfbbkddnqfibg 2387992530 9400021463 6682572285 6526175479 2697952699 9289063625
yjvlam 9109555908 1194413829 2408458486 8632236763 2273443664 8076359827
ozzwbnvzfwytsvm 109533970 7897585696 6328190144 7651669456 6459165746 9668376753
myanxvnjjthqvfynjqfrpcztxbiwu 3082241002 1554851994 2827227446 1579522847 3447510646 972211202
bmxjrmalwhwqwjcxdoszwlfbguromf 1016991625 1018621029 7579865718 7905844318 3700760308 2959096078
rvhe 2079096430 9973954397 9122169529 8474579918 2688624133 2004609574
xoffeyqiteqrjpck 346231471 2977805780 2819955135 580490495 8879199171 33926433
faffjmddrvhswtlvsdlsgzqxfbju 7924159243 905038162 4833849671 8717316537 3242416925 8885824290
prfpahvbufjlhuhxu 981802847 9912550777 7789944480 5168840999 6013000851 9704397848
rw 562370902 2007807538 3113495567 6058303767 5900906426 8315479546
aymdqhexptrfctvsnp 3576207224 8361985030 3712411357 3019331704 1575324075 8080388160
stpeyrfzpil 6812732885 1931886714 5463541340 2770417149 2046450983 8746341125
cqupqnrugooaicgvqg 2992343666 5008462870 4033433792 6481038794 2709054624 2402921940
ivfjdvekf 402369644 1721730272 1450392531 4795520151 5193715168 348443585
svlgxvssltzroiikmfcfrpvxovuna 8330787048 9999403757 2749253361 84188866 8914726053 9978602007
jntcsnzgqkp 7852729356 2165605682 9365917945 5242600722 9145795753 1711052943
mjfuyvsymdgfcbvgjgj 9282073542 6411413747 1915762712 3949532216 3652619776 8400672391
oktelrdvshv 3236414889 1374229126 8917682007 4482901016 7140425103 5097340268
oh 5460180149 4600280909 11654741 2208252947 9028905026 4735850390
kw 6707903355 9775029888 6568951445 1894226598 6059430510 5279542000
cgalwogaeh 7726904992 2299576645 335839507 2739485218 1901693420 8787703854
cjwdrvnzncxnjycbbaarm 7033681133 3545908579 2128026417 7050761054 2909397568 1132764451
dwbtmbbwehpodhsqc 1307868962 9387235697 9566992506 8995394430 3346404008 8916499714
dchjwfsthacgtoba 7107083294 2287742682 1602456804 6836352172 7353751065 4253487870
oeyphdpbhqpdiityfopg 9729371200 233626771 997874341 84170702 5460842790 8202074735
envhgapbbucqkpt 3630394310 2447788084 6187225903 9578375518 4086228969 4894210429
xefnyqykwncrazczugpxdoxkijgeal 6271353862 6476268498 4779316070 1619177814 9968921331 3980438107
ejsngkzjajotdjcbl 7781531616 4656510251 546995410 7855925858 2282994788 2468568257
laqjynkviszrsynryfwvbkhsuxg 5735241257 8935486795 8768540758 7117883887 1997955019 4966441224
rtofknlmaowgfuogtidjjoqmpkmjj 2754900034 728276017 5281023482 8130220669 6255398508 5781652984
rtgxhqlsuvtxwopjmz 3866435573 9191943737 8273747229 7947097603 9757993015 7293998444
ehdlazmelvbczsjwc 6575768161 4601718471 8625380381 7776747902 1747657640 6978143039
kddgnwskvbpwwvrdawdmyqlwrt 4749769116 9091120770 1121659393 8961420809 6642651410 3861982115
xoresf 4534788665 958489560 1050606603 8467825257 6083503200 2976254688
fivkifubn 7912225914 121465040 6046996285 7069719972 6499435776 368054578
uuxqbnjmczalal 4974042175 5659495695 3453969772 9160883361 7563093002 8868406757
xiuyxpj 6720763090 4232062592 7412596362 989807415 5483553953 6344339286
lilhfkneztjyseetsfgk 4978260823 3475605824 5123992515 2191919658 146266914 9419887158
sewnqnnelt 7954074874 3212330194 7716186860 2414420152 5012735030 377978574
vltrioxceoanbcmvyssonft 8784640407 865214667 1570941714 2155218897 3530478803 7384699106
vvtbcvjggvuqioglfqbsvx 9155664899 5250368220 1224558497 1711965525 9881591684 5506261152
bjblnjiqyo 1421926697 4763931955 4670485048 9369569380 6241511531 883152325
lvhhmgkhgzgshoihuxhu 5541597716 4718251212 7398170767 5123401890 3572566822 3520144391
mxxr 3224221757 2502055399 8358730404 7787847043 302339534 6548660334
thnpvqigxkzgrep 1839825167 4601676499 1528976609 5192007759 9216536198 5591640262
uea 7437220895 3053385397 2345390421 1200983345 430277646 551592510
zpsgjtfiseidobqtqdohwpp 6478994498 298030099 2211525855 1875686564 9509641269 1259668278
fjqeonbyenvg 3144361661 5844319867 3977816918 1518967560 8534811965 5945918358
tgbabqweokbmtbfeujgfzxhbgy 6023161301 8751071028 902164244 8441843006 2183950111 8365627089
lcrmsfsddmvoffueaqbunkgz 9187624325 315064994 4492178443 8780680451 5548281630 2059777553
dlswqtwkxeqlgcdzkpcowxv 6664845779 8072075547 7893421104 3832758832 9358055586 3024070363
tdeckzyucoucuxigohkwmwxgrclyg 1642497482 7325185384 429059045 4350993051 7318840918 9863995469
shccyylezvmeecrulrgecuoo 6942388483 9916423638 1540435268 1714784764 9259739193 1145513932
hfjm 7728879705 2333607464 3969278711 6507705809 9429897748 6402954120
tlvczpjscflfv 1638573562 9941248238 3523537323 5887558559 7416341114 1397549241
kjrifxrbsbavenwkkwqeagtmiiqwm 2799460425 58583833 7361749727 1302546301 7382494294 1460123449
tafnwqwa 1046008265 663913367 2315875006 2129847123 1449494299 3797068363
glpxnfffi 4244385555 1036011907 6468697060 1199580507 3586852221 655945224
xnpqsgpedxneoiojknremauegf 2450755629 5972723043 9847230656 7896503284 9089396948 8370551762
duhhdmseprwkuuetfsejqavohyas 6785779802 2144894890 6744589419 9551036124 1056582736 1138651173
octncfmwrzbmvbsoypqvjfiswafj 1789243798 7410404683 2614944599 3556417067 2939811334 4501013061
j 7707961150 5756622369 1693641206 464675943 5583815317 8928991412
gmfaojlupwuulmycrkckvozgl 2974478058 9157556025 8190128208 2074231945 7878493165 3699329289
dldkl 8078953714 5690138273 9016761419 1048500452 3495773052 817737310
lziadwmouavbjie 366108944 1387374305 1202111883 8188989739 7768774720 6594331225
bjyrpt 6966165133 2617954166 3262342680 6387697843 853083219 8490214568
ritvqjegvgsbsxlpjo 6274917460 344642512 9456340234 3230753907 7386532620 8930166868
s 33864179 6968357373 5836297362 6915403233 2147381895 8265010645
yo 245798426 8121071792 850693616 7741655566 3132796107 1291090325
tcxutggswuencmiopcuglla 1732357656 3707053906 3705263343 3082966893 2190530742 6484396472
ksxpvwaqdpktvtxuumqjq 154336881 5655753635 5202478438 1030695565 2205760607 3142972938
nq 1548532466 656876553 7042920661 3417072457 3960037259 8181887280
dvjqkvowjqcgnvsfjxgkloyo 6880587392 8983605244 1983096607 4692025360 4446989845 3587469404
zhjbezuksjuu 9484694339 227077812 3422871114 9170187599 7675028664 5177759528
mskgsiqqsnsumuhcni 4489684611 1186340797 5279668162 5954325516 4055105957 8968916242
bujpznxyqbmcuw 4067398416 3574122474 1952553509 1827469061 2324397948 9216235490
xehwmysibljtqrdzu 6452425991 869635292 1062647267 6504280735 9776278523 1155678009
qghcqufzqln 7760236772 6303777750 4971176705 8727387017 253509811 6158433102
uemeqkaestcdtwg 5479983193 2296792859 9035740234 3140053333 2034346188 9936798399
dap 9664309291 5849697604 7600677845 6984969512 8238112234 8583069091
swenwooftye 25419030 2553368496 1979193480 8261039151 3754412685 8531454265
uzfqqtyvjgcihrgvc 3837369855 2626582629 6542215611 6775715165 4733871317 6422299203
qsnjfgifqcagasxzfilsfdyis 4420695113 7298836036 9569791950 788082401 8362279771 2702849593
uhehlfgmogfxooklhhllprrq 3447411701 9956390529 9051736711 1844855171 2687210700 8472963154
jvsvunbydye 1971376699 8780534435 1170670051 1633719525 3608092918 1399829652
jdjkkxowevo 6298711540 1603961064 1006663219 7850793934 427901735 1773899089
ejfenmpymmytofywebc 1122255233 7841762544 3031302586 2304908815 3466093446 218633999
bdxijtdbzpooignupddu 6028127599 533812796 9391760832 7833192026 9736115915 927875956
z 4035623228 5650038134 9722812715 621095988 2403381753 8283847774
n 5466703833 8212754545 9385773306 8715300102 186420362 5472091771
ucvvfkuijlumi 4589954130 803175253 7455993009 3868353410 6789117227 4391754105
ptimdophltoa 4296405736 433350420 9521413147 3306789687 2318456848 364065728
wljunrxjgluzqrplviq 8910252805 3339970252 8189209671 6985727749 7131594095 9440925055
pihigwaabcnrzoviux 2204071596 3221166630 119823096 8767471581 9068815891 2550151748
qzq 6082362021 8988937574 8130615881 1592811403 2184146211 9294038982
qktqaseyoiiudxhjigrp 1244435307 914114022 366633249 4923926865 5220878942 5421788997
wumineru 9682018965 4732665860 2373876906 817953320 1751851781 5271539531
ydjglclzheynlfxyojrzrbmpqir 7071337047 7965098950 8000255531 4200224528 8389171659 2739990745
xwdannjcibicjxnvokxvrrstj 2165480813 447013679 8978863425 4974410975 9259524549 8471906500
fnydf 8081008323 6419579684 2624074519 9230531403 2252031713 4321470931
vgbfuu 4022044599 993500253 818545861 4157133696 7807491022 9044937388
gjiyevzcielejgwehaxclqbldx 4333577897 2357517268 9132705855 4465568117 3381164987 7430195037
ucebbwhmwpdbnpflygzyj 7879810139 8699889253 1960580957 5795765633 4545173760 2413585786
gpjwxdibggnmrcil 4378719325 6864604295 1658515690 4266501427 7088926820 406029811
tdlhuwilhrzhulwipkb 4484542606 7658105116 7236850411 8099836264 7733509777 1246543486
crdclkroqtzktcx 7808615030 310538426 798098341 2099003954 5223929905 8587562772
hkjuyczlrpyqavfrcxpwey 2637516639 8700257359 8976475024 4170009819 8845755917 4727887016
oxswtprwyxfyplmruzclyxyaejm 4496189476 2862505868 7669440757 3496855741 9792851361 7049048328
gfututvlzdhvbcnnblirmehehyoqz 8781729647 7282696691 3637599988 6324643348 8472242833 5351762471
usmaopqwhmrs 8048819660 9249924781 7579002713 9458598927 671067686 71829501
fmvaltpgz 3966893320 5814659230 3270499651 5903803283 9648157517 8089206577
ilocm 1017502984 1821892850 3743968868 6872400864 3487023469 3608476449
rqideljprokernuxhhdarkullkfh 6402128002 7212201408 2379329608 463274715 5514451708 7330860063
bixpkh 2848725501 2901671692 7618436752 8433418708 5024994556 4273270156
nhsiilvnfherwwborkfxwwelrj 6721296227 7639766891 9822112440 7858992421 9950482263 3503455632
ozoqqbghphooksf 8451041186 5342933122 6913325383 6324602315 8188179502 6605554155
hyjgyseurchoyexzdzlqnjsbdahc 439434194 3520866549 7898307604 5247710408 9983017082 3689610896
olmnusxdzqbtosskmgjeh 5570633890 9030379922 5378301905 1676008834 6698815116 9502864383
euecacsvbztb 7869745508 955994368 6720586790 492617879 7379740136 8949598719
dkjc 2929906329 842749765 9830040415 5499347314 1284278925 2808641090
ucpjjwjvxgo 5999149911 4680043858 1352197414 3863003144 3876421847 5350399453
evfdvafdjanae 8280399976 6309094884 9764641570 6413610200 4107905998 6064713279
pvlvcalkuudgzwqukafppj 9486380984 8623125496 2013565788 9254952393 9965420611 5951490643
fjtoyvwvtrbfyinc 6156117483 2839627960 3183061800 6034286573 6650514782 3401641676
vjlkudrvezeyolbvgviur 9050157380 1007834038 3921553112 6435465994 1089210756 7178463214
xlvlfifefbrqvqxrxsnuwep 9185587125 7000305706 8986906865 4392799561 8133399979 1440393160
syfrfpyuslgdjvzexxhsrfi 5055954779 3722646213 3022047849 9025260779 7436136724 5134697168
olkqqsfkof 4330769057 1825725534 1467972148 5184442585 6895818141 916710981
njgrvddqgmedqiseijguhfamnf 2088429144 8455278340 7011339879 7085923298 4326616035 5457966293
skoylmfykkkizdrzylyyuuow 6368176220 4627786721 6018419048 4012237917 5899756830 7514937454
dqjlssalrowhbx 6712554919 751467925 7613989425 8264963859 9406527618 4322990984
lqmnrvrkkguzcslwynbtlxjjvv 5312339483 1157969950 7229493740 2100772748 5732041969 3110932685
jg 5480058494 7783786148 94667826 7477713438 530534273 8122586478
rugnpzozbfphhisxibwzpuj 2304019914 8318972785 1025216139 3198218785 4108607891 5274130057
fbdmwwamzawvuqulk 3528740734 6171730655 9428715522 2067900863 4321608889 5229205676
qothrkwwszttwizmhdpchu 9745334974 4896832253 1393472772 2566372559 9958013787 466651217
rzdalyfoptfrydhvmsgwqzy 5850800274 2688484684 9440924041 7289129137 9934045503 5045309544
lzbbcouqxiqzfbjhhjxviaw 6161224582 7997554226 9630471197 4077700368 2671063700 4902801304
lgxfcyg 3472283453 3121372493 1544320171 5787370828 5525754556 7295139714
zmjewdteyahxzkdri 4401460286 2022663967 9805527232 4495009697 3050644564 6495151851
baqobcizrbcy 5389305270 2922180280 3470490438 4539984093 6361656905 8192113401
zhztmkeipn 3369653953 7105977565 8381667205 3003511304 1880670584 1713810875
zncfbdyfjxqwosifmctce 4147694697 7590152478 5580251211 3419646250 3323502428 9735193114
zneggonfjucagkfv 8475499104 4959286479 8593549251 8996673542 4855279853 2523370193
wjaxjhvsbyzzp 8431241687 974615459 2978239512 1201993649 8892464625 3944232110
nkmy 4453735325 2037543072 1287721151 1986416910 8869203042 837408245
ktayudxyrcdzepkiifyoehcuz 9939733939 5865816495 5727259680 7423641542 4399366043 5338430491
pqtxwneujkgrzzcbxaxaxax 6078095159 2834515724 3471245081 4314829537 4367481455 1143323401
pfbvgrlgyekghthkzkqd 4191485370 3361714328 6967988208 2022655564 7503415343 2393685557
loxbdkxmgm 7620761069 9957782697 3793240241 88732850 1587482985 6100654949
kn 5676080995 5555090565 9696908108 9156428870 2463845146 2083750400
dsiteehossvkx 667619294 2407316671 599904671 2440063471 5098428653 5003947497
tgdmwgivocsvkstqqvrfhhv 7011569669 79497184 7340103412 6992319671 7809860116 916764605
but 2096869834 9194808785 3057099194 5834174114 1053407831 1026599634
hluipaavjxajmwbygihciico 9426359770 4984192218 1082818951 1604283252 6492818726 1122856557
giss 9663312172 2091267984 9125584814 704807679 5016123664 125030351
tbxuicavtuickqtzbonoiwgfikvj 7989581726 8277359287 8174443537 384133333 2520584863 1830157105
btpzhrrycsddalckpklcjqxxuhdmn 1702895903 8878320148 5902527580 4188626905 5109381255 2382889783
wfbzbcmplwfkkiseuyhmwxr 9554703126 8283545602 125856373 8588950618 5427509213 2185710760
ykwlsqwpvrlylqfnsveitxnvmuuv 9981887487 7004030083 8008895960 3163831797 5554591016 5412925360
wmrxbkkunhgn 4359692457 8705394321 7850824996 1796551249 9724504755 6434402009
sagmorpytlbmfokgawhdgryllh 662274166 7006951229 8305892053 4166532128 9431328237 9209511176
uvzuyuvopnbufmqdurocbh 3643045613 5961387214 2375424603 7128819882 702205952 9963161973
wnrkdbeywmnstifwcrrqraec 7739786023 5472500788 2264577795 9065187450 6683256916 2557736523
aqklkotikheqw 5488507655 5990455058 4749200361 7128094509 626213044 249362105
scjotqbwezoaifliymnsppbxrafwk 6133189247 8623656202 2791363566 5617563711 4031485444 2755339043
djzjekthxthj 9402329828 3270952302 7239072132 2134692960 466935149 7521432969
opcxltmoyngolxotralb 7863265052 9923346022 6228054364 8216296148 7528697346 2991660167
mksygtsfpeujqtxgedukbxqwso 6855428479 6295636124 9771735579 9914049763 1847569587 6746399989
crsqygxxbpbkpffecxfqp 4457153937 8278810844 2598654485 6248295865 5997153879 5253191592
sskopiyqhqxebffgilrytyqviek 188816816 1175926372 912589382 5119833406 1872262237 5303156389
gzansxttuqrkqequefi 1848514105 7588595196 3966151649 5549864915 4540942517 1088170511
jfvdhadacj 5884207170 8417867438 1428974901 5954793476 9912515204 9381944459
xzqukagwbaqgufcawwlip 616206126 3460721134 3991016667 2433540804 1707601182 7963071892
saqipjjqgnaksgorvqxafkdfjjrg 242685428 7218851758 682787531 1103988868 283418255 6769646147
lgblgiyvsuxtcu 4413980607 8955987507 9449170115 9694318566 1696522468 5281739167
rrwa 5992887232 6878305241 1732279494 6665430127 8032303463 4237137981
fwdmodujscjslzxckxiidlca 2890912900 8173228763 570683243 9872047540 4271299101 1413284092
iiwcp 7266109652 6097176019 95143536 391066474 6790931193 4239090750
sbacpljsghmpebw 2287096219 4393756128 1601495206 2853437249 9730445396 1287772727
whjuglsheka 7729315654 8060208903 3634728153 9076430869 7808333266 8068249494
yasdz 7211364676 8340097234 5968946012 2641248411 4425688068 3269115687
cmzkkhswmbzqqcsianabcniopkcke 2458001440 2251628011 6978504162 4400156863 7884957859 975357830
fswvwvbinpwfhlnxcpbr 867589962 1879538710 1847937472 1799884659 3889292678 4102458431
jynmxemksospgqgrnsvsycsnxk 8359411823 2948989617 3262667657 2914961318 969771965 9072541202
vhontouwzhjqxtheibt 8193353899 3215867926 3778053780 1705741643 5641650436 1758768927
ottlsufyshnyycrbisipemj 622605135 9271611750 8819029078 7229587552 3660495784 8082096217
kbemygngtihotdibtjmsebjwvll 7009574879 1263101246 4272985559 2287314438 2197620601 7962204406
maogbzdttroef 3775385147 2529120874 2680100361 7696584737 8763156796 174278614
syaphwi 6351917987 9482874031 6092118553 6434195337 6674887086 5086231197
mmepp 5469132444 3422304893 2475568587 7133697983 3420669169 7256823441
rebonssrsc 8664598260 2992563028 1010163638 1685746190 8729854791 5942362585
id 9091084291 4392595703 1428094859 5257028915 9111159493 7135567031
aepovcdratmzfxrtbtedv 3484441573 7214097943 4524219632 5179362901 7306376491 9760771121
bwlvnepfjodoe 7719625014 1098147243 7728656707 4592019852 45271744 2959685963
pgrvjsespslbflvflwacs 4627839567 1733810290 7978677639 7144891699 8879864729 3374919984
bijnbjolqaqpqiiiqmtpgt 6791669539 1613619180 7581409766 5653703990 4157705984 6296706802
zxfwrcsybrciwo 715498680 9381562472 66889595 3475897033 5514112499 3272749253
etxxrwwpz 6142231866 2507409029 6655311088 6150554856 6991757039 51579790
puhuydypnwynivfhgiqbgkewt 129646175 7812784845 8584539707 9090125989 6120408300 1764848621
wruxa 3804793045 7444225259 1564516976 6866659277 3316633863 9250752559
czshnqfunstbbrsruvacbxc 6195628192 9089940939 663173791 910646379 6818300776 9045427947
slihbitjdyylbs 4127089997 6392526810 3321825765 5714831129 4295862281 5456319160
gobqdjivoqeptcvw 6514593066 1910337612 5503356953 2355785372 2244629083 2384800093
lnzzfhugkdk 1360474825 1885501748 8469210943 1228665089 9441078876 4256961980
ljtqclsifkjppiew 1946225543 1215074063 7855445749 220128317 9042205888 4092471420
mqfzvgxwiqfqygquulxwxmwdqjhfa 6921993239 3090891620 786745322 7474433412 2439052635 4901540269
shntrswtck 5750255772 939332082 3161973993 9760484216 5581799960 1227831185
wcenovkzomwsgebyqzisti 4006864121 8689114953 7115993394 4014108278 8230774671 6697826653
mojjpmervuztluwtqarwouo 1842741830 7627082195 6379172608 4669859969 8230836355 2310820390
iyfgohesxbeqmnsstogy 7145041349 5740780117 4906205811 7138686829 5449976236 8293027517
b 3007880405 5533686802 6036153936 5429132368 4179494935 9497850159
gftka 6649070159 3843819047 6601419208 2116389811 3494458024 3384366639
mt 5228373957 7677760003 3068810207 2270237096 3969651987 8838631632
qsynyalzjdeyhuadzsh 8691451358 1937114598 6933832543 663187731 7107113075 9777151535
xmkgfzmsexdkxqkxxkufvur 3057142365 2079043477 381488425 7666348441 3444380450 6317470307
di 978253515 9101637033 3573591296 3243509285 3384561034 8014382151
xhnywrjc 3150437373 8131940433 3943023035 7883649919 4845484474 3407966886
sprxyfbzaaqaxmdzitu 1651723825 641738862 9407380786 2146865738 6609809027 1046103579
kgzattydzinmrvadkv 8717179587 4714748818 9514721326 3685949217 233812010 2832957841
xxpjcimkxy 5158162482 6598405707 5977994318 8561527014 5221383019 7588343553
qbox 6711606437 9222515736 836410587 6777520203 7291857415 3121921715
yunttsdisiutxszgrdtscdzeebbfwp 3358347283 1652899135 2314306576 5079266188 2584882013 8940615628
nmmfsvypxzfepykqmzcbtuovaa 2106085584 5236836799 5262676439 1001206109 7890423918 9395962241
yzwyviianwqom 3136303038 3123363675 1515850389 4215587635 9023926073 2087612868
olcgufczuikmgbqprxpzxxn 9528209418 6008803340 1444931191 5677948748 3560892939 7585879404
qjmmfbfnbfvfntoalq 3178231822 7438616356 9028456426 3617738387 6795984361 904853216
ojatxiepgfdgcplyc 1931055664 1331700717 695973746 2780557050 9211899361 1716368
itnvjyumhfkurvhfvszdsoimm 2446932251 5092477883 1557188597 9658196519 2364583638 2219681376
ojfgxofmkeoxhplbsax 8787768159 6717944891 9152209408 9878662761 7063992393 1822578471
gzzuhcvtfllnvkyefshyfnimlnzj 1168055913 9638636741 4010062471 3074220745 1422914694 4348170434
fmbc 2561365551 6070139566 1764724373 6973458145 6848109879 663392900
zemxkfsbptqofkzooehjiis 1873057240 7780192709 3750812776 3214433912 1664869887 2535110579
cqmjypavmcgheapzlgs 1897967414 2249023483 1503914278 7459945007 5823479953 4900682113
ullsmwcjaqpbstalqiunwl 3209717773 5039650262 6761229677 1291306319 6278060512 8468408964
glkv 3126377945 4091469377 7953390157 1511066482 3117808435 902307598
natalxometqbkyhatuabfokqzxh 2834633328 4864288510 9073356887 7813794595 7549375296 9720865530
lv 8219243194 3519589098 8697396817 4172239673 7277394462 4706534041
rnljsfjfshewxekbtampo 7743075177 8328462118 9029106499 5087279320 4827164405 9591436634
awcrjwjlsqxislp 7380759458 2407383965 4571995266 386437037 3737068011 33652314
mwntaajxedgajfxn 870144463 6838538060 1559614310 2318342071 4375138073 8374726968
cvtgjuxzphavzo 7873175222 5834278272 5953774413 5039115721 179619191 1788792832
xdirdrgtczirfcpycmapxcqjxuujqp 1713163594 1427806593 4748920313 8449806942 381597533 3581605937
tinm 7579097272 6255255515 1800878669 7918926341 2451648380 2427449650
arbalcxkvcgyn 6078754722 9347849194 1456329441 6376863068 6553618091 9065469703
hkngzrrvsogbldlrddclzqoxhadfzc 2118874539 1955216580 6139646562 1234279594 1837534736 7705627391
jtcglgekglcuvhbschkmuliyzhnytu 5849079138 1719489048 4719070727 1657979219 6329330857 1377824491
pbynzjjimocsdirtxafgaj 8102102357 2930561149 8106174064 1007485748 6065483963 8424413471
oilgfuzpfhxvfamkbbrklhcffoi 3890219995 5000579933 5041638259 9234709655 6782460375 5983496444
lwvt 2289550391 8053890910 1505635513 3287322770 1429386023 5804166018
ogfgruusttyppqbuzdhlouastfviyn 1891713789 3959546274 500465451 3012377613 6771788570 6209922152
eghfoyrflwvkwibhzlbdoeshysnxpe 7076588214 9028121222 8143203628 1677534536 1857474577 86405444
ajprxptfxbd 29743961 4712712688 6852346340 5429020031 3804237268 3986610564
t 6781445598 9224177083 5908932423 4172891764 2643546466 4861880419
ahxmzwfcxxdzfdqmvj 6887531661 3190109083 4532286695 7352864983 6433773391 3550004723
edwwwxtmwvyilp 6731409689 9021841232 7764976720 4726099919 1878770590 3461172782
ozajsrgtbewgqwoaug 6044970530 7138578966 2561231053 2798999277 9809353989 7345621841
zppvwlcwmanjetryuwyon 8087328142 3736215234 1387042395 8337969419 1381869733 8519599445
htmjzuxkggdwraoqwjfeh 2165571312 8452656694 5956376414 8043783653 1213651671 7353479347
zjlm 5731553115 5612640020 1252975362 7769910836 1122739122 1541055512
hxmv 4262294243 7242817070 3246555447 740954163 100307858 4994464572
orkrnccfucqhjobptl 4366724715 7710815727 5449910558 5221953697 6769316720 5935834142
cgbgezbccojfavfqeyhgttujwvhqqc 7114864454 9607351778 4142425761 1606246411 3240983290 8644440722
xovh 9232561653 4774254593 8387420855 3501132993 9059797965 4595352831
kavdwr 3539682813 7568253549 4295981681 9137764276 134487436 9589523514
ogrimty 2545086708 4394083346 7957622179 8324221075 6212043911 1592103001
kypfwtohehqot 379456565 2063141039 4406158795 6677210374 6808786000 5000105974
pxhx 4897487342 926609238 1474202345 6455433418 6529304680 7056031130
p 9683193376 8254394841 4687072331 892480512 7562699110 182848006
qpjjdmdluzeojhogoylmyfqzjruk 2434072206 4711952294 8950860395 3373864259 7746140087 4678949197
rajmtpsgmy 3588216860 6723309213 2912697508 1475021438 4047621206 1988983662
sxhhzmgggzskanhjvveqwhud 5618551836 166434409 4945659715 9097062389 2480689412 2636467952
eszsnysz 6894374033 4361217397 4886563318 3495736092 9380608057 813949233
dpmp 3865136054 8284312505 1301308957 1656288283 5419202688 992329245
hksmjilef 5236627521 4951175759 257293524 6451114714 1708688977 117465747
ukxfnjcbbfoziqjjrngngl 2185709512 1984825073 2652406017 4525637186 7556018951 1862911710
nsqizdiavjtfhesdeibwd 9115735450 1552942377 4110602985 7556658996 6810283840 9824858939
vamaujqpcack 1328609986 6578420934 4549191564 7051356553 5946934900 2770068515
bywossvnwohtnvemqkzlt 4837737034 860620422 5715615552 1307559787 2923117120 3339530881
qeqbhffqoolvemxscxfodr 1644296194 2401423922 463377543 5609320234 4006177370 8698352385
oqqiyjrbelttly 2641483577 3696482511 188136367 2726973578 3029032459 7203148075
ghogetlsbrptayvtxfkiwshxuexu 3110467492 2381279576 8795129564 7837770831 7386958280 4398067132
ashnpoihiybqcwkqire 9959464774 5736125213 6655781582 8060140584 304637246 7684244653
mkfldcusamxwda 9583951727 3944919510 4291298489 2849073917 3932853991 5438484012
whqdyfwbnagbvxbydekmtc 3860695342 8429252218 7769628963 3947975852 1362709797 9757581532
ha 4418952656 2270673669 13511028 6818374564 3072021770 4415942081
mi 1265448316 1887020413 104320535 4326650139 9262829764 1055745376
epqmgcdukifbqiqj 7101006302 409544194 6160748684 5778684108 348523473 7559450962
zyfvoxlmladfkdjidzd 8500130404 9251021954 3123314930 3450075669 4060697447 6431106449
dhsviypdlhshumytanxnjipmlsgyo 6493268016 1264553109 654553515 5821066757 6544800641 6751798977
pkljqqxfuqafxfsvkpshsiabjvt 3176615776 5740622661 5958251512 3520097993 2894129302 7760403204
fbagudnmbcchkx 5676513743 6817260829 3436021243 5205235969 8046606602 2697063828
xhjhdiolwfsrysydniklad 1233864314 5194510031 6261154712 6434586757 4269732384 8555853626
svrfapmtgtbxpvznggjckrlj 6186503128 1328445806 1902253422 3130012733 5736465994 6615813555
wvbzxumpepkntsnyghqalqwv 270674885 2478951173 3835470358 1126508667 2317773627 3815838863
dvwhhozvccqmbfzfzgycw 5712123988 7515325849 8825957966 6094732940 3773999815 437171626
kf 7026928945 1629396975 3636695875 867457030 6323775848 2354845732
aoxhxhyjlttkkftk 3014995547 7920591778 6455403896 4901841736 7131220371 8982317765
vgiineuvf 2036704142 7023711862 8055627887 8747003206 8823890604 1596490887
cmzeqktqzmaflwlfihsxrlzpf 6965978938 7838915374 1282948660 3407542857 7698160589 2096880518
dokoxfperbne 8080150378 8254450087 7157017321 4314623945 1967110887 3495095456
xsdbftlqyfxszseaxzdqzmyslgk 3166308808 1254483794 3198874113 4121516614 3158979588 90071367
bmwlegs 1102033064 8674234735 7743689691 83851690 6700902759 4870417144
ddizcabicbkbvnrlcqviqpplyyrm 1630819650 7268502644 413284814 5688363213 660934580 2176301668
zhkgnujle 2743370331 2832445428 7750950292 3248684384 2627853421 5996783537
lvdncffrludophozrulnwikflzwdcr 2458016648 1458502835 7632332417 3152562769 8558393430 4890410227
wumhlgvqsfutayrzccdmgmwrzgrdc 2548601130 9203052183 1548363772 5550181192 8109442294 7782021384
tpdzvddhmfebkdun 3296494066 4511673201 9516051656 3715388112 4211314255 5660523285
ujijixzjyxwlqovogaobeheudnfx 5264238717 1722576758 4235759962 2756563954 359067233 303203144
bscbxfbqoeugisxm 2739480828 9312335904 4423604736 8436347202 3952389272 5872960046
aawzdlbnmxaqhgitxseozfxdlzud 4435981909 6713808675 8967583883 4683029683 3869962143 3835387253
prcxwmk 7539051054 7439067237 4867748632 4013368835 2909317056 7851484914
oeytoousflrvy 7739765569 765034249 724476811 7077876707 2564668416 7816157635
aaenertigursdjmhwho 8728808134 6739863643 953854676 8395091495 7378429103 1198598174
kznbajercfuvtfpxdqqzudpsizgjf 2148258166 66184622 2773235485 8039431778 6531230608 3432913113
vfxklkutovzadj 2378609466 3304134699 1369825248 9535251547 893166649 5909450896
ryuhwjmxniwktlcmqxkdk 8137817314 2572447352 8316065953 3903659220 8127306932 1701501690
pm 4777176971 3738205193 3221770555 8093307680 7015664537 2569356007
cjcjghigopvrmbabwfmnrpeusnufpk 1681939141 1172525464 9527313947 2755223922 4586897658 1023928691
dqsrjvbpzmzutzheqjwanczrwav 9348187307 7176390725 7176318075 2317083399 7201969115 3783762770
fhesmrbiyemgezhxmohvjv 755750175 8782872030 9310618335 7865168338 5055414016 6269510218
iuhxbfhdghvfycpavqpofnt 3552719066 922606955 7973950772 6712344206 851179781 5764946354
qsqhxsxkcocneepunsdblfqspitw 9492103474 4970862675 7681698666 8446257362 9207320037 5417989058
ixedqhhwfuw 8415683507 9017861084 2418779055 5410871649 6846069485 4712563435
munvlp 7983361747 8329016504 4691757109 1142431486 2266602103 9734763627
ldulmgnwgd 1136144957 9366865139 7428671486 6392731614 1527508533 9275604769
icvjxv 9013958311 9379012458 5253735351 2631705536 7353831537 9317524806
zbankryb 2501192868 2332402442 9645681136 3900084475 7117275923 7971177258
isfcloz 4737352692 5278386702 8118440496 1622232835 624603420 7660237955
bqmagbzvpcmac 5520298136 1918966587 5460226142 3499010586 7113613390 8960930789
cqvklkfhqaxnbmgcozqwl 6477000508 34443371 1569808733 7359153573 7642648975 6624542210
kqcarbniinuzo 9831848673 9817586313 6093488604 7302481593 1131140197 9048836312
rwxeka 9434485488 2299044885 2168353469 1535228319 846938154 6890286878
wulubhjyzctkdydlglhzzixhfl 8005830169 2671637565 6611024198 5861735197 1041513055 9164419805
tzurv 1128967876 7124595295 69098615 1211157623 7825597880 8576059010
xhembvvdohcbnnvlnd 4876375245 3948834712 406579426 8164960740 3093480728 4933436727
ugchcjgblihlufhcvczylieimfxi 7870624958 8305664056 5075073230 2001871078 8400496174 2277201798
tsljehwhaclxwdx 9485179637 3767487280 1798635350 2051336466 6950748830 3213368873
vuvvjaukllekndczypqyusywlgj 7486768540 4112342711 1659701900 3372962096 5254847628 2262961197
fumatjfb 1101540554 2925492725 8923210019 4155108218 2283337106 8684017199
gbqfdo 8872851455 1340568567 8701195960 1416841295 8002221672 1006038875
tpisohgrcz 6107044780 1218433087 7084968339 1238531092 6682873528 8733846842
kdtojaefjbdpln 9731574184 661284315 619311938 8941060084 4198842492 7586972174
yxyug 1292695701 4908528914 9144703715 3454141872 5244541560 9970642806
vzgfciwqz 3091834184 244448384 989614365 8101660870 2842088633 1822400632
ruoveccaktvpyer 1313536321 3919096451 4374769677 4695969772 2168153315 5710414864
xmyvhtbatbggkygx 865266838 4565551866 7532639991 7152287037 6376617513 1210418841
gnxanbexlafwv 3680588766 5979547506 505058045 5755932231 8178097791 761385225
ctjmscseq 8801646086 1171431967 8635131037 155187288 6145551960 8967859129
tqy 3742199543 2533854746 5410633671 2495804388 4446668831 7720286964
fxeoqfgjgrzgknboxxhcrnyivbztpa 1745425483 9988821709 6257767565 6713134689 3577684111 8553482933
aynyzfzunyscbvbluzfxt 4616641121 9750803515 5058152321 3676790553 4027550975 7836082858
kl 1074219451 7503208149 8218596334 7931669286 5192666114 3127707215
wnytkzb 2985091138 7437238647 2931705438 1457867814 5566002430 9271614310
pjrutggrntfayytykstppolstloxn 7616039826 1817217631 4413617447 4908971209 3734675597 7393625219
neg 1038871676 9055903470 3199745668 1880711382 1249540317 6306573091
paclmllwiewffsudcdaowdviwobvd 3195615565 4216883382 6545758855 7076052917 411054080 4195727772
dcyhhxhwjabzohes 7697098904 7387362212 5363270894 2903151792 1597702012 4675585009
npjknofeh 2251139991 8430794070 9380729735 9672856431 4315938765 9121870206
zgyxicajftayugavyvrfsyjvvlgka 8470659482 2650885654 2041452700 3724756484 3761718152 823080704
iezpgkuqcdoypaiqwdflrsrttbzccl 1691309130 261261225 3433014600 2546228315 4659917702 3160666175
pzrxiinyjhkumfpkwkfjg 3045693480 3112071579 3904415792 1267267622 7514702828 6382023574
ss 2328526705 7698284384 4307531089 6293638810 9405258842 6210639339
maf 2794530966 2355360675 6553885433 7729267100 4060225897 3646450855
tyfkumrqvisal 8827665008 4996232610 2682243122 6551899414 322275101 2919094631
nkbaoxjgfqocehjv 6994296697 2487501275 3380944425 7128583386 7171904210 3208179462
nzxawjjbaalsramoujtdrdp 7150794829 3499804330 1114285032 2943023631 9335906265 6947818477
mysnbxmciyfvjxkh 6543157230 8563404699 6096144544 8677594292 3998912687 1265914181
wyjgwsworv 8956801234 7249963979 9486918763 5839770721 4322613026 319355332
cwdndxukxkligfkphhmfufexivmfv 7411457138 6488725907 730744774 705718501 4132077198 1390391110
clsisfyajjxsthecsvtsdnuivsdhju 1330831020 2582197614 9986910739 1701296659 4246192197 991748151
ggivdxotawwaycomvsl 2949752390 4553891607 1448855187 650032157 222484396 3742072779
tnwnlxbmofydxgyzn 7572020855 8048570573 5011683139 6254731847 3687142291 4241271146
rxcuwrmaxftuzgyyswr 4498016812 7592193463 7488787364 4379086716 1579301394 3888314209
wfcmazc 558978880 4051708214 7352856100 4261393277 5423719683 1801825746
yiztdgxpyjybpprjskirz 3500059063 2529948891 9967925633 1796642717 3745771793 3454792021
kmgueutzdivghxwzyycflo 4441005728 572962913 1387567161 5006731867 6763842596 7016308640
wffwgqkyylwbtsvzdfefir 5524461267 4809627802 5138944819 5291176753 2062111431 5871400273
gqlpdkfkxbfcfixpnkz 3069055298 6308672390 6831215568 3991000644 805519227 4499403269
udhlo 7228106221 6817229273 8976224921 3153661356 5671302758 2435687340
synwuams 4683953536 3397552958 2865049905 3573030253 7719484969 8992884906
oaztwxbmcxpsbgzvypvziomsf 1370634725 2033089436 4699820365 1580252415 308542677 6817314166
iydmyenagdnqmpojzkpzyske 1920407394 8728912310 149277167 8532377357 3501256067 213673187
wlxdfkpbnyxicbzcbtxedcqanjnoe 2497931416 2150682787 10360383 6308166632 3537369937 9964894582
coywxj 4163851116 5565508789 1367142369 6665510277 4430819665 8551502154
krjyainzrdqfinvx 6860013376 8870881081 4411774122 8302165150 4855265249 2151976565
btzjidxyzyfflhjtseiukdto 5713196806 7896522502 7517689371 9619583558 4706694702 467223996
jrwgezobzuoxlbknogkcyqha 4513450603 7479516045 9039746703 7215705920 5288776284 4611807777
chsv 8056066161 4555244668 7184682627 5192743779 2387116666 2374397922
npxrq 9380721184 5653984464 1892330746 1594963941 6732991601 9860922186
jlmazdpbvtkimnfpr 7854099034 692735160 9456431891 9292802190 4874611779 7655958822
ee 4298666262 8220029572 275151452 5975561846 362450993 7399477022
drbfirsnmdypyeanyctmxdbvorz 3964451202 692833029 8056030489 3646494161 9721245042 3274402205
bsnsxgsqdkdwvy 2785475161 6792716888 9627160021 2140990838 5950345021 1655811
amwxy 6989605552 9045552000 4563780968 4189445607 9510340118 178060286
dwrfxhraxhaylhmcrhluinbyyzw 7390398634 2386016605 3683906750 4868348076 9880120590 5272347572
jrakpzmihw 3451141126 4065027992 2373349288 4842346141 986482123 5387684093
xrycjjo 6062650627 9163296336 5163816257 1481148693 9018380180 7546699385
yuocppymazvtxyidlr 3724115713 3644830422 220454357 2091729793 8459137889 3266691711
xolrupixx 2985729805 8526414312 8828972394 9460621695 440222078 6547034693
hjwkklmhqglwvvejjezjyxydvc 8347235973 2487586148 4757662236 7444147712 9796234783 9035077052
zlmzfszwbcaisxmgglni 8770650522 4703999970 9875422378 7236029798 3257937815 1487014539
khyudyhr 1240005802 6427510399 5721125474 7410407510 52561630 9081119782
reng 6786346704 5899892675 149039842 81200093 8501248359 2525816038
juzvpkvdwjgrmxcpbnafl 711554063 1583572631 4744869559 4201954242 2943865951 56673094
aowlcttmglwapispp 7727769214 8900605789 2661490129 5788592212 6132025318 5625487186
dqirvcckdm 9936864716 4137672756 9825492396 4784343584 3981040470 2110950007
nrbvybqpzakqpkfrdblwgjjmt 3281971647 9816070002 1296863831 3473867892 4848710510 1952531574
mgmeyytj 7804644740 526340248 1824916762 1333160993 1119808891 924368665
yhvbomhxegwjqhk 1949736273 9340802945 7453059689 3483071210 345409581 8990165013
gxhbp 8707079679 7766109977 7221089799 2475625813 9259830166 8448156575
lhoxa 5715066111 7573040810 8653007667 6931165293 1137906771 7490578833
oiam 5945246602 9501868553 2576298792 1976510042 3843162107 3437054193
pydg 5327127758 1017260130 5889348837 9894814197 7953607394 6296932206
rzcpiojhhxonnmxmpeereztyaoudn 7964964069 5174106073 890032855 9739892995 6155541266 9981601616
syjvrobopagekvdqfvzbnbpza 4468997938 2920906335 6632192751 9713940803 3004683787 5902690027
fpdsoxojkpktxmznytprhbvwj 9616380580 7445151762 8138088179 9148663319 8724944985 5303130354
mxmeamal 9034835181 7559038949 9033098923 9225725405 9223465455 1391310687
ufrgrgmwhswpebzinqjeobd 2046612492 6706104357 9871878125 4851571247 3440424406 7068722847
cymlprw 7121856687 9480991677 9899437275 9061360386 6736378981 6112178875
