1000 271
acmupxswlldaqrtueehcon 6756915660 9986815223 5568461840 4825163777 6703385217 4220115667
xdjmtiknyaohtfsnuc 9083473 9976107978 3636625193 5140334486 7780437664 4740587537
gsczfsjvjzblva 4390791479 9918576216 7005943698 2479226569 9937102467 1812080256
mxnqbsdafswgbyqgyue 9341250773 9901391960 1513569034 1612652603 5101977261 9681119984
mcfpr 3073974129 9898067017 3886134061 8954497733 7562412892 4637923861
wdpbxfewsh 5464765885 9892113032 7546751493 8769730131 1462898316 7572027034
ydkujbcwzwmpa 2172671778 9890122444 8709483787 6189350958 9056642118 9102093315
uzc 2335560527 9889373168 2110070665 3131647380 8356415974 5617300305
xogebvkjbzlznnkotzkqdd 16334133 9888975413 4933223701 7449886421 4126886500 9222291080
sofwliyjlyzrgsi 2396140095 9888898135 1548445590 4304717151 2624608 6367876829
sejbmmhajyvvdtwmgwvjhapwdga 9246193914 9874112787 7820077402 4157641820 3234415396 6303588274
dsmmgaojncmjutvwsimmgi 7413000885 9861332405 1790122753 1651907583 6343004590 800832672
jhyvdubviekomuiyjekdbgbeij 8195330116 9847052046 6363919794 3176826198 8914401382 2097470914
fgyxl 4863683597 9838046030 3087183614 1430479192 9208409656 9203384139
meymenqolcwq 2949691186 9838036093 9993983979 2480003220 4950546000 6741808719
cvchkgvhgerplmwxhupjtwwxzgb 2791754620 9831959103 1569344025 7359848822 6133671996 9164845287
mbkvxhigbmtdiorseknql 5879704904 9821824238 4753375358 3437914971 9870806179 31962588
jgmbufw 1588283017 9816615969 7308291842 7479353254 5362375660 1664896469
ycqrrg 3974849099 9770117143 3621232300 3955661486 4327222058 111587477
soygepstjlebqaqpvstyenp 5181822693 9760362309 3776156122 993474975 2979175903 9975720563
gutt 2063555602 9755744714 899494868 1577204146 6931018377 4968052561
pednqjekdunh 8969300296 9746155305 4646299462 9612977960 4663294013 6213051089
eaepsolwujfigglhxvprkfyifevp 869817105 9727522774 403369232 5434807613 2735819583 6903657691
xirxjfajlypkit 8935442101 9721575883 8328428451 228118804 543309347 4653221598
gw 2381479047 9713507368 2765693321 2464582300 6031207647 5357570375
kymgmgdyepnlwxyyschvmzur 5450495065 9704077296 7902479005 3255588309 1839008797 5338008051
zxhcwmfsfrymjgqqdizwqyk 1626472608 9695455043 8847560395 6788239515 8788047150 9044197112
ge 3370445407 9695340220 3944022844 549925509 8567106663 5452887786
nsicn 450284349 9693353426 2887971579 5645034874 7219607468 3594678060
fdfnsxdcdchfddakteguzsrhlxpe 7491450280 9691858207 3082884295 5599941221 5608483140 2760439571
dnyztehapkzgo 8791390730 9688584687 9785366674 2726937463 8455759072 2391557645
nzifx 7182379669 9686709587 9707330050 7127501291 9167891583 5455271133
eemrejgfkxffenvfdf 5522360028 9686703421 3937935490 54273233 7995454801 4472821655
onqddabpis 4996668436 9659656054 7212176766 1283054721 7838112292 6028584614
cdowhihbygnrkltkvnnlbhzctl 8190971118 9658306807 2473046664 4132574792 1740897497 4738392162
ohltnnlmrdlklowoybcfxgss 7180312844 9629528531 2544144091 7802576821 4520902800 6692926951
fh 376391118 9618529500 5071156737 3887357357 2248090556 1078218728
vyszixkupxvvutcirtqyjzezqiu 2468585272 9617544064 9593538326 9952346003 1120151569 8379749001
hbzddpugvobevujqmnfqzdlog 8993998100 9599932799 4760316280 6504449817 3063175026 8191312398
pmoajjxzsl 468373988 9582074805 2775673611 6891305470 4931401571 6250506437
wrdeujsotpunkofd 7121367052 9576208000 1353528259 7175982456 2113486339 1184782914
rwdhvqfrtpsjcee 5344993056 9557680187 4412076580 8773454260 3017656927 5971314920
lwkwjbrhpkatndvpqxvxvgaiwx 7032527147 9543616523 5134416231 3503660152 8537723167 3069887217
apxfvlyfqfosmgtuzagqlkex 32427899 9543331184 6552865485 7925394323 3665887407 3453703066
ftuvgeizvaprzmookkzexoyxpg 7719190764 9541914387 3195454003 620946569 7008004688 2379414448
lsmtifjmogaffsc 434932247 9529565328 2588443116 1837701944 1852078946 2335711957
wsyfzoglgpabamwjtnx 7707573385 9524270916 469173224 8309296132 5687772565 7811866810
nayowwlsryiavsnprmttsyiwroa 3958479067 9521867040 7725002778 8683990036 8617504133 8174930647
tgbidvpomifx 709016236 9516233946 1198012751 657922717 8990485667 4081893186
uoqoaiyjnonpwhqorasjneadtpm 6154709226 9483604258 1251950843 1697551770 1010309985 1200365730
yua 524605943 9483114868 8753681771 163786329 3960254903 440870541
wxkuktnpsvqfkmaodgyf 939923120 9468465393 3287847742 6075685256 6935058012 3675402972
vpxfdzqykjjsfbasj 4181800536 9434804513 4491629411 3057705515 6191668203 6675801096
lykxxgugvcqgdfvcxfniocrp 4301281197 9431623743 1119241514 5812293526 7550586275 2352203750
uvmjg 3303421359 9425739443 894598538 1048084505 4608689261 7018646487
fkhukixo 6050175702 9423726820 4394860096 6939501596 2742003322 6036341666
mbc 7293641801 9390508776 1361557829 7755322921 7256751059 7228949818
jkgywcfkirymwpmdiyar 4582120401 9370202390 906349677 9771302783 4659326839 8669362275
dvnhromhiawkxylzkdrckvgbg 752994635 9359026901 5181214328 6302334686 5594230841 3328975867
aoibfaqkmaixdwbpgcibdqfmrkm 5000830012 9356322234 3308730769 1928571614 9355485737 6240870081
ukzietjqhcd 9656582162 9319990818 6162005643 2964995520 8482285781 6804881161
h 5334262738 9315987979 3820541200 5872188991 6103109161 8268270785
ebzkknwftgwzlhxztkpvxuphba 8846149212 9309409158 5839312014 9708706985 4242002011 3965639732
faqwuetjrxizhbyrfqcfttnyl 3504619504 9309401505 2107738535 1413027091 2884337362 8590775087
iqtbejgqd 2500236605 9308917900 1314233504 9828010906 4005873141 961776647
lbggsurmrkwfzqwyt 9235478973 9298710774 7923280035 2196548687 1334977781 32665748
dnpxhbm 9278997833 9257356079 7542550454 3629648752 7778005372 3897110698
bzucqujiknvd 4768848594 9253901531 159164941 2444253886 1142634804 3675703347
mapyd 4904665348 9245553540 708447047 9808820574 5190105951 8759041612
ulm 9254038916 9238008040 2639611186 9436728781 1380671968 979096214
eccgs 3412579176 9235546799 4404619956 6719153479 908527122 5191052909
ctkljrpkpqqjxrddcyqj 1540664936 9217794243 4294459429 4304204208 2832344220 4958852181
ohrwbmhvvedzoqqjn 6082510395 9214759187 8526395860 5189648857 5408304908 7167475444
mncgizjqmdjswwwnuppv 4552076452 9192901123 2366652819 3106092434 5362205081 5630611323
sgpcxhawiyszooiolnkgrxa 1445684722 9191238910 7834500188 3784364948 9422633507 4232333686
qelfrce 681701182 9181459012 9465604805 3001107032 4718544670 2371593000
zzod 6963697593 9180600734 6066344334 8861554309 6439949121 321322236
ovzklopbyhywbmrrcy 4513068697 9172393075 693610772 5926537717 5352669307 3824305574
beflelhwzsrlieme 6256802151 9161130980 6653009025 2698987522 8320009167 5755508213
ipanxrxjjrxeukpfdquqsvat 7986854708 9156742821 7672048942 1981392539 713762346 6858042722
atwskmlwnsetlrcppimmxtncjyq 2434687470 9150920840 3466452415 1581040553 4566993844 1016234857
rkhgcdnviaexqnvsyquxevl 1931200096 9145490857 8078506396 594014217 1316435994 1407196649
llfvspzhyitiuqiagv 1408876313 9141396859 4953485274 4743363357 8806881613 7647086108
phyijmkkbvortzgqmmysiewlejkuuh 2038367136 9138797950 1644862246 8156161986 345063016 2432629728
wrqzvbfimhwnatlg 914819244 9127627135 5094511698 5952571252 1933522620 9434385470
iro 7105703088 9121203689 14070845 6992221479 6103938073 7128218304
retykqjlvhaylfzbyvnzoobnhuejtu 502884275 9119423459 1658331621 6372103923 6824054612 1795621865
iinlakmkqqcdxeawxb 33928435 9106720353 1802484520 7398052840 6528916165 363464063
hoyeamzppkvfyackg 271000357 9094612561 1627523112 4821458638 1867177938 3238105068
wmrrsr 7659673958 9091286053 1523747621 1512762442 1741102509 1279582240
jgm 7843613476 9072599410 6064044783 3146497445 3464151738 6187976956
rmqwbmkqnldzstbtpuokamk 4709674360 9023603017 9199398737 1073619559 8194118972 4907512352
qwbutyfsjjmmjqxurjoini 1399648895 9016999624 7876645990 7305152589 8648397843 3815468340
vnluemry 375395999 9010787282 2349251882 413383779 4471253986 5462295165
msgg 1379260281 9006532254 3135975445 8838039849 5298826613 8251256303
dy 8108959593 9005462586 4715169883 7555349767 9538424088 4935547992
wrbs 5197190695 9003077281 3649607824 3508057603 2672431361 1592620106
ugwkmnjhrgcqiiezmlyubd 5978903739 8982587422 8131462534 6054501055 9648732093 2229312684
prhxf 18684904 8959124124 8478618705 7214957484 4966976050 4305594848
zj 4176408481 8948824386 710334684 5340839527 1167873720 3936664873
koxesiclucdp 6132542305 8944593475 2912584606 3793263090 5054507108 7426420489
kxvyhlsfrbjgsjyohtafkltz 2141519177 8918943700 7457259063 4783642834 1506358254 4359792646
etvbedivdvuovvjydfozilpwpkx 5918992557 8908935070 2328286784 9725511876 307546647 8041800244
fxpciqxfbmjoo 5131787430 8903420772 8176525907 1782586458 1985254885 428607950
fsasoambfbmvkllvoyqnulpslhkjdl 2690989212 8881488120 3750602003 7240800733 6580322577 9979752276
z 7422030468 8871554589 719395367 39023132 2591983818 7837113457
jbskhlbn 1061943572 8850101081 2525403370 6391328161 1465458251 4772471390
xcyrwnvjykndboatxfabdmcqqdwsu 8706604760 8830093237 6868276016 3901213975 5464303485 1453378291
dcxdiunqs 5460669414 8820759916 3629644573 8076032321 255840513 8905743415
oolegatovesbehiwstj 4191984299 8819895202 4596725460 2419960236 5614460415 5850348329
wrkxsgveaqnnmfwjukjtqwngwmk 4444066608 8793724212 8095418848 5335460581 5346431768 1297499581
gqbyehgsutci 3791574626 8792072541 6744234650 1310335646 8761120804 975893447
zwqzrvnnoeoheac 625954816 8737644477 2796718704 4330465382 4477424135 147063040
pmakpfccidcwrcdrscrapwdtyasj 9344467852 8724542532 3623903201 8384548780 4690045974 3606814303
ibajvwpp 3167704717 8722914511 6235824429 1573275397 7161575365 2086377798
mrpgcsjukqchqhvl 1979783861 8720804720 1586679800 2587513783 1222261384 1329442670
pmpqyubtsxzqoxpygmnfl 3008867947 8707767295 3313738693 9149677422 3831005533 2484958849
mwqnlyqd 6455762069 8683705591 102593399 2847436571 876080541 744579575
faduxtiyqhtlzomfvxylevtyov 8089387703 8673033590 9726767277 7725530531 5866208814 1953534732
nhaeaxng 2723259360 8671845526 47821016 8942269060 2978756983 2613516922
dbwswvmdvmiasvfhxncmwihj 6143864467 8670101904 2938405060 8247871996 2258413897 5353490977
hattdjqkrcyvxrkfkoupuizualt 2759523840 8640461617 4776549297 8841175978 1762555299 6676043018
odselqbqsq 2564285818 8619405065 2533024220 9369785688 5491282954 5210082757
nbhphrr 3733666207 8617316817 4451196186 5018416427 9287547256 4259612218
iavcsvozstpoozidsgiwmyrdrzo 6514173182 8612951032 5900486516 3228679653 3751878464 7171055576
uxvtjkkgzmrxepinu 8990970087 8596848690 223424228 5803545978 99899618 2133056727
ahuyradqmsiynwcbdzrgzolgywhmo 7096971308 8585795915 6094364292 5684876624 538567148 5716064887
adbsxdmlfoxpjgqucqmjm 6460358433 8585048754 2958407275 726125916 5462125863 4120829384
rgvq 8893029733 8579806907 8303939711 3541154118 6940855823 3790932609
pbjwyttmpnodumntflqyutirybcu 1087790536 8572031295 7332889700 6441474629 7174031996 3615585729
fkxhmviwe 1289875952 8561002712 3758709203 5098333706 3864454528 3691068629
xwwkbkutyeexsguzwibx 5241760168 8558683235 8102465698 5021939610 8733734604 8226834317
apebijkhpyhtxpoffouogos 7694665886 8557950996 523965299 1201260949 4219025179 3988900163
gsyowutemlffkovyevad 5318174851 8556372805 346810722 5271625706 4240932974 3209949118
bahogjiqlwirjwhyonwfweyvbqbx 489549123 8553408146 2470860630 2462182250 1491951436 2020737614
cfygvhvuhijbvlmbieqkt 4614466936 8548055256 3781994819 3816587837 5528982333 1499766247
heilooeojlitrdrydabafnnehdcv 1588639199 8545153576 4946105635 4610538863 7593798195 6204451375
emmm 1657769913 8542177571 1275136321 7890218802 3118165610 9435707060
isbsizvhazkmczpunfadikkoobifds 7549176020 8530448263 7153123817 1353178271 318034622 7922750281
nuxsrqdajeeeaqej 5416864469 8524816250 5174220039 638783953 4116984119 2352928206
usuhnjlsnzkyhgjzzrbjhqhdggq 3433620370 8516988710 7131032490 6999466643 3048206395 9409040382
uzdxhxojhxekdopkkgezixi 7493611812 8504066701 5659083489 892347777 4105841254 2855537273
htdtjxslnqrjtjaqrrexncw 6841009069 8494265647 9380833302 1122194267 8528901553 9580072137
njtt 3096187750 8493661752 1449757305 8631549306 1546530544 7894204350
xsszeyfjnpfpqncoleszwavd 917805661 8489212944 5016221645 3113767585 7694863550 2421101922
vsmiemstavbtmnso 7250714187 8468702082 8379517122 705977837 6381620133 6803497226
lchjbdoklutnenmcquijiwv 1889373869 8457003838 2366966720 8371626178 1691862412 2612054988
gnvydzbvzdpmzpcprxymsgzref 3585088081 8444918384 8111203574 7751382975 6614609508 5966046083
mnfzmixxec 1678015485 8415380579 5096192402 7302409616 6812655658 7241048284
cmfchwsvglaiu 2020418686 8406664852 2366785669 540654697 7250878550 6460918825
ymdqiwujlrirvte 5267638397 8406110608 6300051930 2067503901 3940220268 6387258203
gyaxlabrvqh 650624623 8369742944 3299162702 7970444584 6604533759 3160235897
nkvdmcigenl 2794102319 8365612756 4135731495 4474043146 5306072833 6122656479
mry 1832936992 8351949077 4610917179 5618091206 7787225558 44164273
ehcr 4208298341 8349150000 1463026971 642753583 7782537988 5511237736
ciwrozwuokboowfadrv 3706362990 8345162899 8456701757 2787359100 5983434902 3476368190
obcdnjsfwndvjwslykmfxjisl 389849326 8325287014 4711546406 6343360644 1937449793 7922339966
exl 8661699359 8324128329 8547511071 6526345793 3478863824 7236024550
hrjtlcrlyrdfuz 4615401164 8298886834 4078246552 1145755817 5831378314 1084968216
elarsqyzltp 3451279740 8295182161 2492537674 772934916 5495752047 725935234
lerepifspioaneqjiwoatv 5616078810 8289867002 8004772717 4382341297 4187026527 3158230772
txo 9442511077 8280621629 2316112124 7625523193 4600188236 161299078
wovvzmpyvaxibylqphawahajdpayi 7716157982 8271379098 6233252910 8440580177 8001705946 1445153438
apqaazksicpvy 28905117 8268667434 7041349688 6020567087 599776280 7235416400
sfgmecdkyjfykjtzchoirkivyc 7475447692 8268219273 2489704764 7676555351 3012140152 3946749650
zudkunstedxgq 361622437 8268104375 6669288154 2196415194 8464198230 3340069425
yfainnymqkbnnwdhckzf 3482358774 8267670371 265773271 7551763130 4278949072 3078940497
zsckcbgsaklsbvveznqsjoscsfvlh 9304026437 8247926801 9577615414 1294107355 389716042 9754421818
udhq 1569736602 8247331176 5227841045 4447588592 8152631154 2093468205
mcdotorprtsifzzkvresvvj 9275518004 8220705209 807543825 8265256035 2572007703 2842546334
rhczdfjhorjbpgk 9691790012 8217376989 83641437 1576770659 3174117280 4277826505
vdkvalbtqlvbgj 2254791338 8205977268 6700874403 3859741356 5249600113 5688429101
isagezpbwzymavynyxusjwycwzrve 5818181984 8178461941 2189818727 9102544674 5750084765 3663243262
wswkbctngdzysftshhrvjkepknyb 3595413746 8171065471 392371866 4142405389 7889487665 4801839391
thifnnk 4779324360 8158645159 6625358366 9565106788 9241076631 4381562126
qtxpigwuimzzxplfqlubzjozyhazq 578166325 8140144580 1939410639 1933491300 1974001928 4556362580
qxjucmcumbhrgy 4608430152 8134638404 3999991803 8643530777 9351999877 7980300686
obfnhclmonaatsufwj 1139350556 8132184057 3225179882 3800834856 3935638713 8572933920
ciri 5179659085 8131684380 7155031448 4765961561 3741148844 218316952
tigrldfsi 6918078132 8120951817 4862189430 2225652596 2348737449 8597909859
rgregpq 7054554102 8095935300 4013737363 3744414771 85941433 6539706617
vcagzhtyjlpzwdkmtedvpuswiad 4564267274 8069149750 9521538430 4251390286 2733824017 2971982581
dxd 9625645446 8063508946 1631247263 9881613728 3052448675 6242063431
uvjbri 5618076575 8049137121 7560589519 1891615185 9910722885 5066196241
slpujwfincdonwyfxgur 5974511388 8037215355 6314437995 2374103797 1619152498 760488355
qaqiqftgdykyisapoqtt 4505699184 8034371504 718593226 4001032292 7619688833 295267561
eovwuqaxejms 2084782551 8033652565 5304819236 3515784030 4318556912 5549316233
soscjaswmeltqwitmheaapt 2642407913 8033043631 7066844419 575095083 7779452395 8780964232
ibfghnmfruomol 6289062077 8016528885 7717939725 688613418 5946216726 1759290497
cimcuxmibdshfemkz 1895009188 8009424238 7221889510 4679677617 2071017956 1379772708
andyvkdsdakojfqbkmxdxyhaksp 3223524044 7996208380 5100340021 3240955891 5345045496 1818476725
lcygftvbtjtbxtcdqcagtifv 595647805 7993906269 8067479236 786471804 9545777154 2057672574
nbfvbitzivddljhdzufluvbw 4213113434 7990466345 7113086534 6900714316 2601733494 6550508676
gpkmzsbwjgtumkeetf 2250105754 7966628762 1238263860 4085812709 1814420187 4520644997
lukgsnogyyhkvrlxacnl 2446056073 7965484467 3615202387 5209090976 7835246817 5681891185
gnarbecmznsivcspihklj 6983526731 7959659026 5926924440 1562639689 2936131643 1909175024
qttvwnhimtjq 2751136481 7927556752 5341179370 6183563567 9091956728 9949116351
jaikfohjedwtzlcvjevncp 628619646 7908332332 7172937293 8247243213 3057486273 1287206711
iiynhktrmwcsicxcpaxu 4015600111 7893191017 2897070316 1749005217 446872691 2867960548
sjorlkqefviwzy 4794568366 7889449446 3832407640 314464865 7025831818 7366544094
czehdtxorz 9071998136 7884141141 8338554735 4069616056 2290871186 5480999934
wxpfzljr 7855009681 7880961526 6782414434 1814950412 3513311720 4150031012
cwfiujybcvcwnqktzxdr 9545411651 7880685222 2154251595 3105714179 8711548729 3061338250
vx 5423628607 7871765756 3156056833 4711314179 9094331246 4116904227
rzxkv 2474110316 7871083181 5920424355 9861506375 2373003359 9262090000
flwxztjs 7652711929 7863470292 4392781047 3866099004 7184352624 3891542144
ntcx 4062993641 7853246127 8536573822 6641939083 4620058058 6515740194
o 4666222072 7837826000 4098031654 8595303828 4569136704 2048069414
ibzbvtpcbcqkwsuzgw 6677425160 7830168196 996662990 8944845243 7911854079 695761668
prlsvges 1216870731 7828959577 9673405505 4631822555 1814748504 5578753227
ujnjseibpsxsacc 7319233232 7822860420 3516137394 1007179855 4112154120 6112408447
x 1823544856 7822117360 1087826297 1383541604 7812644723 9976750563
cvobtzdop 2050303308 7820529950 1440351647 3777042047 9584195864 1872487603
vsmectdmxtj 4677356915 7809918033 6263043767 3656271681 7630187623 2035239115
hnchkptzgquxwyajrwqredomimd 5866377564 7809462851 8202140074 8876685946 724351231 5128573216
drdmzhlnajkyhvjtlgm 8285862872 7808600855 7905229150 6198134624 6016110675 1671516903
el 7333640720 7806707638 4417159270 6978599089 3292464522 6303465544
vrbsprovdlv 7226334071 7803469501 6809581826 9773201429 8965177460 764956058
e 6067665663 7792600510 8352195766 7220150589 6665509704 5771013261
rrztbglavcgquxfdxiyocmgocrgz 72115547 7784071962 7292521443 9415864531 4071485732 3428894282
uoejzayruixzswpk 3207220142 7762869520 2930288692 5325220621 5684320924 5664145220
fcppfvsmcjjllwbugesqsghviv 3702434405 7758175293 9139576465 8593264276 9926898157 6017119850
shwjyvxdpdchfqdmacucprfsytbher 8657823546 7756668087 702419840 2840506257 1233419668 1075336803
ie 6385486510 7735529205 4527847722 1493981755 1254923394 1921383074
bwo 6557673670 7733043353 9992514175 5010267912 3242611581 2410788335
zwikyxvlqfknylbcgzbky 8623227422 7712515823 4699448245 764951257 2086801912 3279521146
wbdmibdbsysbdtxyizn 9146985847 7708039873 5273587061 68778001 3194098396 3058734562
lfdugnpnbifveaz 9743646572 7704755930 8655194666 7050582611 8070024616 4324979028
tq 6627249543 7693011067 3435924508 6078040158 8752843968 2643264689
hlotiguvhqnojkrzxdkunuzgrey 7484189263 7690946881 8899528314 3425544910 3015908147 7993870738
xyncysqhsdpdrclwhnrayeauwcwfh 8051105886 7681232195 8712509664 7404846803 2242675847 4863789453
yypkrmpznutlidvxsvhsopusww 3805532399 7667406729 4140523199 1344072715 6263431437 7371992506
cnjbkzdlzin 7976287418 7667215718 8295895358 7426122782 108171000 2663613983
mrfhcxo 5764640318 7665741133 3846538274 8854723159 9324583685 9341802438
qixdkhu 126557969 7660003668 8939768664 5574849741 5464193286 3104314132
lhlqjqckvochgfror 5731983187 7658027183 5038491021 7691007370 5626118854 7907378342
grqvyhxstavw 3222967532 7638703476 3184898280 9958775261 350344537 200977249
crqdttl 9129019590 7638049647 7104800694 1404455456 5981541678 2587089370
qmnolfurjl 8581467925 7636692479 2874996593 2484071232 8591789915 9697328691
vxjp 7269319296 7612041030 5113416794 7104746221 438680559 2838075704
bulcixtvbqqmgddbjdkcawfwarl 7778936981 7605302076 9905876581 3007267953 5321162693 147140875
injg 6305805486 7599902495 5439158691 2175454314 9194586719 1140982956
ubnaiacudhmvuzwlqeagxm 9247403746 7568267617 1600383561 7608258502 9099429445 3704196002
izfqkwpltwelsympycnrsohxncwxxh 3660133190 7563253396 3552832259 6980231335 7613216113 3144699178
rzteewryxhbiqqplqo 3583409133 7551586427 2900170203 4548883418 706790118 7057497247
mcdcbdacqbjoszucnwyb 2031935872 7551429218 2383671896 449269608 5000789465 5617952689
cjybawkkdurawbyvjixkwlgujdmu 4828815130 7546178850 7645047947 6832200201 7859809251 9731563551
glimejqahv 3675981651 7533043162 3536180611 4330626512 8994818388 2487453383
yghguomgqpyqmbg 6791714529 7529715784 8617227864 334472304 7009359851 9219938131
awndlfkww 8888796385 7520257723 5873272862 2827357362 5099637649 4478600328
diupqgdvulsdpguydhhvpefnfcn 9455049539 7504433714 5689544169 1183913419 9527450023 5108698461
nbfjumtaxgiycb 9150653152 7499804713 646600925 1161248242 3999509706 6697118159
ufo 4055278115 7498103619 4001756412 2774557401 5998386907 4136964175
jnkanjepmymbyxhbwhlzoxqbeujx 6173365167 7472743950 8954717005 78010351 5014570969 405793499
zrtobtxceyhyjhinwpa 6012861281 7472459271 987969024 5317004418 2549054493 2288580059
miozmunvzoahpevgv 7061717332 7466897382 8051234973 9091354803 4592739926 4201030738
uvwxglhjoksevmvnyrcfzmkmj 5812573788 7466313312 3546956305 44175859 5037424867 4177203095
oazisnjcyizrhqdnp 5628468494 7435304115 2837409230 9466252264 3370341902 9584183345
nvllvvpdqzjlothzvfvdaghziw 5605300323 7433953668 1591925238 8353278537 654284187 8622845035
bvdwjlnbqztrjg 6825633950 7424954127 924460766 4578902956 7832859516 1739288424
yomkwlsmzmegdjwdfhhtdzhgr 285404094 7419555124 7829982682 6575376258 9221954766 4093957152
vetohq 6687396623 7409566946 5489857208 4262457975 1154188892 2258418757
rdr 6785745401 7408630640 1803122148 4852361590 4383291960 5263400642
etflhtmmjxli 7134542363 7400523002 9535182180 9464248825 461625680 3215433476
lgt 2710527349 7396847489 5922363888 8890832966 9483225262 8208946137
zshmtzqexiylvz 3489224984 7387548238 9702669962 2670194106 8892481166 5117405473
kgozq 8817611052 7380910807 1012881011 4815889619 3475705247 8855179694
rfinngtifnhgiccuogwhbcxwbogcy 3467174184 7375479404 5969333888 469388710 1759893452 4654723761
gz 9618986236 7345147934 4209326398 7099162488 9442735570 6431916760
hbicnlhorjolo 9490708976 7320892715 5753698260 2660290480 1102458161 7444607686
eostlc 8845517585 7298146428 812451337 6206488671 1856947247 2828015050
barzm 3529482935 7294718224 8693267243 1553536016 6310348566 8973694245
jnylpbeaquoejknpccpxamca 1360021852 7291205876 3868330890 3623427213 5466363263 1087143465
th 2247617401 7278918202 6280756993 3113334727 5617041640 6832765950
clanbngdftzkrcc 523527540 7271080678 7815958417 2590037955 7499995974 8040628078
sfrugwtwegogajthcjnlmvfxvu 8973293515 7267242205 1260705607 3476073800 3935183758 9289130970
ficdlqxoksv 7484780666 7253400721 8298319766 1755089024 560922262 8296139280
vlylnyanqvjnhtjxyesdgewvhwb 370274813 7245812101 8837557134 2374059397 4425069768 8847172671
ltcdebefspuonmukavdabxt 7363088864 7230474300 5264868565 8350439202 3685053143 6342127746
msukjlknnnvgk 5781422699 7224753177 4428603469 9366219981 906464856 7785650261
ttnbhisthst 9039289081 7222525031 2921972689 5297070746 4071426454 1162095285
ukbqdunnxytvrnnvoaahbipjonqjgu 9377449546 7211405927 1227178376 2042273046 5635044056 451117112
budbmeeqqglizywnwranaldstesmgp 6498637723 7173918301 3749947108 6298532193 1708899341 6288177420
sogqms 3520481680 7160951170 5344200551 199600639 5508794275 5713444668
qijtqpdmsxgzr 525391692 7151426589 2474665230 539495567 6086611385 4677803774
zassmiqimvauozddlkbhv 7042725909 7150085872 7403223687 3561935542 1885614279 6934656698
uvvfpijlgdlxolwtbxihgxefak 6579741793 7129041068 3232894416 6924483094 1980639277 9041103502
dvrjvywrdbrhfivhl 2336843990 7120875849 5149246455 8113605757 6650718656 275719871
mxzontdktwgabbkddbcwfgjutra 1165321455 7119211876 5029093088 5773953479 4711060701 380837160
zhmqpyltqeuglwbxrakmwvylawbw 4997578185 7111621919 8585468686 6945049364 901059986 5345209995
ncfobysds 112537299 7098571256 9329746564 3570188879 4676227822 7369897711
vctieejysxzrlkkioptnbuta 8302082845 7096887117 7704167164 6746741827 9251665928 7006428014
lneopxw 3379297881 7095846165 6247378727 2972928305 1332616759 8002707454
haoawybcstjw 3185098438 7082740562 3747048074 79430215 9156462104 8598388495
djofuexnsespgqxwnbtovkyedndbmu 3783372323 7080909629 6493570237 9819181058 633535141 7117820278
gmwrsytjupoxabpvpergopouropqv 8144469974 7076044429 6211442896 2205859381 6873341110 1436768487
wltkxzjz 67657332 7071834160 7085194322 9849992056 3519160852 1409145392
tsyexnmwqpgucn 8623019418 7069879200 833557524 8942064003 6532393974 6446839450
lttrcpxmmsqsu 4570340651 7057658876 2037039791 246278675 5159284455 5723366764
tevoalopyhfxkpz 6284236822 7055436710 9517809811 308111397 8927646815 8550504647
qpsjuhzfeecaecrbkkuvjugwaobxfw 7014669443 7033208828 9740693605 570946964 3977248781 9885133516
jciknmdqtfynllwbrvpjm 6256196885 7027866044 3848614323 1831925899 7854916509 2298987716
vtpsbxscujdpvkckfexyesghxy 493595940 7027859754 8855175923 8530302400 1023485231 486536854
mpj 4708179497 7024863912 5479791354 2434035695 107686213 4405429343
meukirakqjbfrhhbgrixvxqshuzme 7124498153 6978287690 5444519602 7018555182 885846353 401864334
bordfrgcnrmvzvnkhkonsa 9187188587 6965950829 2736560847 1929042281 1578145193 5953588596
jiwfffspvjjp 9770512702 6939701079 5962883629 2571345789 6113465097 7629044997
gzcrfkhcbcdqksmkkpvbk 9655341933 6925053361 9352504063 2323338284 9477426312 4159658888
eabswrismcqfzpwslt 5477321153 6906910855 7508119243 5824718171 1123057798 1152690584
uzazyvfchrts 2675227230 6894707980 9188349133 4822945867 5263547776 6936205287
pmjufaqqxjputbhl 3546942149 6893083961 1601242199 274351818 8206032246 9893511969
aj 3507784124 6880025715 9247497890 595916992 1686809052 6881245954
qskwkhkhqimnrbfzippayzzqvwwe 163793040 6878773620 4312301661 3959384887 8072770319 2364164865
ndigrxtbsrqhk 7062901125 6877045080 6740906185 4777627085 3584082603 8021513679
efvdubixfkvbepnajqvhvpnfibzpi 5117717473 6857839064 4674791077 5310059644 3521981440 8708707159
yvkct 9073833559 6856976456 2226063894 4256198168 7238288168 2690772470
gbmvgebetzh 6873600152 6842953759 6850583202 1157186847 9360110327 3367123869
pjwzwnpzncfh 8954906894 6836460028 4285390130 4423938259 8973540356 5285035966
wedarbebfersa 8793800774 6834831244 5130203508 8324240048 2471957055 4143755160
ogzfqstlnjbnvjlvgxcwlcb 6728880014 6829929789 8706100259 2957701162 2872148452 6607653226
lueobeut 2498094263 6824357834 8557341745 4509289217 5756090235 2783294938
xds 8182782048 6811448507 1717057342 4716509146 3034445463 7357418484
iainwwldaidwflitid 508905715 6794058610 5341449734 9724363611 4389925120 3739796231
vajcdvuccwoovtrmz 981797783 6781516294 1924217938 9031357577 9531525038 6964594037
rirqkfnzknvlycz 9284264491 6756846081 801330693 8614234728 361289694 2463310997
yuoqqwga 3814710989 6724938907 1792787110 1504893478 3687690693 9722932759
kleufsyuwhupjgzrh 7234201658 6722527498 5235735910 6440363655 729536392 497719335
dxudscbpobmthayhsenwd 274004430 6720758829 2012609068 2593594548 8766880696 3788919574
clzpjrixounwsowxrzlfwdqj 3697617282 6706360969 7844174430 3894114612 1849367612 8906521943
ateqvvlotulazdwfwikcmjlxxfoej 1689260751 6697944824 8930551448 3855112234 6504176466 8626214126
syzyzgvkleojlkhyyznzjlrvzvu 7916298697 6692046914 4619705170 7737874939 4002491265 2984620582
qblmbn 4949320595 6686085009 5827965083 3210329578 5622375389 4225353817
lxytovzeqelcilkotdkgbhtpr 3084264994 6679456207 3282243471 1256953157 8363261451 95037423
inywpppnqciifbrpapyfmm 3287138433 6671156578 4618329841 878509039 4194716575 9898589056
kmcvo 4850324565 6653706834 1431662503 8401728191 1106772952 5356159067
rcgftebxyuuksxsqru 5646699949 6635975245 3700986776 4800179240 6663091936 9822809823
ohvuafzruajvwdchmylowphhtf 8646896415 6629197670 922621670 1783670520 7007362208 7566104414
graeasqajclpcmctxvbmpnofqghpu 4549973713 6623229612 8929420800 7132121067 7924433309 9586225099
edxqhtokzpktwcbugely 6302737859 6617693856 71949028 9586305821 2855207232 3932311538
xcyvogay 5996629957 6609911803 3912087718 5490031263 9110714046 8410708823
okqbreyssxcrgabcycrrkolkhyjn 3238003414 6594220716 7023849940 8348255624 8160885118 8261535586
bmvpjgpexhtanodfpofyctr 5148817955 6592738943 3444931476 5076188214 1564011705 4996030515
odpreuwkqbzj 8931577779 6589987499 2522713973 7152244099 8301641707 6182720233
zhuliankczkvyha 8167013170 6584501955 8038427064 4187880696 6959810161 9051367755
zherb 7382051436 6578285166 614816985 1135943163 323577799 6736253538
qvosuvhdoam 7657334688 6563243693 5310361661 4588367536 5935744101 3346876006
s 6605183710 6562551079 8573217473 9374380029 2978415407 7050963033
mahsnefrvjfuopxptznqwltserh 7985725927 6558785394 5750826560 3341630051 2051042712 4996581884
urweclpawffzqvyjttuo 3862006052 6557143940 6160763781 4039007588 5824668455 3529138086
r 447654939 6534510251 8670208828 7857503823 7849591147 5789718566
wwzmyu 9017319531 6527090271 6996984653 1049460305 8614655716 4578861250
ptoyjbpdjrxlzgveqgynwsju 5270191665 6517189148 8559238850 6850126193 5503217036 6810063175
etq 4913010483 6512291750 7038238090 6639853285 8739683634 5190838530
rqbjvjwxrigxzj 1176430437 6497584342 7076444470 6926477879 1637925131 1335467736
hawvugtswynlvlcxmeysqgqfrrjw 7507311779 6479547763 3492656081 1502569232 9320100258 3867904691
yvvjrufueyqldrasvdrxbhgkq 1442357168 6472427752 6298513061 2559501967 4867458566 5663058793
shdavdaywzou 3636053410 6469164380 1803558834 3505779952 1000759955 8902980435
qxwrfyubyvfsjdhgpfbnvybgvizp 9042362199 6466296814 1112807792 4812324169 1347241216 971928068
gfv 422644308 6453857185 8414747634 107492479 1607178468 7438294853
qcbxoadzjnmqgv 7707558656 6444378675 205957447 4247470451 5409245923 5065900090
hfsnjgjrr 9962815711 6439785858 6757578081 7044302619 3549350750 4255983879
qhkckzedqhassetbtdro 2289651892 6428843387 8640598363 9148290504 6819130979 5765618603
knpucnku 2384773938 6427220242 4675920610 7981207791 2488839699 2237933208
qdjt 1668324676 6423854688 1400759019 300309878 1070214950 2995022768
yz 3460528406 6420341217 5063857875 1303432390 2233712963 4718572031
faje 9802286861 6419902014 5209299642 2313976911 5013247584 2318256510
mygkkppxwtbxkouvl 953833174 6417464940 7097575917 6082729744 5773808829 5702462003
kmnzbeznpmzvxxfz 5493016757 6408950754 1125940727 9627905701 553781387 8526082868
ndtwjpqzf 19232160 6398558339 5031857134 6198576036 3264475365 6226872842
gcbssb 7330222256 6398264946 9935606141 5055735961 5750798344 3598056697
heqfocqpijqaxhiylixethitjjte 2206393484 6384849908 6807485458 7983242744 1308740391 5352362404
yzvlucqhonfsgwtlhripqgurfyyqcf 4204175636 6377398501 9370703080 3721641602 818761221 4148576272
hpocbftenfmkabvjovf 1999660838 6376256090 1442619540 7022888545 6454528398 2033198342
ryayqvgkvahnqyduc 4919329776 6370690871 1744539997 8552501111 9085977439 2010218619
pdkeuqptvpvp 2403464085 6363365410 6139881299 5515914940 8857710929 6952266129
ogtnfcqgsjwdtctvfkkrkmizewrx 3893863086 6360422788 6025941684 7470763342 6786732051 3915250885
wsxedtowwapjja 8767395626 6343732182 1115155263 6900684782 7815009877 5406263880
khrjtwlyfobqpsmasaclvscchcopc 5341449563 6337555361 4305484814 7345686106 8401013324 5953139772
igkfjdwnjfmmlvkbpgjdjtt 5344816358 6333258312 4261469451 5947913852 19491089 334857403
xi 8398702635 6320434704 3731942558 322681477 2102107806 7133897108
rsecznsomujcjugpyfpzfnqmjjdf 1366691888 6319786544 7665187548 2397212152 2362757152 6255662852
nbua 7000187817 6318683756 6332253225 1847440803 1982660338 1701675260
olx 9188568509 6294399493 8345624372 7546849617 7296160758 1712837097
xwlkhbtodg 3732649669 6290848700 4094529182 8817098723 3636437524 2116178600
hslf 8048536523 6277177120 2083407140 9577260381 9122891976 6690466982
bhnawvd 7956579295 6273336823 3407294560 6257368614 7517625886 4612842995
ywegvxlomed 5341796957 6272686825 4915736841 9272703158 4577023118 3228581499
sa 5391574045 6269043873 4122723659 7043987309 80936074 2551217714
wtiatribwuwghhnkdpgxefkwplw 4065120975 6263131473 9958505943 3143670162 2418357105 846281925
sxnjabi 8920763543 6241842073 6294133834 8549122762 4664071885 5019403161
thblcdmqlrty 8783450325 6230012334 759894347 7614140812 3583711415 6727441165
zdxmwpqygvluwepe 969638917 6220197074 8850044432 3308453078 2543937113 2764435735
jtcnjmifmkezd 5087598932 6184606414 7298071382 9354722892 6824626865 5941893316
bjgtkmwhewrrilpjbwjerqnkig 9379232435 6118370653 9153830602 9154249397 210859790 9336791677
jxznaeghkyjbtamsselia 9146677043 6110166217 5916490662 3182085449 6277291537 6367617130
zercnfwffsjmrus 1642776777 6083937566 6616683045 677742774 5807560597 400482897
vgybkxldapefldi 21882284 6045422199 3337097749 4333632881 9723761208 9219901049
hwhczrxdhkysc 4709025902 6035215946 5930037250 6573350596 2164449675 2738525779
rjlvpqfgsbwodiwmolnvwkzr 939927862 6034420453 8286623714 1652251916 510682749 3650920016
seciqkdtbensn 9396057793 6022288983 8128741323 7550513598 6109329274 8570712240
pfzmas 7102421749 6019385050 7446842708 7573005130 9450809697 9612598665
txdbutupngs 7442461810 6016712745 444931596 5128736052 6284028642 6900402339
ftakskidbvwqujorlnglyfyj 7485131549 5997043635 6183775444 8084312655 902300957 5095255823
khzlxesaaubqwscumlhdti 8257895015 5995324746 2338048564 3198253453 961692402 7510046652
ozbculzmbixqrrhihxlknszpy 466887505 5977984749 7983603301 2497049524 4094985697 1818858389
uavplehffrkhxc 8848014347 5970814810 5474479017 5619824642 7789970169 8986616962
kfkl 3492555455 5953740197 47943922 159576005 8511361572 9158415712
laezznvll 7550503824 5947017963 3117496271 1960124630 6235657253 4922590394
dsnjcdertukr 3590748135 5944318001 5094899747 1032975682 9561099884 4494858987
xosicnfsbxbfovgjkm 3592789165 5935653307 8969023926 3796643132 4984843815 1260312954
lldlcdzfuztspwiugfxbnpoi 8293481859 5899145798 8688575693 6048031362 1561747110 1239990554
kizpfnquyfajvcatjmjcjrjuvwnn 7598095309 5895123742 3218796981 7406056458 4433912980 415239599
gtoiovdbjcoqbuwygioftejsuezsmd 834002501 5876531921 8631141635 8995975947 5352855392 4090933495
kytbfsquwonjlddoitefkrzojjzmim 901329800 5849524968 7003119655 1284985543 8419485396 7233107930
gmtbj 1700767236 5837882379 3573739748 9149215035 5355477179 6800437532
qnbhrmrjet 1960881449 5827587957 7663735654 972978950 3825553982 8786370726
mpuvfzyfcuuietpmdalkpaaqzirp 3324750532 5826969055 5175277430 5134869343 4544769591 2866402770
foqkqpwiscfyaabuyabgjffkv 2993482001 5824419240 1622066737 2544848134 7120181857 9820057273
kigrurenvrsvcshpagnwznwwwiny 462579609 5818894767 9676826216 4101396765 9048774398 4649813777
bcjfeupdmliarfjj 7366084585 5814277196 7526376337 5244777010 9434930264 6907123725
cwzrlpeervnporgjuxjvinyht 8218881302 5812102315 7751278152 5980018330 1262262444 3375366723
ixcfatuulirgavdkwtljlutfef 3986200541 5809425895 8626898099 9315982217 4763588707 7109605146
wxbmyvhlhwela 5090123794 5795879034 9549696092 1755085516 2870778578 8656042031
zqdcxjyde 1280745687 5790143418 4727393714 4557618693 289652874 9042308413
kkvodgplbvufgfr 7701811385 5780742811 1609386735 5896720336 5560735111 8257067581
edgpqlabqwkpbvuiy 9251561264 5778719510 2829898953 9785987398 7686798340 796553326
qtfbfgej 7370449391 5771084195 6915107495 3129569541 4165736243 1095486564
mlzkxvxjrivrmogvrusgtsj 7427388004 5768510126 1552821387 2136853863 4780401944 6335518010
ynonuonaqjcmg 5262038850 5751891369 3937533620 6603605920 3671093956 8182989094
rrxwhfweskwuxvshbukgpn 2427094080 5741702829 1810687159 3508993937 7814643288 7167905253
dkvkiogomrddudktp 7523881056 5673120266 797467077 5097045647 2291023804 7224511315
ckmhucdrvdsmtkczexdijnvxasra 3923089302 5669706646 6058247399 8856671680 4689435219 1415461631
yfkjnyzwphiphfac 1232137662 5648347195 6958787560 8450601217 2028777695 3586486075
xe 2360341728 5628087473 1855479821 571292961 8675066005 1316996739
poduygwullh 6251146576 5623224504 3516545166 5864615490 9407722475 2056490959
fbfhuumlkvyvlzux 4334525710 5607631333 8946736703 5401903747 8095924682 3888375070
wvprvjcuqqml 6135152276 5602236551 475416257 8224488715 1636229534 1460568505
acgyzpc 860323559 5595368947 3730961223 9610493999 6139730525 7984012956
encxmhejwdyihjuftxymqsvye 2095742498 5592083328 1782078078 1511488118 2563338428 252335171
opjqhimlzyksrabpm 2493679820 5591193110 412158752 1559367261 7137588715 2202187354
sej 5579862194 5586024173 8383690938 8271541954 5335332934 8918729036
ppytvlhbladksvnc 8392886519 5575331217 3317137613 5360721327 5257235483 4216331384
ilrcxrxebmebujwwqtvusiwjdrd 9448822987 5562209158 9340688424 6361151091 9081938345 1356917167
ovpar 4356254114 5556339362 2520011472 5408238735 7217810007 9341476485
rzc 3734488467 5556315024 1531605700 5110647233 1421833473 2593607049
iohxuewlor 4137812093 5555304077 229125135 6241165486 5963595862 9298468080
idzvmzvttvrplrbuiyxkkkswxymn 4601196718 5552252117 2832051125 584602861 220787114 6727270662
uxsjrylaagr 5054704806 5544585259 8888173024 658698557 8559081378 3365409735
wvbfu 9654034730 5543055283 9113991410 9281287796 8680670813 1973315154
ultzzzlfrjtdrszwpsxvspk 5121171123 5537932833 4919953496 2408710618 3943393967 7836318823
abngwnyppidirsm 867288311 5537727283 5263880401 4136849590 8379651469 804407472
vctzfzkqdbvgmllzwdaitsoj 6249372594 5534998778 3021324552 9630842522 3423345398 9376747495
nx 8740228734 5517306266 874536566 7778228352 3357360481 5018773175
zkrbjzegmtsmgaxxeuvakfnilpk 8352762257 5513126911 8576006522 4323117272 495054026 335218940
pzgxhorhnkjllf 7246651844 5507496541 1910182504 6568413806 8691970595 1844369934
mphz 989153308 5493103691 6089660206 7911588288 5075409675 759944929
dpagctkpnagpqbzngskuqoz 2462439467 5487455658 8613446674 1263645931 4380550734 7685598192
fdfaxkozp 5743606230 5477434117 2680637279 864864744 7404730679 6234109483
dkbcosyxzchzeuyzhlgaxyyxuxetzr 4260867030 5470746462 2085604852 4242124041 113195860 5391963263
nouzhyioaehnnnalzwdudjs 2555589641 5467083740 9364468325 7742715659 4459217813 2464199320
xfhkrqtdaossvkgxjpzg 1220212587 5461247221 3117638412 6717419743 9554005513 3996824618
noml 7548708430 5420582792 1222061482 1870147273 3939286490 8202988379
lat 8129969572 5400999670 4835641648 1118536037 3066707700 3543560951
lxbkcshcxqaazly 8674144503 5394189119 4530551138 8985082606 1492710012 4912757787
evzjimgrgvpavpaeftoljrw 3702213791 5386876826 6006378827 9404155441 5970711989 3353123061
fyhz 3749373451 5381284720 799385550 5172835317 3217401999 7585132298
rtkoizggydvempzcsqzpzjjqxcq 8187799717 5380748375 7783494452 9672420620 4031009657 9203274404
y 4327819262 5370553616 7700104592 2403244587 8229213353 9663866518
pipwp 7842696285 5353857970 8443632831 3981349312 2177532672 1593169268
bswccnwmyjoeyszkqnrsrka 7455534931 5336657424 7054914810 2027724441 464569980 2656219267
gpybangbpysahfemmvk 284845234 5334207750 953118812 7470030175 1152734723 1974742149
ozicdsozhzvfjfbql 5703453307 5334162952 4310515977 3017517309 5850785032 1995636962
hgbqpxyapthyimrr 1591201031 5331068103 9917352163 4344517134 9427539680 2219953897
vkzutcakxnkbfrevhujwd 2057967388 5326838894 3222060112 93870169 8476428371 7096084106
bbnncpvcyqn 6206719110 5324491902 4493594847 7381052891 4781186082 1903164013
zzahxurogzuobqtycplzhqkvbn 3403573118 5303833443 288224446 7181515980 205485216 2519784474
rcltnxgxrmazfzgjphght 7910199420 5288555195 4747936350 1245471568 4842842567 7952262856
pidmuz 1214976870 5287314355 4179566625 8763440703 3464408996 5901021378
flfxvxzmhehvnkxklhxvdwgwv 1151906683 5274735562 9868820327 8237320653 3434204372 6820178401
kszxpowxwkqmn 576934744 5271335648 3896835385 8185848290 2827397935 4431058360
ttlnrhahgbocalytupjacdtyizsde 3310755346 5267296066 362676076 8003121469 1058507308 9156045413
vcofbapagqcqgmxrlrparpd 7942810686 5261647606 5285912969 4536840247 3699522082 5298089784
vsvtsqays 6722595488 5251480883 3300344246 7290693119 5835897807 8250805313
nrkmxcksocnpmtqnpgqecwgc 9703560203 5250936153 4617540997 8507533548 325054446 2034828977
owqfzysdzsvppgsaudn 9798875877 5231348939 1291008237 4343927957 7600482274 8279139503
usmplh 6791959783 5230333400 9521586358 882485963 9232428309 484194502
yzcsbzsaexh 7467916259 5217702320 5177840629 5215279873 9545205313 8048472081
lpynus 2625803855 5212501929 4910293494 3456860594 3844926728 6193310926
aoim 2650595154 5205680587 793311092 1590565531 5845792830 3256643019
rbkhqwqohcfhkzohthplgyehcbxv 7978375173 5195296554 1677839623 6924258689 4022908122 7948469855
ploqmtcx 2408519672 5184441093 8160703054 3369430802 7788122331 9812309861
xtdopebhbybradbffmc 9458841532 5182819953 9349017853 4806457082 1979375424 8385921277
ykkfxxlztrvlsnidqlefdxri 5884675148 5178825720 3244783655 6894424765 5932505204 2917442722
zevypfkkyfmimqksynubzvjalb 7647703596 5177099433 7325728577 8158740385 4810217900 6934156890
aqb 7672094627 5166266812 387891215 6826593781 7882887180 27590648
ninazfimqsnmgdcatocrro 942020535 5146449083 3604778017 4833767691 240796669 363753411
wnlvdryrtyzhpmdytcfbgs 5928658811 5143221131 6945018806 6996018219 9400435111 2933674301
pwopokwmvnrvyhefnyejy 2701738770 5137623007 3128629915 3898701352 8773759082 3625568845
coby 8908175917 5119826951 5289430024 1651602389 1591462339 4026152141
slmjs 6138277769 5099247687 4801008338 2936787769 3060408731 1666245509
pvnzvcoveyvlhxvxvnvw 9782713520 5094570181 1112806072 9420275125 6541344867 4730118056
gkchizohbgshaeq 2730594322 5089407597 3449246497 5123392921 828476948 6491605376
pintaemn 7132437683 5082429347 5119833352 2322303163 8630355995 1671679206
zhctblejlgu 8607404066 5081840309 6949921656 6947312901 8837254193 1301457905
zuqahhoucgfeadblbberqm 4851565779 5046686169 3332319365 7962430882 9237496678 7171095933
m 1471134895 5043971599 3981818025 9015023890 9463781642 1563936565
sstiyrj 5591517720 5039193929 4894511432 2786991901 1236655418 2511886064
alndpfaqt 6098011364 5031982196 6175914235 9577517579 6846614125 109783401
pgssthcypcoybo 1792362384 5006570536 3319752318 292262100 5255165814 5664328926
wogiqegtc 1026977126 5001601668 7758803396 6926864080 88810664 493644177
rwjpjsszpbmaxzadqiwitz 3211731668 4995309546 5143359919 9799941384 380541093 7446777091
rorexiveksxvasibibznmj 3930834104 4973083696 6115869589 8282545045 6919550633 3611818252
xbbjwrfyuwqjnsu 8750321390 4972447001 7171912709 5996614018 5024002541 3891621817
jausyrfcpkcjhanoaeuwtroal 5657620616 4965515165 4250297706 2817629197 5759930946 9015446444
plqhq 7076098996 4963029786 7884039251 670892439 2941033967 1018194581
pznnuyqkgwydi 9576127710 4958607128 2522184167 7482359540 4178890946 1523045288
phmocwfclaccbhqvnhzpypamavu 7861031812 4940207162 2777255273 9221119600 106982089 4104943766
hhjqhreogwcpgoriasrmexicsdybco 837704222 4939619898 3629254061 3391511738 2622408142 9884537822
tpbmponprefbwu 2880764677 4936853621 6230310422 6387655620 7619020897 5641783480
witgagugoywviix 1976976804 4926506930 9819516981 4264077846 582629933 1981516043
ixafxymcewj 2191200245 4914449817 7248976627 4958898421 3564466761 3916174073
pqapbcqafqnadwtkwfioh 1903680338 4913667648 9161230853 2857311085 7907155924 6329632797
ayjqwsjmsww 6628045089 4911794670 951222265 8129384640 8603864603 810252380
ehzttgyzvvfr 6635057697 4909945940 6142837215 824331191 7125470376 5508193985
eypomdeimoxvs 4065167480 4889109577 3476986629 7363778142 1955538102 5329155148
ij 4919086639 4888932243 9686619644 7028714072 7950634557 2591502570
ucgrbtiwdvbpmtnwssgbdvglyb 837109962 4888367461 842124237 4294838744 238898116 3764827051
ofcjwfobgevdfjrcdjklvkhbl 837307811 4877060577 1838209131 2744893526 6376815481 4892888596
daafuqwms 3305073043 4872532277 3442695214 6407468040 6788321174 8835246184
lrxmwutqthtvmthkkcwtt 6956503440 4865146961 7770218089 8158246897 2028774721 9845528075
jnbjjwabu 524483521 4862423739 5027042260 6399089205 5664666949 2021962043
vfqmmggqllaijnedy 7355060070 4862339435 7449877865 7854393340 2226484861 8162374493
hljh 2798336141 4857169104 6463290771 3238258590 259760900 5941367570
tmvwuwlbmospbjbvlchsecuboabjk 1026901200 4854697710 3352821700 3259184949 3856838333 1412977304
sxrmfuvmfstcbcms 2285228617 4820040306 2855984416 3078565824 720282950 3384059586
qnlxj 5893151483 4809107584 6356575860 9461443433 5013190756 3946965435
ghmsjohbatwevtbxaimrkzku 3977225917 4798039285 4278762423 6728079445 6718369222 1662271241
kwje 7336229816 4782027498 1083304987 6562783522 6087946753 2401536376
jwlutazxubchapbngmfahajroocyc 9948882649 4771881613 8484831223 613633825 3639872655 179868005
atflxvstcuno 2209080150 4743173939 8740190586 3885142291 3567816856 9724268697
worgezwrqo 7929194637 4728415929 6994227064 9830732727 7028187579 40159214
ofzkahnwnftswirb 3242037204 4698313990 1950367749 6183700773 1849046212 6100304180
fhqfshsqo 4315924416 4697973010 8636926456 4118125323 4525200282 7954449883
gkxtoozfqzdasjjohsablbqfphe 7655675297 4681294395 379963281 3519590458 7204679092 2899252501
iilkjhuyp 2486332433 4679024364 8346334126 642063832 5942871871 2017903733
gepmsmwwlmdgjskxehrfkwmvahwx 1968865769 4674071951 3991263759 4517694901 1427147083 2185458269
qlkdzfsekhwisdasarinzch 6178165180 4664978160 2530863515 3298397109 1181088948 5587751653
bnxblwkcgrtdksvgkgmk 5959045873 4658665831 572112419 5848724186 2273638303 3768165429
btmgkkrexwkgmhyabydykowoqzsfg 2003249917 4656032820 9050811045 8131481762 4335563557 6382294152
lveisuztlghfvvlhmvjuatkrck 3262779369 4619124128 8817646833 2281467321 5453495869 6674898039
wxkfpgdy 1355822532 4616556979 2703563098 2093637446 3704428822 9703992653
mdnmzyohlwzbabhvrfogifpv 6051141534 4607676896 9837376955 1226539502 7832994682 6867024589
wkudh 4876457514 4601815266 3603697511 6586012364 3329444655 914895345
oeovwhk 4919931448 4593071617 4925776332 2631073720 1625191694 1273974923
otxltl 8045399711 4578298585 356472343 7047646329 9606768112 8910180801
czrrmf 3416623617 4572403678 6601414740 7419733684 4978141656 7633411577
nbmsen 5790401177 4569088120 2829260598 5309142722 9536040922 9481614229
xxmoggqvvwowwzprsykde 1120876242 4564765548 3714432076 5754955181 6369370208 3961964409
dxdm 3527655503 4561753753 9329924049 6215072390 9789954297 8250370705
prpvziticazultbggggwjumnjwzg 9596783629 4543429746 5900485908 7209817324 627462462 7214751862
yemxtiqeaprpggn 4861594815 4518413257 8315006393 8188754334 759471019 9127583630
v 7840711923 4516091109 7599054549 7388994103 2256208262 6388760240
wnrqjgpvneg 2510930145 4511141614 8591562076 6026441449 2894324167 552250117
haqvqnzwxixnqmuuksfnppkkfg 2179528480 4501201042 2553490278 2385296735 9167502239 4235290888
bs 5304267082 4481620427 4315628478 7653555656 9710177379 3075424278
rrtaknj 4363793088 4473176806 2625425387 6862788627 2988879829 4915501449
bjgskgekznjxslysk 58606154 4469174309 2709976773 438937824 6605236241 9662705240
ndsaneb 8894151016 4466599227 7956753244 6572913168 169837009 8154316679
k 3842521607 4449980477 8514207897 2538696642 9900360002 9970051230
kz 478348100 4444731205 8691209704 2653433998 4754299438 5949337770
fimcsmvevtmearzwtdjzhtcto 7710323784 4437370092 8931438843 3236990533 3157633383 4807913631
sz 8528654983 4426435759 6133512410 9588776003 7400358574 200838949
vrwgcyotrfwofmvoijpxzfru 9792437610 4419992238 792313393 3735803004 7075119198 6901237464
pixoevhgjphs 8168633722 4396231358 3403669754 4588533787 8595367913 1642680246
fptzvomwtmj 9420843735 4387811764 2331602954 5069451439 4823771273 714963834
bhxbpadphevbr 596430346 4375681433 5966797516 6575503624 1114676326 4085696379
mchicznpkcjdkianxrgwzt 4887078448 4364414108 6626713489 6169101174 1900937936 4407621216
lfraszcvuhpvzuretfnmxvi 715927566 4357786125 9989662300 633054497 2840963203 1064071178
wws 4165845507 4347330148 244904127 6163624770 4795965903 1130258753
mkaauna 2722649953 4342531460 7512658537 3096870889 4314056521 6834693046
gjatgy 3606693664 4316124362 3647062179 7371725732 229698148 5738840185
gqnoinnelalxobeupje 7005184815 4313314234 8504208864 7551155907 5130696293 6756044876
cuyp 9509933520 4311988782 912729858 8138423147 5729962623 5993596447
wpwzhskekbixihvauqkjnw 6827493589 4309570006 4603139464 6039342126 2507274545 4695208385
yjfejdv 8807586989 4309317032 7251434108 9143838302 7960923820 3569042552
ahplgzxqphcra 5073588171 4291436318 2038214698 2475698751 4536384798 3924766370
tcqyurptlmrjeelgxvbupat 5821368153 4267886061 8972094187 3294883363 4184331811 9786931851
a 3545094846 4264449735 5056185258 991014427 8609248788 2411217204
skjbvtypurnimodi 4822196081 4261611840 4154893203 2937328819 6767590845 4034961003
qezeljubkcjhznjmmnswfblatub 2156193566 4261550607 6455886260 3743521074 5794333358 1042738890
lyxpypulpobhodlhalaz 8446742862 4257449528 2041207692 9077392387 161885245 4218548255
fjfgbevw 9076216724 4248528864 6842278731 4533252232 1114265561 4819290372
vfzcnrgmkpgq 181267897 4202151183 6493808440 9724943020 6038591103 5101288435
fcesjwthqv 903365032 4201419726 2267025801 6717047198 741498573 4715730499
qkyrvgcidxddczwnjdx 3671519153 4199270574 7204224762 789352573 8477341854 2002588598
hrlzdnizysvhynpfbpbocmzqilcik 4074631020 4196489702 5460877268 2904330433 1112037228 28195356
oxqndbyypj 8022419265 4174576756 6533051324 2591082018 8931599636 2344243267
ufotkqrbj 815015853 4173344128 5307148242 1479281660 7613647131 4120339423
aeldtozwpdhvn 557333698 4169072353 8501857305 8974806835 4928825021 7815740953
xyptn 7312233609 4163366021 4896327431 9365820062 9256019481 7858902728
bqbx 6491098886 4158078536 1004965695 7729549536 5562836966 1020521259
ozobfuadiagsectkttr 9871442069 4157303666 8574571896 1031046840 6152893280 3365120448
hfvugdbtbslowmzvbmwas 4417460305 4152206508 1746803497 9593673254 5981768245 1152549513
amtx 3534820395 4132462204 2446065849 8966407194 2712289717 3538842690
yvdobytnuvcvyyugdujjgonrcrcmy 7318016803 4131014503 4745185093 1654395101 9173065698 1862311076
ofdhtnek 6245723030 4085337040 1059310000 5986455931 1566533831 6652583021
gazzoqcbwwdirhkhlolzncmdnvgmsv 6404539203 4083985191 999617641 5453554935 6255420860 7055134467
yrowsfeqwlhughf 4330884223 4076522696 5274046528 8375951078 6065913359 1458340051
daj 4078119978 4070083374 8719264655 7310900825 4430622416 6239868921
lwgvzmghhzfxwuogcw 3192378747 4058004211 7581527436 2819532433 218035040 943382432
gaaxwckhk 4599441254 4055783954 8844969764 2488565089 2398291861 3715589069
mniq 6942411670 4052469992 2646713296 3542282347 6105358624 6257788132
ay 4054118877 4001944755 8040468476 2640978701 8216519323 8017674655
qhraowdujrclbj 2452185083 4001046674 4242029479 7235622109 3011636597 6726493225
mufc 7175712033 4000553449 1787669607 9944820330 412112196 7694085058
jxxjlrprhvffamttngqvsnhheipbj 2677544950 3994366660 9193816955 238170497 3500096732 2809356150
rbmdrbyoqdlbwbgz 2930018358 3992231896 7895396659 3828500557 6253448982 11343607
zgaicxoyzzattkncypu 8087024767 3988114819 4911980548 1250469664 7900530111 3915464826
tldsxjhljd 7100650699 3973964179 5420754083 4587381638 5208892856 6914992384
ms 2101327907 3969528642 6308209421 854739021 1028686666 8274445459
esqxfnrmrzhlhcergciwkajkk 5756475879 3949321691 5935621953 4726446087 6996715486 8542782852
pugxk 2160677543 3941926159 8716857742 7200118049 3220897916 1785600415
bywpjukkbbjqolwqum 5957567315 3924454518 8610760228 7350827110 4430018890 6170523099
swfywgnd 7366782756 3910832962 5191611333 2682815185 3281942664 3609737016
amsabnypsbbkjkqrmfausebaufmeno 3212713409 3910643454 7502244475 1189110836 3056826131 4583573819
hsqx 1286512741 3904819026 2467823614 9055942612 8079259015 9142412855
izzngwmhdltvgzlsksawbmkzoez 5379669862 3899588835 7879781400 7419955350 2319315791 5474444179
foidhutolbyq 3420127572 3899161373 1659719893 736546294 1878139041 9547853311
vlykfovwrbnrjswhnkqcmkzhfssezk 1139742994 3888448173 8605477146 3755427224 695255458 7711896271
shejgqoutspeq 8170966907 3885804162 1875503557 7461540722 2609377425 4572308028
zqxnotnbqkhjwyiksyaxdape 6185921415 3880530084 1418698397 4325139886 7057094164 8670016696
xutqdmoucnoqtehmsrvuagxhjou 354715260 3874807974 1059409217 5686916935 660941357 7323111289
rgwvtcnrloqxhzsdvxckansullp 9485175572 3873407721 3666805387 1690774351 9635997167 1587111950
wtbeuafogivepmaij 5514928104 3872650438 6375571005 9554743769 8492031617 5429682360
shhwdkppxyktlcgalzv 9459452732 3865621959 4085670734 3636944682 8716082183 1424038153
gxloxbqbwsvubxbwcyktcrixo 3426795873 3862953098 2162733156 5260813677 6335480710 6471905341
ydrtwdsiacsjbopdanxfihetd 7586851184 3860929542 7698111499 5644201453 2810963634 9280425341
vofxefqgjmd 3831411410 3860521871 4010439218 1162603014 4130497786 7933982238
rophwaffjfginppvcsd 9635640040 3858287687 3702407509 5656505829 6211970211 1406325941
iuk 442349137 3854520452 8726004294 6946064361 9520518705 2243597508
tbfmtg 9026326332 3840012073 6416863123 9405355808 9920002086 6943754124
cmoluhxtdfjnqqyvkuixhmrj 9003350262 3839516477 8773085345 5522981668 9709305450 7401347413
grcexerfvuidnfnix 7728723327 3822702582 1449355365 1883027242 2928070092 5292394576
ycrlfakwzagrscpdsbz 1139243641 3800418207 9448432759 4598217105 6803698369 1039797435
elspujspodkfblbaxrtuepiawah 2187189170 3799489019 9598163175 1447963347 7282079227 2378356732
vuecnzbcijbvicxbhd 6700576129 3795106704 2400083260 7545282984 4415756339 5338284180
gohproizizqamfsgomouopdfgpmtc 5422306355 3794393777 5689521423 4354720796 6178805901 4567177465
wgiyzmbxalfwupqkuuazqhstgieds 3490451104 3761965140 1392225608 3035032157 1956650272 3479153150
mtgmrbuzovvqrqixpjwbzx 3930064046 3753379719 3307034508 7483704833 7954599670 2361974162
jsdcfmeytkywosuywpjob 2365238069 3738547394 2479596509 1413642476 5565352594 6601642659
u 8819701454 3707337308 8863211442 6265449821 272795646 9311385883
ynbmhetgcljkjewcfqmth 436963675 3705327515 2627453171 3573199039 4949698355 8444198047
ahoztrrtwhkcwkzkqjzqcwdwilqig 2868864846 3685372719 481269463 6361233010 8674768211 5930094424
kwcsqgsdbpes 238752099 3683830906 558778306 6947207536 2297071930 7341084203
uvslikrfwqzqpueodtvfcyfkxpxux 8957874358 3683436224 5032763345 9827191579 9095377742 1818378036
myyddwckehqjhpkco 1844424265 3682161303 7315620271 7837950207 8290557636 7222114642
gjdxiaidkzye 2981187021 3663947467 8910017813 8990947363 7578622348 1518781468
qb 7931565172 3651206165 3536333002 5387121627 9166076926 750942188
cpnkcvqjshaouvbyyfxuf 1020329973 3646284217 5618185641 3961385093 5445560192 7365171663
mekwyu 3904421434 3644351487 1921349467 4916327560 9143937781 1935053822
ugaiyrzpchqggsbumntmfvcxfo 5851896904 3643677927 8989383781 1671105738 3219849779 2520594772
xcxkexplsxuqh 7104847576 3635725397 3805872339 2786126306 5387117673 5494505798
rrrtbwfhxzmhyudodeakwtal 8058292620 3622244548 8833242099 1598652915 2980859560 1941094527
qtgjdgfcgjwwtjgdmjtwzml 7140449751 3616628127 5107077058 557867301 9078303159 4421113912
eubjmvgukej 4722132768 3608310802 2087913716 8679921766 5246979393 4977149194
pkxqqlji 5841825686 3601081101 7230306334 9350645502 6229508597 6062043372
pkmoufwfhfwnohjxl 3241917691 3601060646 1547693066 5327847108 5538554927 448577360
ixxcenjhhzlzhzzstgbfwvi 634392009 3594803283 9550845018 9731249586 7446855270 4307430537
cflmsqpbrd 2572880941 3587612873 7496918828 6121953986 6297868763 5036610596
cwllhgqlguwxdlbjeyrccorpuqfmgu 6717175850 3586030928 9552728543 8745420889 1710990897 4787443707
eg 1230678819 3580887333 5545157260 5577583637 6477211555 8428876588
vflbqgoxcqxcujcpknwd 7463148448 3566267072 8736610300 1525870555 5956527416 9820534210
ihqfuszfsovshbttropcin 9657970346 3544371174 5332443916 3006722351 6027671618 2427905832
eicdcvmhueazivdewgxrqamxctnai 3174966144 3534005228 674600267 6495149541 1813405708 3820588983
opzfbkdnjpjidyoawekzxkogpqxk 4437658502 3530282424 8585936123 5815295239 2776407293 7676378113
xojolmcapckgn 1206164742 3510542099 6974354985 8624614487 4687494975 6857936955
rj 6875217719 3503448640 7271839094 2500494745 2449370357 3089720835
bpotyiuicdltaskktanpgznryg 5106151998 3497402608 5948943938 9153644999 2046772055 5301377087
wcgltdelbqum 6900433147 3496286840 4420764179 1521278667 9393338924 7013299809
eodmarnvprskmidkoxqz 5743745429 3494193692 8008003355 1159839228 3424398086 1928954698
gpcjgvrrcv 4172813625 3491864814 2847860369 3444796649 4681941638 9371766627
esfpppeqocregjhygtnpalkxnwsmyr 452422290 3485383400 8491870766 6392207777 4730493110 8759652978
louklkxsca 9849433290 3472808157 5514341375 8656790007 9801807381 6508289637
znpcylhwcflobfqhgwnmmekeqmi 5354802006 3466180929 3774351363 8878306686 981758435 161918458
xbfn 3359400062 3418176342 3498142927 9182420306 595217194 575669009
pejuioppfhxjl 6008367972 3412170241 8440393856 5781835108 8636450226 8515464381
bie 1241252942 3408975620 6027187611 8760538575 1358486004 1121097517
auqycfdq 1186942011 3401330653 7931497193 8834660572 4580465084 6890733551
dywhnscgtkvsgmofh 1610976423 3400639071 2642513559 1265318831 7590762666 675478866
xpzutohwbrsd 1753153619 3355859928 6277637532 5856955413 392838777 6901344422
yosajqgm 4552844779 3355681379 5315897462 8661548093 9818129 9236381387
l 4322052442 3355449758 2489487451 1660312708 1623795132 3705748622
hifcwxandhpybtcdjdwer 6770685338 3334071858 1889180449 1357723 233994269 3878484076
oidwtbmggpozmkbt 5958357133 3328281247 1185113318 9578106217 486256323 2807704839
jrdzilrursmp 2849428382 3326777215 1497629285 531633440 848870303 2346439947
gjqzjwryuwitamaqjbvmjqriqrmz 2104889488 3316362926 522239841 8223495342 4930498517 5812590237
wslrqqpvki 9383841302 3260273807 3198310248 2377383715 5329122811 4055651522
aqduadeypfxvcqkrzol 7043280721 3247313347 3201181683 3318727399 1016199809 8627242762
qirujjenfp 4913244998 3221848909 4518647815 8692383934 5812819499 6045131031
cvzhcgzytopqfqlismewqwd 2545319330 3187151925 3555560349 3741703902 5954765039 9802611993
qbzfnayklygsv 4228052030 3177080338 9985645769 8712934733 5011123543 1343347594
xfnihqaijeoocpruhtn 5855815043 3163647734 3294121150 4109235948 6367416037 4661444874
jcenpablonhnwak 4976601242 3148191076 4694155362 916702322 594486229 5197971655
larcqznuq 6893768366 3147972495 4789192380 9513375805 9587618598 9442712379
ymcvkmrydf 7679954783 3145529544 8441133487 9221972139 49467291 9650709319
ugoxzxrkppqezifjdqkgxqhjnqbj 1504540268 3109366085 375166506 4748708096 272575917 2745729229
ldrtzigwkvdkkcommfnfqdjhctbw 5590515293 3106232510 2964260863 3495120502 1343540680 5321658457
bdkyybtuwqsqfhvcpfckkfvm 6896147156 3096541350 4277480000 9959359544 2261648534 8161610714
ebhqjlcdbisfjbhczfbjsxjapgv 3208868402 3078998587 9083102727 2860174832 5070522560 1222996403
gswxddggvto 8946864465 3074139033 2743743925 1738845122 100539507 1219843785
xghwbirxwepvjryxgqcou 2320141917 3070471452 7387924064 5303394568 4032642003 550879572
podmeaxkyqqzfxjpothfkyz 8706737660 3052336491 2316989360 9161372790 9138656455 8720566102
ajdwereddeytoameev 8431190390 3052173250 1422297176 6160327153 35120229 3833467100
rimxhbzjxdnbbrrnxsmcwvioqwhnk 5866946746 3042233375 2012932874 3379138866 8277294298 3895099953
eqbqvzfrjgtthidvzqzfevpfjphb 6428583807 3029226580 1483607068 5061362787 5740233102 5027579674
miqvdb 6579695563 2995111641 3434132261 1274305406 4668925263 6542971977
jpvahkcmzwfims 3283003448 2972962660 6545635867 1064913318 4165663521 1870536141
vghnwvlvgbvtzzlvz 1384792120 2970206197 3910716501 531449248 7826887888 5348164572
wfadlhlmtdehapnbmwwkkxbgbiqmbu 2834778127 2967135767 3946573993 6513418486 7499499197 7561132383
zjxesoresoktbxd 472033292 2959385241 4371720008 9741583615 5403612093 1503436421
unoxndirvjvbnuvinbobhfohqbr 8215211911 2948592690 8061181235 4163541753 9515488667 5092905077
mympziidspdapbfecdfudyygdxxrfu 2935450784 2941323109 7836881845 5395095136 5077062653 5547027220
icxloffifjrbvatya 4570723102 2925164914 2837736298 2416812047 1549759584 4538187719
udettpanxstpnrlfcdzyfqwt 7506943045 2911585665 5413857933 1390436440 4636818447 4881354196
sshakwgjuwgyxcvsr 1809621581 2898960980 4723392280 1471052723 3049867930 7716695210
efmviooyaiekspfhxug 2101767687 2896292150 8153937384 7021668879 1917860491 5684317563
j 5687480302 2848063949 3563497538 1708823838 9917169505 7715513430
yeyaci 4777045891 2843684420 6905796300 2408997577 964857763 1772276850
vbkvqbrorroayftob 6109646226 2831125567 3077306463 2427646847 7002788444 2510097357
amzxswoneuijhfxqnscgvwwbezw 1281699699 2822654551 6435346026 5339988522 3227822743 8119351781
noglmzmqsxuzswcgalvpqioicfbzl 6840451122 2801644304 6019610384 4776542782 4181517081 5769371847
oanbyxmyqajpqudegaibxsrxft 8611482226 2800703420 8715191613 7280702236 4839241856 117387648
nmhuaajzngcqhvylhektbpkrswygt 3840882586 2787435270 2660419991 1077944265 6709247418 1973966480
vqlofgcct 370950097 2775813534 1300950343 9695207896 6541165385 5840373736
ewfouaerdxubly 773117332 2763402580 9905161053 3990815331 8213060774 3718842971
usxoqneuclyqfwinebuiq 4928548506 2761047235 9768354537 1900081713 5095488132 8073830040
vcvpgmoiymhcisqdxrvmkyqelhg 5639969689 2751116813 8518368756 7269673624 9794029734 884560705
hmmxcoolevsr 4235333347 2746048507 4695319264 1710980597 8588442942 6866736278
vvwwxphoybcxqdpfwgyat 6897765567 2742173142 8294301773 916068743 7760665162 990670220
dfnkvpxvxxvzhrtmszqn 9664303471 2740728614 7221636917 8036367130 5935610842 8456441228
d 9994437723 2740452970 3625121672 7081408230 2497225863 5031803926
ythsosarkbqycky 6276699884 2739679615 9049641840 5909696239 2575459784 7426135947
asmxxegzwuquejfvbsird 4523863647 2736900184 9604709940 8708493938 228137339 9485022680
qvhfbdtvgspubehymiq 2244758300 2693534064 6220658243 5126490508 2820282721 7853746789
yrzmqmzpwhjaspshpujpuqjuuf 8106046639 2690925993 7353664316 1996721087 2167779486 1699201528
wfriszdu 3190327376 2675779859 8986152181 1662429121 1876181329 1523028609
cbwfduawqa 3140827296 2672484470 3273906093 1424755900 2867931163 8054603529
czlvwpevomkjeerttsccfpez 4668029690 2668813229 8091857932 9545036947 5820893021 8395604175
qnjnkutvd 8975936274 2666185002 2704291061 5602192905 1947504705 3326978352
avddnzno 5898442462 2625183937 6159331244 8563765011 4110469895 9644741454
lefhuevlfafapvllfwaei 227953124 2613199636 6861026644 2444575211 2794583180 7174765419
wtpcwdgcnrkljkmxta 8551500817 2612904257 8081148290 4824857255 2282961712 3059095507
bxuoamqxb 1355736139 2603873249 3041224286 9838973260 6306610152 7427606109
qizxc 4706344624 2602850330 7273193252 2116762175 6432513924 9571233089
rqafpvuocjtgtoqpmsgbhvsu 5815071782 2596370280 725303247 2398455547 3241797746 902568031
udodftndrd 8222273253 2581909238 9974988765 5615263960 2384115511 8540402288
ibhnmzjwmmclxzsyjpep 3577966182 2580111851 4758256867 6443814466 3611512087 244832898
lsqxeqgtngupvuoipqcigpiellf 9022025859 2557283084 5987506228 8176110422 733370042 7942347077
pqpqlozfbtltpxekyolukiivffe 552952376 2515596291 9943269509 3364013533 2431874813 7992924898
eomlapliwnpilzuvok 217022629 2500967451 6208293546 2682930411 7846217733 1473807674
i 1689005603 2498176222 3917501079 3645509312 8099752051 8170555243
avrr 7235932568 2492138931 5230006503 9323450317 9914175281 6476288116
kieldllvvbrfkuwv 1819396596 2482158085 7057771239 5190683589 2119257825 6272450780
cscaxjiadjza 8948455008 2443423481 3289479836 3262800797 1799612353 983676898
muwse 563240423 2428290865 4405214146 4106183590 1796934100 1728304344
xyubztw 748122639 2424217815 5002147743 6927496521 9933174332 1376957827
dgvbqkttdhqldqvmgohhbxlc 4803225595 2408004849 6260533850 9199038502 7035004203 7864972855
ncgsrsevafkpu 1122115594 2405485022 6718406649 4067811026 5026902515 4817988939
wqwyuypfcgycetzvedqempwmgyxxy 4500081306 2391692112 3087869519 8954493125 4503128587 4296676055
dwzknjtpifujqlaljygdmk 3017883975 2388195207 1929654472 1522548579 5222609489 599103015
ev 8928391602 2382299774 9466752962 7803693986 7492827711 6633195823
w 2220068147 2372087641 573662300 959450361 3010271983 6345458280
hejaaflpqp 4556244437 2361765728 1566039786 7725690429 1956772765 1139920437
vivtsrwsibfwftenjbdjxgmtzx 2549760585 2349738309 4949975241 8947046260 9677620689 2579615546
ywzxdzwgtewcsd 6940281693 2334905581 4950018326 3034883991 1133808075 9301607057
ieuskiwwugaiapvpkryazapxc 9064330452 2323097765 1319625505 4456082373 2620949100 5112517998
apnlbbiehycs 6849966229 2299375338 295880902 8692363367 9227939497 7097632568
hmus 3224379673 2290212724 5874137315 8347307868 9954715884 5921016458
ebrmnpholqfpsjvushvdyzwzrn 6101022578 2281589947 5647077656 153500483 7311267835 661314614
wiwllunejnlyjmornjplfrasf 1165343762 2280625952 1297173043 6538897579 3078181368 6365615891
dqouyfzbqbogqevmkwolxjq 9554387743 2272790737 7133669385 2303933339 6140494852 8873164332
pbxwnehrjexdwgolcffnmwtrm 8933488489 2262476290 417622025 8285355587 8713379892 1035772389
rfeidh 6396628119 2256151776 4882873101 5192795545 947715040 7310881493
afixkanlp 4600621751 2240880011 8223800620 330934690 2145348849 3335299621
izmsyfedmjutdbwoemtbulpoyd 9134491138 2238360963 4974935829 5284016143 1487802036 1547258379
omr 4886403310 2223748267 8179266246 8426082839 9745988453 3785428745
cjdgtyyprmmxndbf 409204178 2210324701 5119554130 4074243132 8817053801 4135312920
tniocktchtrmqgpobnzkgrdqees 7246602957 2207331931 3537636082 2568538394 2346954426 6982996499
rkqdmjotyktfegufxkbjf 9190482621 2186958079 8908751298 8628522923 7015120932 3742623743
ushklymmauiranjycxzefzkvx 2607101539 2176142514 8933742346 2175489162 5080254722 3952289961
jxamfuglxaximnwjcmzujr 4145410499 2172248653 2308695166 774046111 748131554 1875112873
nklgng 4631978066 2163596283 1956981549 5225723984 6695325794 1089886680
yyicmpbouxkflkohjdvaztkt 5956638294 2150807515 8250145599 5553487246 4807933404 1609455401
dqmsixafjtcmkynfqdi 452954588 2149023361 2385109856 5672904248 8607164521 5529726571
vlk 2906420426 2144700455 788559870 1157030462 5013981342 8717399863
ljvqjvldrrqxdupjowmjxwcdwkp 998783705 2131726723 9424189728 3127347432 2166953157 9808933501
kpwfeehkpeqp 4287742817 2122158852 1430862049 7150930681 9877644160 9722151688
gt 7503866642 2116566186 8111031248 4588260650 7688880076 6364099852
hrrun 6612944919 2115516853 8497547553 2465279181 6305730926 9512815476
li 2214897642 2108689215 5062382213 1081980924 2576682459 5940177474
jiqbnewzzx 9700675925 2101371521 5722385139 2645979154 424473898 8545193755
tmapsnxobjkpadllwkepxqackykfj 5240597569 2088670845 266243032 1162830268 5825569094 1585635330
vcqgbjifvbwofkvuliuheb 3361825946 2075005108 9481966411 6700848753 7421573281 4142495218
png 119809835 2070658699 8274844925 6315637775 5600503551 6430190132
oplhqaobrmfageiyvbikrsfm 7117141150 2064965613 6303250440 5981562708 3138256737 3505830634
okccujrgmnazk 5636463588 2059901635 4839965454 6891173124 9506186922 1522888615
phyiwsdymhxpxindhiwhckgjxr 1840938854 2055275551 856789223 7295698796 9650269135 2124209989
xlfdbxgsxmgo 3177100720 2043230106 7921227983 3482390306 5229496765 7698211316
vnlkxsljbbtibr 6440952979 2035600490 573725134 9102752586 4869622467 2925701319
eeokedeihcaxqfeitniiqwatquaxfi 9728607660 2031463952 7083959561 9848517294 3402723180 7987273814
dfukowohfvcxedmptxirvvek 5976863767 2012187563 7101624939 2739352617 1738888845 9951442052
qwnffpuc 6813248024 1993101262 2417147679 5446071862 6703076409 6555665121
iluuatardjvrjbiabhbkunchhdztv 5425272743 1991014163 8985994590 6089835379 3892184960 6592944108
uzlychwbwgshctonjqtrpr 6431395467 1959040742 2213658417 592336562 158145866 5105529085
gbizkjlrscu 9871068644 1942699339 5923463338 7395167767 4553735297 631208866
ooolnkepavlpjtgg 6231426962 1938556390 6444876586 9438923125 2007390377 6596765021
p 8886379920 1885699892 7286871710 7555274694 8833365948 3664983191
szolgnya 3153007624 1876707784 9061804493 581622000 5696780573 5627148191
mifosgmfdpduzn 7964000230 1864447491 7445855879 7791151485 428515552 1721771767
ytasllrvpooxfndoydbwf 7306360084 1858581902 1819010631 2713743304 5971516709 7469969877
ilehdbrhpn 5602421199 1851073944 4643015538 9466912465 7509153031 7113041691
alvzwwghzakjahgqehvrkupavqfskn 4190883156 1845496048 6922445659 9750427555 4050033541 8187028979
ewenop 2548478245 1843976732 1886923905 848448493 9877106273 4362712690
podkawsevcn 2688180196 1835901765 6158865078 1001357241 8738189498 2788053405
hexwdwwjpoqmxixcqwkns 896496818 1822296885 3706169566 5301282617 5286892902 2561999493
wgplkmuvnh 5278954193 1814701157 1212423829 6712721377 6628880513 5628031960
dmzswqnskspc 5861152502 1809964177 1555223684 6595508939 9195309605 2029201243
uxvqkjpvosbnzztrxbgmvq 4013828382 1780772551 4031044282 9195364045 8085264196 1931434219
gwdcdxjbganafxxzyhdp 2564262141 1766350696 9057707931 9969436289 4350175544 8861988937
jrjsgvhdzv 481060069 1712467359 938052608 7789152055 959307707 9411141342
lqyntvvbmeibsnwqlbgmj 2013538960 1707282356 373528640 1357502833 3999111168 9092439550
lpqjvz 9511255771 1692807561 265312198 740280193 9905212005 5531100098
rzhmc 9989378214 1684159566 2327820544 7074021958 2228731491 4449932679
ezuvobegmdihrflgtbjkvwumi 9159887543 1674011937 1095340566 1542268912 917207145 774429290
ozrx 7630926196 1673326496 8966037216 8790898519 2104932985 2340883522
snbiayorwdljpodjeodcrqckmfuyf 8124632474 1647916294 8701426437 536676333 1059257841 5406349559
uvpywjfikper 9537194195 1645616553 4303050677 5107432014 6746622199 7238519404
yb 8174044008 1638220113 6171832859 7455526436 1638200962 6501590975
lkqbosjsidofcztefmyir 2862942300 1636992489 3927924772 2673857579 654039326 3481188798
kmwuvdtdgugdltvpoxxkcw 5100628341 1633085323 4199711479 7093743667 9800361138 5591351704
ljiiuqgwmgprxumlhpit 794901543 1608102751 7710566440 2501711060 8160205252 2469609518
cxlgzymodaqisqztsinueitxtcn 7966934082 1579221654 1032147907 2427689785 1050412090 9380820812
fbgjvyddcgqggp 7108832618 1572487755 2453771852 3020983377 6922350558 9733574115
vaeiyvjd 6016676117 1571242182 3376281384 2713732486 6665824847 3267317189
tpyvtidcjcvxlve 5854814724 1557161933 1896619952 1234369548 7343528845 7682983459
vzxfeytpbgxbpechkqi 4085933951 1554796053 2552195096 1080863512 865727856 8655216487
yxgp 1399042872 1533058303 8720982876 8560422211 4920082200 2500174367
ggvdykjjaylettuojknj 7623163350 1523935268 7605077280 2493226276 1312362572 9206378418
vl 9168763701 1487659238 2483786777 4912083103 406951251 7135282575
giouqkbjspyvoxyx 6985981699 1481472472 2341659813 6956098427 7398070036 2226031213
fcmsgnyzevfksovfqgbyodpnn 3085628586 1471863719 9257919551 464056849 2773339361 9770620839
cixocifpebrrfuxa 1203008453 1455086118 7936013887 6266342580 9074534405 9349024798
uxfsfiey 6924731594 1440034131 639533869 1917040208 7129030797 6982861405
xmrb 4498501614 1432520235 3846441608 6587898265 5097166110 9208014132
fxfv 9043821063 1419985132 3388123063 7501697125 3549123918 9206391080
edezd 5012656101 1419648798 1297080047 1616045144 1029954372 6695758066
mwbjitqpjujnrvvozi 211392 1417084530 1288040181 2619178565 3424872842 334709040
mlykqqmtejnhfqmkkmnhtjp 1527936300 1403754323 6172095212 5930742040 9376087517 7748827804
uxvydfvghiglmlhyoxcerrgaiwiem 364723017 1402867037 6408886708 2511450377 289861215 211489664
aaujbjtjaadwnm 2822937267 1401858905 149269819 8973747016 2238438820 1207904740
svibwlynwlllodbeiskoczfkkeynk 7670950557 1400502125 4581497883 1368378229 6710473364 361193196
hejbsmzadomlwegjva 5170190611 1382513305 6676438034 6022640575 5929571846 8879156270
njbqmmaalmzjhwliq 4906937115 1381837828 9547259109 6513903739 8561267657 3848722494
qbkqqxosbtferpynbukadzqjasxqgo 6292907512 1350241932 8837847639 1558508826 7212312477 9936044267
wwwmsnnbpcxx 3952113 1347688511 9866653813 9759979206 6949366032 79147141
rn 6090420715 1342812515 2671084125 607503989 6801372625 2001151245
hwbmzu 5710226772 1340971890 3479328929 3644304883 4175490931 5597540307
vmkhgvw 3029241075 1332069605 5697180952 1888246520 6421402030 8985675633
gjvkjihvzqwicifbfshsf 522859434 1331906349 2474725341 1795262832 7984075365 6517579471
q 7086907415 1318521841 5169161742 2126242140 6045190945 1437472877
ubflnugqjsjklywrkpf 4022551693 1317322186 5940593228 8268111812 6566233356 1245114636
zoliqlbmkgwhjydgnodzgiiuisjmms 3738293527 1307407650 770341063 8248962102 1074389663 7819312242
zcpwzxviyjuoohywlgs 9304263440 1265556583 6952737275 5235639274 9419579177 3008840029
quznpkzliqxpdgmgzah 1522563616 1254705422 9916130566 6229314225 9232190959 9618311922
powvjwmtarmifuabniavzm 9129666205 1251772502 8146869120 8493498410 8193680167 2953610769
jlrmahrtouojpauctehtobmlmuwxo 1567563620 1244828792 8031974774 5423527059 3592854504 927848132
qruthdxueckwtertrhqqqf 4816570938 1218923928 7673419434 9902874032 7605766293 3179481201
wfvnoendyx 5672032775 1215652574 5402078856 5463196775 4287155202 9823396926
apjxqugssjgxtygnfkzmjzqtehow 2123734543 1183044623 1221183344 7375167895 3752025562 6243921415
nuskbroolmelofaqfuaccpo 2036945507 1180858083 1722500436 505441429 6610023013 2141972764
dyfusqvuhitelexe 3180702586 1168237427 4301232809 4898112515 2988435028 6378894216
gq 8597568573 1148884454 6304203009 5334775618 989397234 8205550114
ovvhkcrrrircwcb 2293004224 1147500822 2311361323 511514009 1902807127 4842500654
shcxxwjc 9118193365 1147368146 3591601163 1195101234 3947753445 9155935483
zhebxbtwfjolmm 9093522080 1146529207 5759163883 3928223120 9716563247 397045201
zi 4555823883 1144813340 3467780514 5405687964 7097237257 580337202
zfcfxiyhnanqkndtbyyfn 4791149700 1144579592 9261447691 487188217 9405440940 294656701
n 6908352751 1139000362 6191104335 8794130751 3390935329 7059246609
cuaxtwfpbgtlze 1326898394 1134627589 6102597246 7244719516 691799373 837025090
gujkqkfmxawqgyrf 4805330331 1134068295 9010857223 7489781169 1864853861 6985711087
ypcpffjxpnyh 7500039791 1079465787 7443281163 4695130730 7394337708 9689206957
axmymollohiwegme 3734535216 1064232270 6324380762 7231723425 9038298644 2590407622
bll 5608798885 1054452495 3472262168 221243154 3421078177 7768704948
fqwfb 8658004738 1038942645 7141108307 1025959200 4038940980 8671509561
lzqaupwbavjwywqazjwm 4672376299 1037565850 3430119902 4169480048 7451599942 277052152
stplrckkljbodjctzkda 8466320676 1021940954 6498299507 7271713574 3460066282 3031080270
mxwruhkkcqzphtilpohghvdz 6878610544 1007742248 7448760505 7495608068 9666684088 6109309084
lsdkzjdjwlukwkssnwb 7547101932 1002511705 8448815992 6241311869 523823950 9498994277
elrggsailivgfg 1948604745 1001944581 53916952 2166198166 187012667 1440946840
oguqbiunpnfxzuzxjjkfdqoq 2582254299 998648080 7727330740 1923306329 2038246700 8110798308
lgizlaewhaeyxldhrzgl 7159642887 993677457 5204524838 5178946907 7851794359 261704656
cltyvwyoudvtumjr 9563518129 990809638 6569082651 9441489821 7948080413 7574522922
lqbocxwcmselhjrhs 6842867511 989663364 9060096189 8643126266 916957736 1207815672
wrrxkwhhctchhspwgrxky 2871096233 983918608 1930847873 6289057276 8963227188 861667244
yhkvbywkgqofnxznroffjyma 6333501534 973192424 2272192015 9241104297 9491644037 8629940019
lh 7443029711 967336797 7607148211 6519232809 7473919428 2867055994
baol 3333607385 925670250 861487432 1892822814 3786161622 6528193344
lxdnjjnkoifetyzamdxhishpbhb 2953434021 921040531 9739708176 5544789811 3374256512 1325351242
onvi 3413893489 919747438 4357015181 8494032286 9219105507 8856237470
wnsqkgbxejzkievdbmcbvaxqcwsw 6923191189 918382612 222156535 2781001021 9478759555 6724214343
bqpfpaddphpizbhplweicvwa 8413360946 913490069 5467928132 2427901207 9277884021 1212131441
lvxdbqsxnymzlh 7297260341 899596475 3996663201 1389410524 4236428566 415270631
inzofkmvmy 9809513841 879320289 88478240 5793282783 382980823 9053638220
vansneoonolskazauc 7331755274 868480936 854055751 3596608576 5984565619 3440982119
plemjztr 7206039660 858240647 5775429293 7773628377 7781382067 595891529
ztc 8343468834 848527770 571700425 3546151617 2005981891 8280842262
wfjwctdmlwpnzimtorwshqmw 5554160467 845715728 9856437997 6621759570 8363600970 7175360576
nryampysljbbouwsol 4117801429 829751344 8621628780 1556922136 4826704010 5290697247
idxnmvwhpwwvpjezdkvzazjtad 3250104931 818958620 533624519 3494025836 8970160210 2025118766
bekovojcpcxcnoppxyakhzbsdftq 4153038090 752918128 6756880898 5759252752 7963697503 4583266866
edkejoanakhouj 3630124457 745648871 5043933617 6550287975 8541187687 4264669283
lenuej 469566415 734837323 7379744505 7513443108 2025335060 4187140604
vfyxlyenyusjozlkmuirb 2231855028 729594989 8542287097 4751768072 2986275643 4925420208
wbzinnltbfnppzrxy 596320120 728340149 4922478594 899053736 9611771385 8557492814
zdhmpercxfda 236872869 718866478 812473806 8801561725 9723997556 8342563082
qvwuyehr 4443291795 698974962 1136177315 8265403230 7048833033 7474083716
adfjsaqibhcz 5152647104 698809089 4445376219 9607492832 759962180 822170577
qhfxsxbirgtutmta 9984708981 694037963 4988168260 262188449 5804837262 6879652796
hyazxvyymqyzznszwpejilgqrts 1646415279 676491883 5243987173 5024120028 7445361612 5550072350
efxvjmzescicvznb 1825010484 675674882 262553361 218262618 938089958 5992124143
zaoqf 3654680164 666431301 2049569690 1474875374 1838602059 5296552778
dreacnxflgululjixofnnfnwvyu 9757600071 647757284 9668578918 4856027216 4088925702 6799572750
mjrnnfxmcv 4886405101 640118443 7921984651 99374835 1879221566 5311744598
vjhigmbvsowibmifnft 4656321367 633316273 2253091259 9704729906 9826788627 7403696956
zxk 1875835494 631731199 3014518671 8028537072 8841982955 9156928283
vroffsgbjmbffjbppygxhqiul 2392814456 631547401 8475277202 1489184224 4955475876 1125727561
uyiktqiujakmueliulry 9263612014 629956427 5380830239 7457975323 2763118205 9073991065
eubhrizialnd 956598156 626468291 4391241160 4295980230 1428458362 3574376858
inllayjoxpkpauckvnh 3479419096 622886833 8983596748 2987029243 6736772028 7350532362
qzeeqcmki 7988379093 588649034 5394892925 1658061317 2950386055 6038147078
joebqjytitgjftilno 1077373262 585687450 731589402 3659386903 4745426900 3404753132
lzhb 867330818 585546156 5943632654 9028699497 6323061373 7629524539
rflbkpjbdikapoz 2348092671 566245505 7536297556 4405012832 6053550279 2507550160
usetyb 1904482772 559473135 57475222 6576567141 9744785473 6228766051
tgakvxywraddairpimtamyu 9296309893 552593569 3360222873 5442915752 9988691896 7192791584
jqvqwiimjii 13123094 533771921 7098155077 2693245927 1092954520 5040681781
npcvvy 3244276391 516147191 3702083446 8870063164 7222741726 3605985986
bhutggbrfqrwteeremqgklxk 1592948342 510041375 8611848216 2708593943 6719610508 1875489319
dryknztbxz 9868154801 505685286 3094241097 6641940174 4063238793 9531913027
hwdcovcifjxagkhuzvavgaqwoycv 3412425177 496583402 2493231717 5934521540 1754225450 7831390252
axpfl 6117808892 487781042 5695339452 3039158107 3146072543 2939275609
gziydnrqhkkptu 7259718801 479957452 6855392219 1313195418 2843490096 4317082739
bmsuivuwbnhxxjwvul 7196592601 477809381 753827633 3776927668 7658973342 8562387007
dnrjuexfnqqfh 7643490699 457015296 70571098 2135392387 342062509 8138010790
wjrrqmjyojbnj 8930329421 446378773 3957021775 8047118379 1231846681 1266750275
ebimtgyxhogbs 9839071595 442814924 2498081834 3078365421 5837018349 6702211310
syflcyynpdavzs 1727174316 433118339 8991767264 4769889314 5254769831 3637035671
vgtavcnfs 4383305688 431801901 810263848 3753744421 9824014336 3892498851
tv 5452519989 428121942 3801207676 5344054874 3680811323 1513176325
xrsfummrupdjxlxopnhwiwygkpum 3211761356 425873398 6277919382 2382466698 6138832347 5696858951
wnlwtiizxmverkhvfsotr 6887340894 404758818 1016869756 6950392353 1754075971 5052633641
lpwcypfenyjpcssh 6149807837 402880044 6419820530 2566893150 5335160676 3509292605
bxm 882248781 343516130 2185390419 7263940047 9169464624 4474494787
iptnrtfzjxsjyebl 3353941162 331608094 5038627583 4518000671 2399559119 6985681602
eazxzavdkhg 138830628 326789412 7367012239 2840884610 720078079 6393625259
jltbcogbxlheamyrqahjmepxvmkyn 4888981925 308233233 7385227402 2181656883 1155217183 1238915520
uvd 526488696 308022784 8567312234 1191069472 1521417241 1205543040
cqamvdvpwfwqudsclooekpnvugui 6900785770 307956560 1522780698 9487779238 8121173637 4103223210
hsnxlwmrqurtzdzfyilejzd 1606765319 300482279 3512294383 5471048355 2914051788 4391089426
dhxxtrvpxkufykhhvcbipeft 4120128332 293744106 1634429670 5684222660 110382120 2162589431
yihsaxjjspamg 7815609738 289714096 5558710168 5487284483 2871693490 539078763
rferthvic 5868043702 278264357 4771846850 3259491502 6605202179 8797686714
jrlplomvppixrwmfbbshjaytat 6549337699 278146976 2615918119 3023244202 709693844 5118294382
gxz 7850256195 263778797 5235421987 5900561614 5781725369 8251619198
dueyzmtlsaueiym 6406180964 257122931 8405882145 1788083434 6003182563 9253322664
rfsvkksyjm 4817256380 247203745 9732859470 7198617642 7593222392 7345558483
rkoyg 5253544524 233951649 5739099841 8292431958 9558026903 3707994768
cjmqxfcmhcpnz 5007459200 227559334 7769147402 777086823 1752818166 6161788783
hhfapktewxgjgohylzq 4536936519 221212049 4113328567 2070797845 6733692880 3974084775
ihjfsie 4701745480 209721865 2028682008 216040151 8948055676 7558261343
bnouwnwoquk 9811518213 193100108 3592362644 3190245092 5938462387 11822727
istmpffj 8015464388 182358954 4160810704 2916775949 2084092927 9037041888
lrkvsqnfcazndcolhzmyvnbicqj 6904548800 180687685 271442100 5258675786 7426312862 7175888773
jtcgyt 3890355189 168169257 6082335117 6840703705 1071404245 8699371719
iwyvunuoathkfzb 6500936328 158302447 627941900 3736072878 4135461790 8779618731
coqsmz 7519049264 154111462 5618860902 3928956537 6403326067 7572630600
qawop 1515285288 146718663 3902867671 7873062517 3906580092 6072171413
dnkadgqaxfnetexxyprqnwtv 3050548581 120178367 5180204935 9426048061 2228090005 4988533874
jhliwcralu 4905881839 119545719 8411637001 3053670994 890468629 7405150276
fwyujpbrzfxixcwernlhit 282962097 115980337 7881463060 2219087185 37326274 4501767342
aonl 6243538712 106664973 7533010106 1084497963 9226384936 7193485415
rhommagdeoxry 4503472993 104261524 2473737712 2679436048 457202750 7397535915
iuyokenrswdmrcohabsypew 5130866167 86954760 6470060364 8340340398 3847914047 1332248757
xvghzlolzjnzomyrpdwpuqgknaes 8648943916 85272800 8713979040 62848533 1609453996 6437391837
hhuxnmkxibuyyyikqzpqsf 7230297259 75221430 3945415157 1915981621 2757080727 5799849796
eygfuriolhdxubfvcm 8542760856 40759241 1696316809 5565742411 1332254937 1791090654
oxbkzcvpucavderuhk 3842088208 34982288 1800320542 9209777022 1811397064 2938245122
areqmxxhdtjn 4646285496 11343107 615274399 4526394994 194127679 7129634898
hpjoy 4444837745 10563965 9327584751 5716621449 844322300 6168198228
eibtvwgqd 9945993018 5482129 7620624276 3651149131 7252103191 1614007504
