1000 140
mndoczuumprcesu 4663419881 6089289859 7614537442 9995279240 1970873377 3775958877
lqvitiigrnifm 5532617470 8586002011 5774867932 9985911791 6454061688 6330176697
pxwhsknuzpze 6176178926 2580036510 305093516 9983920487 8872777579 6322790201
eyaazwz 6844277669 4701000037 865814046 9981336749 4677810840 9698874978
xw 3385567783 603673158 8467237862 9955635503 5283271177 8670876369
hfzyy 9218730109 523027725 568627860 9955177049 2222171586 6444695821
ysmewzfzgrazrkugpjxcobsopjqerh 9689932339 8216712374 1363511366 9946549251 2309210842 9711664188
nfm 2661162407 4713702499 8957744146 9944341472 3961725487 6996704757
jqqrht 9685879920 5562544227 7333436976 9914199035 5715635311 6549874862
sztkezavpgckekjmnbts 8526418124 5186538905 2463712022 9906361359 7944608838 3854993669
dljtn 7713677803 2839291248 6188765230 9888006457 3822699349 7701074230
lw 719445454 4316364666 5517521994 9874144547 5401955206 1207785457
kbkhltceixqpmkimvn 5551819845 9858709240 9229410499 9865669046 6306187835 8981836888
uvxosgubdpaxarr 6826208372 8667736836 6714797852 9835944871 1918629058 613591796
t 6340549301 5207731481 2561067477 9834746272 999953150 9757308606
yqmyuhaiolvubdqguxchkjobsvehi 48407597 2080443699 4204672629 9819622640 9372230204 3089219592
setqiuiizturiwisxxeygob 5914262590 7498899533 5423921435 9819303913 3205307411 467278014
vbfhc 937750684 3455908791 2353001757 9817182918 2335481440 7747661484
faygfakaabjqguiixwdqokctce 4479619217 4188503206 2799073849 9800634353 2997122761 8419782641
fdcxlgfijxwnhntbhcomxgwikntk 2701066658 2160644067 6929401143 9797964743 7125244032 4192360114
qkvrxbjfdgtn 4626722930 5554666190 3092650093 9792595325 6010993944 8287832810
lmsgtksgbrjroaxtax 1539898976 1730752681 1694522320 9776739764 3337437120 6344880734
bftemdsxpnmrgfmlplgcezmkg 3162975454 9633599733 948312264 9775760659 34850528 3119248903
bzpfnkotyguyrxyerqi 207565612 6840190726 9142900265 9774589797 8278474267 409842245
vpwnp 42550608 190161356 1513279594 9756425161 6449120680 1599843360
kg 9018544847 4961215677 7766212213 9754256119 8611171782 1672336068
whfkajqunsuffhrolm 852524160 1004130380 4583727714 9744671617 1278684278 2768118889
gsgv 7634584257 9426561124 8659484476 9738199937 3327126689 9603311720
cqk 7022784385 6626969071 6950903677 9698670496 8333085913 2774911557
mlpvaugv 5195955738 6157965273 751912804 9666517888 9946862566 9107040975
waviqmihmqssrmfnanjptuvlxpcmat 8959110894 2809655120 5840430864 9664562664 5071977737 8562959175
zgbhwwslzwmgcogw 2406393705 5965692251 2792839983 9657996350 9610698016 3512083348
rkkcfrehxyngnpgehtxjia 669044535 1214280477 8400690830 9657427515 5182302871 7348792480
ybievfhixccse 4522645322 5943205904 2492282512 9657382022 7390174879 1590493501
gysjkzwylmuyaueydejidriqd 8346219281 7966534096 4516140244 9653878731 6340238541 1465542369
stuovnkuaixxzunry 1438804164 6380536686 7988499372 9652340901 3904180614 838426975
wsshpbqhwkhywwtkpcdqpd 1955685314 9485358425 9825988400 9651237385 6744815705 7225210824
cmozfgpsplyqvokqfxjnxfv 9192052984 2150518027 6410570604 9650031046 8075610480 5910728429
ysudiexhfmxdtqdccjkyryyal 4455843892 6723855181 2167020140 9648545034 9266851248 7353792256
hpinkislhnmbxgcptiissqquh 2871621643 1896500007 5078536422 9625859103 2204091568 2166533594
qnlyuhjd 8077831496 477840097 6060066395 9615020515 4034251040 561138134
ozfopeqbspmpdemagtyijwi 6487202093 4200806221 1879679367 9589082399 262350455 614876221
triyxbfpvijlobvjaiciugvoqwwrh 3247055616 4682110886 7870850520 9580027789 8307347359 9323419300
tpvkvwwvxifmmxsx 1507647057 9159949844 8101811042 9578110038 7319668206 3245550207
njqbkr 3947224877 6418069799 1841708301 9577980239 1979105521 7471041160
wwepfetozamoktfznui 9980650930 6880796518 5055022762 9574143580 5818358346 1597000365
fosgbxixqizhtjkugwrz 2102367705 6653683933 5538415919 9563929716 4093435530 9043046649
rinrddsxlqbdqgfykpeubz 8055301418 6853421457 4794600207 9560766745 3887013886 6731551429
byzgalepovos 3997018885 1133266106 1901708184 9556293198 312172019 5006124049
jlxbbxsnuaqq 661037298 5154006414 4459024458 9538925760 3479768886 7269439580
kcfgxfuyizbinkzyagjwtbnygfpad 9294946063 718191922 5915978923 9534133754 6300198452 5850825343
jfdbdsubkqownloh 3879074317 3438540186 6659733832 9511139840 9754566553 7228952352
zfrsecmyychyhrvxobji 5392413112 4877772020 3633400513 9445541859 7163223094 4369868396
wrkparsjc 9456002858 2790707468 2954512930 9434617507 3918765030 5560664052
iwvbnjvpjiguxr 9496462784 8079449873 3412676315 9429886184 5820277247 1427183134
whxjayhwdybjcmvxdql 4286485486 827672211 9487791623 9424080070 8816952821 2565075869
ctcxvfl 3191699171 9629113362 2326977914 9411646330 2732360412 9831561931
ywufmpzlusvjyxv 1863250273 5644263549 5479003408 9399057986 1379331677 3508717835
harnifnrxkczrbbczvy 3590168585 7166976040 4011417951 9393765872 9406072250 1409784431
hf 4855689272 599368168 1152115131 9391419598 5042876485 8985449613
jnyeyrjqpnlfwfiuarpocanuxnheyx 7436281758 4917229072 9233033645 9350537915 8962903762 3426166079
fntaz 5388040813 8705595506 2373443351 9349383610 9341899286 2707636380
ree 7834688427 930276173 7118091458 9343006376 5280423114 2071875453
osbexxmqchglly 6267064925 2786752796 9761124830 9313865872 5629051528 419585461
ihxhmtaktpvgkn 7453350637 1288817676 6763862486 9307721938 3110631328 6801467676
bbevqp 994272684 3587065533 8632498794 9302788672 9785055815 2767024824
mhnbwivv 8076178051 3867417669 8364823742 9299154055 8383951332 7656914565
rrvjopkwrgrwrdkdtpjovdd 927654431 5529252328 8481093247 9272636316 3806022991 7742132646
cvubmsxdtiyaiempt 196114452 3593405274 4166133714 9249559961 6619368806 2274300653
bcszwccoetrzcxpuirtxzahdxdalpp 5634238298 5922885847 1436247653 9232894974 3999078837 9877876106
dextiqzrrcbmhxtp 7487921408 7481633211 9342617854 9230618262 4875832292 7000400717
vzhpipdtsbkpxrsktnsteay 3863689354 4481058984 1900045595 9229011861 4018181468 9156430122
sivoqtlostmzcvjpoviqtfvsl 3749094312 8986639766 7870367077 9222805786 6425217567 3313328974
edegmukyvz 8021631798 8092956701 2721770931 9172214738 4593693941 3953464700
kmfnsf 2549892353 6446170852 5114824288 9159424601 8660398002 9551599213
gtfwwkfpbdblfazcbdvh 281779180 9415985547 8997001675 9154387918 192332239 6469441023
awvod 8912304113 4052713027 8328306756 9150968854 8755246733 4461188115
ztgtwvrcbygkkilcmhpaarltlu 1611255594 1465758627 2823708749 9150190949 1680066823 7554463478
wbvylrbopgjodwgd 6436685646 3792945888 1318384440 9134057091 2404465901 4855666460
mnbn 9872714915 1563165251 2873266449 9118607510 7020491912 3118517228
quwljbcmalaegnjsjpwx 5252453643 2024979845 6164129929 9113788008 4731467533 3747443493
lysygfextzbkcmlagiprnmkaocb 3580630682 1097125620 5636567704 9084739294 7974717708 2331432734
rzpstxkzvplpmlfpkhtwneji 3792055367 9362835649 9309024724 9081916549 9260626992 1873943117
xtvgqivrxpeiyxjhu 1158651677 4834746579 8295862021 9068633180 6703071811 4414794882
hdwfsmjlmlaxoyq 7196006699 110473967 9989493165 9049387810 1039844855 1317291612
isivzuvlgbueorlbyef 293295340 2513047396 5122069793 9045679902 6915836320 3818823534
nwqpmkutmd 2551710632 1840784629 6724289447 9035593465 7033482194 6358200046
nutnjwlgjve 3778717556 3369825196 3629451682 9013160945 8171709218 107157452
rncqgwfj 5848172734 1557377630 1764392947 9009898552 2244858377 9945400429
gigy 1009185945 5245860995 3513945999 9008783684 6302365192 9018176201
xdtvppyqu 1273111975 1095200480 3420183642 8989321133 8616131403 4416107426
jqa 5369288299 8482438872 9245799392 8967704983 7034320575 2814053528
pvxtngpfbunzitpolrhzq 5430801293 1174034352 9362828415 8939483197 4294556245 330821408
hlibjct 7419101089 634137691 916555272 8928380974 8019008120 4381131964
lfkmowrdfzpgfewesawfetnwbs 2570861300 7478424970 4290741799 8927146743 4036364158 6380495108
twnlaixvyffosygdjpdwarholkad 6806458439 4613023190 7501180636 8927076052 3922390650 970724553
lvorqgvzpzdchoxcqatusyjsgjp 9779647966 8600479956 5289882510 8925114357 6267020583 916385699
fqvmmpofworjhmnu 3817273599 1932673521 3433642739 8918033118 3228204205 7894573272
qeeeqslnqghnrm 213138788 7162595889 2287832438 8915629116 1727292766 5347896618
onfbmbvjbzjpb 5157127657 4837881666 6790924708 8910860181 5941143130 602638826
queauscjqzucfcsprqqtbabea 2264761622 7325749992 7872356310 8896302811 4598661961 1341136581
rczomgfosxcvsgvpstbfimdr 9638740065 3206911074 1338999002 8887401545 1803581907 3361744928
tkpjbvdxkvt 6499768006 1712927825 9103652857 8884972992 5190711295 5830313591
lmwyeimhilbcyd 330060892 3512035458 8948594935 8864251989 4094626381 472377867
zpxnrypvnbzcyauuxmfeklzzqoy 1469107040 4663659385 9534671667 8849470367 741476184 905998834
nmajqtkhjdimtjlqqvaagcp 1871005995 756337165 3546266980 8840533465 7474531395 6085193343
lecvzdnpvdifeoevgre 9453781651 4552456708 321638505 8838153566 3981449396 2832837378
qdg 5833542239 9475011818 6061671591 8833068933 4384136357 39097945
oolsrfnyzk 354442734 9638637126 9116215891 8831166002 5502237619 8166944801
fmjclgujvslredblylrnwytwpg 3873701532 9239562516 23747360 8824121073 2275785424 883908031
uvkwuskcyrdvanbphche 317005989 5093300167 6033368742 8821872336 495503383 3352615631
tybpes 9321101758 4445529041 596070011 8758210647 1634060201 7505696913
sngrpddwexw 4386896728 6213194437 9180438289 8754837495 769275236 7103111834
fpjxtjkolrakeoyn 3952740811 9395054850 5565873278 8745070578 6077349914 9530976276
ntzarnjq 5137397691 5695509224 7020749628 8736206140 302542753 8124508562
xfopouenw 6492307858 6373516618 3501222206 8734112722 5291293269 4612243310
zjmgwbyptffxmzundrc 8711133799 6766532041 7070550700 8726981739 2296702082 9807944196
pivxhjwmucr 362903168 9678191238 6640304730 8723248620 3804809144 3070562551
tuyforgginpziad 5864681721 7577436931 5750951921 8707239936 7229208275 2950251562
zwfrvcaspqzwpjobixdevpx 8764676851 6128501657 4710760015 8699578972 3034951474 7991928603
jzqqzrm 3544412842 3545613226 1776591966 8692252079 664261344 3171473117
qsiwqotcxylgtwifgzpakk 6691313361 9608399703 758463848 8679714043 8609476355 9336986000
nlnsailxvuuhzye 8113588992 7261401801 146243237 8669553688 5080303963 7125054183
mzieb 3093573283 5001484759 1187047021 8660340410 6500460135 4287320813
gavwuekrgkgfubpjneg 4381966885 7627568930 8868712909 8657370374 2883674002 7520057826
fqprlcpuhyhbjraolhambq 7988663220 140046058 9877882526 8653156784 9743254911 3912589002
zlzkhqsumkrdpdmdlooc 7673242608 9027130919 5606204088 8652518034 7085219054 7448143576
ulenppukgjucfygxmjwvcnlbzrzxc 6894501691 6656205828 9932354413 8642860932 1024700927 801208009
zerlarqwykrkinemo 2389225602 5304731338 3579844143 8639367263 2121420932 1638059749
xecdrwlmsveo 5247293841 9776527927 8631956516 8630237477 7910381662 6916139654
lgkrfpljiyusctemun 9823564885 9953399792 7707957131 8623271702 6044795583 3774351459
jrplgyjpoeeqrfgebklcjcrgnfwuw 1453507362 9157101991 3973449835 8610892062 8935777718 4400290945
npa 3091670954 4449804133 244235521 8578858640 1296800654 5436977042
ycwdfxzc 8542539613 7956116300 3904184660 8576570297 7085621087 2520540916
sxyjwtubofarxbxdzxnwibtktktqw 4980059523 448095751 3585410178 8573365456 753942986 3645724976
xirpochflaynptggthmlxbonxdutw 9021351785 9324988874 1648394601 8571735549 5052833103 9540376773
jjeg 1453315254 7408164095 1564217719 8561570602 684985963 622390232
ieysgkadxobehjrxsdm 2492107851 2446320395 34417586 8549482209 5145677439 4626662775
p 9335629006 6010485568 1749355554 8529283724 2740794748 1124847837
iubyjxztkkscedoraqes 8075689394 5611422221 6270265309 8512436223 1592956705 5803940238
weknujghlzcdaxhwq 2104147041 2509068746 606858045 8496438733 2068669530 1655137215
xza 5479084013 5993523585 7315229231 8474377999 8826790926 8622990776
pmqsdspxzx 4531370867 9224270056 4486437198 8454548077 6965478118 1639386257
ozleaiwsxrdqmsttakobxv 3307326208 3737694327 5282424918 8448351069 3536469153 9202489126
byay 412523520 9067880522 2922032565 8435569607 505251828 2333754354
tabggnk 9084147457 3047087242 2798411004 8431579360 2195337608 9694958421
avw 4522117964 8335584590 6295959143 8427841602 4318724967 492282764
pnqtrna 507536046 4983833909 1702484036 8424194262 5657930034 9489731438
mmqxhrrwustokyycxrnmtz 9739170301 1568914071 4972156827 8420303750 278728698 2439813921
spysjvaxpklzv 8239151657 5261381593 9317666418 8413018828 8885089607 6664737790
uhemegvnvymsxtvgcxrpxsl 9375341909 7653410874 3460426419 8409842035 877001556 4381338198
ocszrzgfzdweiymmqg 788005879 5517620117 7527748807 8405713184 4979484003 8814161780
laogpszlejmzybnmsegudznag 1200262366 8536115626 2722700544 8391855814 999802276 1305907779
eophrxfyzyhvjdbcprxvchmgyxfso 616021403 7141834035 9877498052 8389950298 5928974729 355561589
zhbmki 762492511 781869932 4283761948 8369225014 3466836049 1568738406
bjrvkvgcbivfozbsemcijucnqklg 4149276707 8053187536 8433392296 8347343169 8639307502 7180082701
ehvms 4711705841 6843641443 5054318296 8346787151 2300179617 327628231
aiiocorpiudjqzunfne 6038239350 4876298163 2373873231 8345416501 1242281099 8590932781
fc 1420255940 2253898684 3553482127 8333295274 581369049 5482169603
oktdbdyscczmczrztmhhrxcuuifqgs 1237074372 5181284493 830215103 8325176812 9221531937 4313087333
yoalv 5667491513 5798970470 7070608531 8318207951 7942565632 5045840052
wzxmiiiggxfgnxaqrejexfdd 7112419887 9419248334 5606161417 8316692636 844287743 7121967460
urnemnsbnkfogdvmwnrsvkifgwfbbt 1766912105 8541749425 7165402171 8290060692 1079960338 4241846847
wpnntgksyibnbujedublsob 5572713761 898804943 8241408910 8287208587 494630638 3144664753
gndq 6956230106 6433948447 2668861317 8285207745 3262705790 4777638408
dl 3370473675 2750743659 9016483634 8267796755 6353508798 3244040596
oadyyqvkyjcrmlcmpvauctea 6599807992 1420514888 7412879838 8266300283 1724131692 9350959532
penolqmygvwggof 6579307672 1627861287 6128688347 8263528075 534710550 4544879604
kyhcaac 200182059 7837251354 7298336908 8259500864 1727558793 4210599236
kqfm 3229903660 3564057538 4045972422 8259096720 318390658 7022871103
byzzc 5786074082 1891047126 5808139459 8254732122 6125576304 8164833250
cpxmxwizyzsljmvww 6472820538 3521753029 1079788977 8231641099 4682805541 7252282931
fouyalnshjjvhewrwkpzxvfsrje 984565838 8680526025 6208963892 8224135759 8547365723 9325596586
qescifdyzpjfcvvkhtj 5784554599 6014132337 2966612944 8211605864 6345952682 8271909587
rzibhivnxhjqzzbqentqkb 6351456298 9444988709 1248647063 8198063912 658940817 6464723819
qzsvpcjnkuyzpmdjddgxyhmkgsypmc 5379015359 427580942 2023908799 8184423462 3410844357 971674945
zaovbeqh 3908231481 445467935 177113566 8177285065 5323179751 1768768393
qbygeznjrepcvijwmqadurpu 8455841688 5782411527 8804052453 8151349943 9559435738 305546469
lmwxefpvfj 4927013616 8534186800 8715954126 8146418174 8872441602 4538913070
orkrvjhmtajwpmckursjjargepumj 7845134558 4270454856 3853692727 8146078424 3490198273 871751491
npstgfhghbloizhbqul 3383040441 6395390292 4828361351 8140781107 8622744116 3247487392
xfmaefsuoigntslo 9838426528 6098605135 9634180971 8130593904 3660430784 7959826098
dbssqkjjxvpxqdyvzrrzhycutodlz 7978824627 1072740701 6162499342 8129386568 3857242002 4441479455
lzxegaoqgpajifw 9341552558 9310374165 9782313867 8124782399 9352112477 5577497432
ujdqksmerlupcvyiabfojjsx 6656174264 9880722854 3301497575 8124339168 6281808454 5682670736
bedoopzbwfezklj 6256339731 7189147139 1094907767 8124259444 3356950074 6793582152
iiplyxmnknayibjbqpxrxqgy 4579847233 4283037020 8567154291 8115480657 8933591197 4733564271
nbillikjtymgqnewfhk 9602705118 1992428008 3005180177 8106928458 6037051746 814974508
drlmqkfmaem 3553787852 8913606251 5716832718 8098262942 4754313508 9973261494
elxi 7987648016 8603960032 7818848994 8097743292 2976745546 5043626193
sdjfyfmrbrmw 6005223575 4560878192 1888959306 8097067126 133252840 2190899270
xdfxrvtyb 5995201346 9355309373 3041461853 8090465431 9907284369 306619006
auxknjjsabzacltkebjpyrac 2299027745 9305520984 1810482461 8076143236 2926040078 2666281057
roaxtkgzxtvfuoiknsapbtnqgye 278800434 6981829129 9695698692 8069692387 4397044318 8165493202
zwnlrcqzmwlyjehamuooqhceo 476089390 4633108170 6516373167 8064068127 4652130146 2992373113
modgoye 3087689089 6310674720 2318064990 8044802137 4127955037 2204746492
tbdjkqmedrtcerky 6470208176 8392784090 6829167377 8044143923 5712146664 5115933115
cddgemksctiwpnxwc 1197384892 4448964205 384149372 8025109832 9199689385 5253453705
grhvfdoxuzk 9199698706 9437154908 8921300519 8005875430 2299770642 5427734715
lbmubtxue 3150619575 3414250910 9386089874 7978780519 1681268738 5084097379
gcs 3801543266 3069525512 1814401997 7977533067 1258993200 3770449917
xserilpea 9343867054 715730287 6040577413 7973623619 3225041577 432248982
bcsqamzujilr 1061790570 4473750833 6346035529 7958885063 932769972 8632338439
kivrhgdnmwteqpjxeurnejqaba 2391275977 6781263768 1866604641 7956944316 7827896681 4243161126
gtbfdhaogydydjcpntdj 2799086373 4194895587 6249554013 7947935808 6773799106 6279626971
jyvrkhtlfbdcolaani 411820191 3197782837 976126391 7941814857 2379184424 4062001011
ytbaplmvcyjcy 9837721837 1619418701 9634076651 7928782703 8016793761 4027703631
jgbrvbuktwkbubialluw 5657422901 7546506554 6377182788 7911557910 885890712 4015593482
kcodi 3039695827 6687043588 9437662978 7905113170 5132941161 9868714440
kspjaxvacvsdjqilro 5697000372 128425693 1461363621 7881518230 5906246215 2688948079
jaudafjrmqxya 5218080417 4363303475 959340523 7881013518 4805394571 8842572991
ovtoknhfdu 9897571830 2539532272 4076121986 7869640761 5544528577 5525016303
hrn 4059627435 6362868755 5869093537 7842020629 333746729 5064424478
vliuldsqriwrweamiudhou 6424915630 9362200405 1977138554 7828374218 4663791831 7119386094
gzrfxjjlwgvepydahium 88072019 6537857314 1503326139 7823651545 7578429632 9643964466
tiuvxvksqsfxjyispxvloektqqaw 4334602223 5878984744 928201104 7799984369 1923243742 9422778069
bcxuojeiaarrcygushzdhmial 6288755502 8138409567 5389902973 7792873618 2342409377 9898953224
uk 2962058 9703511717 1559158824 7792238562 1035398882 8835754270
mfhqlgayqttuiltefdfkuohwchvay 5035968623 8000492308 8152930294 7786780972 1553375211 8759975250
cryqwo 1147889430 9118279100 9860944935 7777602946 8009626321 5261337826
cgywttonlozijgaeuln 4283906250 9889181799 8272062882 7777000080 9698249983 9249065278
isvnydzwmjwccisjzfapgomk 6064040476 8924484794 5430058526 7728759488 343329417 5887587702
le 2804810934 4964524508 8331221082 7713544427 8251360732 4995747724
tpa 2309734141 9795387130 9180760684 7695883858 7653152606 1015902432
qrlbpqbwniqwtercdvakze 4450828246 4673765761 5025466325 7682259242 6413124001 6438449436
lhjj 1946342009 8879538395 2070021666 7681177117 9104847481 5141475332
amo 2243478284 5386090996 7893738215 7671093641 4656039326 8385342702
xu 1222535887 5827028967 4830263802 7659290291 713880002 5627063428
bktxbcyouyxb 71119308 2227038017 6457714360 7658044335 4098738155 6123355709
vhqdznxeeag 1658635162 5370276517 7285869890 7636529210 4718559303 7375344568
pf 7415598281 5994098606 6146966888 7622209617 5243593888 3304140945
bbvxbpfpqvuszpvxcblyde 7896351007 4850582641 9856096856 7618095323 9912500280 1071251942
oqlzkqg 5247933616 507840382 1408655938 7592047593 9812976007 9989704831
ee 8658426788 7691533501 2943758541 7591686317 6273461674 2624728895
bwoihg 1188602121 1695388903 6897659853 7574577884 6004409046 3967993941
gciydcuxiihaizpglfvsgoj 9472980245 6709705185 5996478013 7571526710 6377150185 7253607767
cvleg 9566369936 4867588316 7586002402 7542169762 4304612919 8569924766
srxaosolok 7324199500 6850873579 8801151736 7537653502 7042378084 7644849886
sxuxu 6390704735 3942833172 9095270552 7531449368 7218250276 3981998216
gfjmkehvaepapmoptjzakuzbovvh 5600883647 1850294209 864402405 7525117212 7842470285 1438785672
lzngynttaldihyhbhegmzxhs 4040158541 1749556275 3166932102 7524209231 9227286950 5117972630
rsyfqjtqsygvyphidhjfxkjrfwd 130484121 5562756006 7421185148 7494770913 1753305834 3432271897
cdj 4954758889 6677459449 5366410334 7492374778 3155131111 9331033696
ntygdhpanabxcgdquzemazzbv 478803275 4647417216 1089790133 7492244441 3908576968 8077460094
ybhgozsnrnduykavwhztnv 7593872932 1173259248 3281868130 7470615633 1874144885 2679168571
hgfnnml 4873882747 2381258885 6568597161 7469516412 9239969570 5392584570
bschemqe 8930222233 6650448755 906774299 7453861952 918849312 1881356466
dwrn 5530404397 3072470875 2602884361 7445638707 3715219500 5774202591
j 4758414910 3765831304 8299830534 7430206820 4857170075 9908102068
dqgvuzkzbdrjmtcilfntruxpqs 8979532111 3333785164 1444488603 7427060945 8843624989 9428339008
pddbrjexu 8495633063 4401073777 9545564963 7425677003 3435496746 9205747254
vqbhhvbajejjx 4727761711 3895555130 7538931385 7411639917 4136006061 4731765015
jvlxykqkmhdvzldiklvd 8049283215 8021153226 1401948235 7397281917 750223485 128579597
cggxmwnzo 891155161 4329110867 6563496553 7393739807 2430156595 4241772353
kkgtmfzwazfeqqilha 8337035770 5228106394 5078116238 7389657543 232834114 9931087455
yqgswmsghjc 8681268398 3922955167 186367574 7379962476 9183619211 165511179
dfyomnyhfktmgmzgmkddrmyaxbqhjt 5497753546 50792890 4474249230 7373024527 5344738784 867550821
xfmrzqo 6896613251 426637848 3475519151 7372295097 9831750527 6669393579
x 2702208254 4109210159 896091837 7355654815 5692329922 1721813619
hrziiotzefpxsfwlr 4079878118 1636223300 2138608600 7353561186 3744251681 6015433160
mjcetjdhcvskldjuzbtcmcqdvee 8104087980 8813489435 9129668467 7335711441 4809508404 2460223813
ati 3577606294 6601465332 6174102190 7324570203 7014863473 6102125592
tsephzibaaklibrwjjgpimsgbx 5223479033 2758428083 5607118409 7322893203 6791711359 2962453823
rwkkwsotxvvevt 9301037138 4043415265 6374858864 7317600648 9856743803 5318348912
euf 3402459722 1638029806 6211318751 7308795453 8117705206 3991061367
o 6140714444 495511440 997745820 7299262993 1852304817 8659352109
gvaepyznwsme 5550218723 8846109556 888914923 7291926929 993884165 2034784165
doinsnwhnvqjteebbmyqwcyb 6287455744 5436412704 3130326850 7282878328 66323067 1773844012
ljr 8127820131 5056668690 6927370905 7271359289 7026413973 4146523836
olr 5925384231 4410227461 2856522838 7257762970 8927729919 174106135
cmrvsfhholylwnagftgl 6814464497 1354834187 1031575217 7226370060 1844668122 2787325638
qpvjuehcwkt 1180679443 3293468093 6633831529 7211838998 4195703774 103079940
z 3829180613 4657771170 2259920786 7206882764 1688044187 5653897420
jpbwgw 9673264354 2381176963 3601046592 7205539316 446985649 912026834
jofrvcgfjqjfprzrqebjkmyuxxnj 8909026154 670145015 3760194278 7200729569 9784399745 5517984549
zyrkipbrhpjaym 5619898622 5450269468 9441176155 7196696651 1180677854 800143165
eigxidreofgp 9075683274 3942235124 6999562961 7175861698 1787923458 7400936734
blvvkvznblhuhpqhsytzuhkmymmw 5146952940 5071579707 1437825038 7171075681 8150474685 3796082123
grqnuqxepxncv 727810103 3884828946 6416247409 7168985261 5172316685 396192999
rvltsywxboaqlmmi 193684761 9050371451 4661485939 7167303411 3589487372 6366350617
fvbzojsjitpaffqhrwkzpmpr 4201523131 6086280228 9120077994 7149867002 861096965 4712510667
xzkrpgnwx 5310672960 2034588108 494054156 7105389092 3041409816 4839415316
kzqayvvfecaiodhxlbtekmr 1559653649 8928759243 6580583516 7105325649 40746910 5898634116
ccmdjhrfmihv 7859869742 3351156373 2056152379 7103359315 2696690250 2123652403
lqzlwy 7769643460 7541377281 4190281477 7099829833 802866593 2874569311
zodqzcgwzlweylcnoz 6133767427 101442523 6251714211 7097687045 7724061158 2902774850
hpcvzln 5903902080 1586674488 8834284977 7091698328 8469495201 6152464422
gwryfuzoqnoxhrchhgphpt 5751532637 2466602740 1415356081 7078310450 47405855 9534759706
gcktotyccmabmwtarwbv 4224933791 9473802407 7162154908 7073844640 6166372516 9923386662
xsqcrsrfearsvvdiezqzwzuuleto 7201368932 2557995086 1752938378 7071531591 2956035503 8766692516
ugdmjjlmlwruyqvyetkv 6074024518 5933147187 8584099777 7068976069 8796924507 9906958598
ehwbjitkvajwvfihzqojncymaqn 716488124 4328333236 7862866251 7055975398 5870159401 7423955444
mpoxnrffcmbzmowkibbafas 9886962219 5403172746 4610336395 7042779812 3171900779 2185326741
wjnirrifzgrtrqsrwnvagydkb 365564169 8646243670 9453979433 7030927921 5785631660 1547008321
zdicwuwkwbnootpoqcbitagmynoapg 8550547624 4811721937 9783618858 7019789670 4642055600 8897745726
castwwwr 1148768523 9705177237 1577261250 7012417479 3288258625 2990355818
mdmrdlhocejquwa 5448240458 8258511665 8608480361 7012146756 6705028830 6689462376
ffkfbtdnkeomczgtcflnonpdxk 2720167986 3451899584 9667053998 7000180196 13619694 6807285027
sbafidcazkicnosxihxpxcdhzce 2619514792 8193034903 2156821642 6963930507 6840045628 4882515021
csmjgsiuhcbbkfgfr 2643583956 4582369700 1258106415 6923655865 7978218528 4203765303
pj 5553064154 3826715297 9427776102 6915282693 823058600 4177252868
kihyxkykmggclgjoohgkygfibz 8617331519 6300152058 8322198624 6910670532 8438895830 825139818
ioqaaierattglzfwehcfvg 5732476150 6232468649 822252130 6896351489 1569356125 5124436446
kqcqkbzsaqncbepzrylvfviniq 466326177 3048845100 6773018111 6882158832 7952134559 4900091822
ijvdvcdpncaywuokazedbcyhiu 2555747925 7341649264 2087838381 6871813418 1792427501 2788276274
jfowlmuymphmglq 3731340322 1639837720 7249714017 6856142322 4489352945 5975032222
fzojlorqfagxbyahsxoicwnzvax 6683323488 2187313109 2806582691 6846956989 9400402799 3524291248
fbtubuyoolml 9782108557 9740616284 6284095630 6844814268 2400077489 4176560630
lglruuxazxbgjdsmf 3340752441 6506782669 1830943830 6833703051 79933548 2946285463
dzdxefsqcgbfrqp 6536868204 8525211454 5818155 6805601278 7124574877 7548365953
jzkjwqqezhoi 9181572858 4506145702 2938862668 6805014543 3808372703 8723347363
vxqroiuzlqixgzaj 8247695135 8798817432 912170620 6773955561 9661210669 4814502970
oabqmlvli 530763500 5537240489 1869021695 6769247267 3499951677 593333889
ynlmvoaguklrnnujlrbguardhy 903168703 771645458 6060967312 6759114716 8626857636 318920370
cpurhbjcnt 4486411232 1841344646 7000698812 6758394003 5308390500 6078292388
uzbw 4639059180 846724425 4964031591 6757816560 9511683729 9669372061
pfiakqo 8522974268 9646772637 8022142803 6741566412 7319934392 3549902278
jfkftihkrebqqdlipqrpdtw 1413107734 3216543686 2790759531 6729689426 570593799 3207600859
mghlnseuwesawyjfiut 9770500473 1729409198 3592895191 6727821938 2440251641 1855618022
nuptwtlpod 3165283326 7905985790 4878875797 6723718623 9719813358 7037342026
mcfurnfvybgyolespaw 571707605 1910290611 6978116773 6722657338 4108660417 2150545078
iz 7196833198 1013587395 7874486507 6700388322 8047622445 1212070135
sulqwxmxvsntjdefsvjmw 547596215 9177879154 6020449289 6699612431 8503606927 976744412
ynmrjtvdtiotwiucrxhtqwviklnlgk 2692741197 4440518713 4097112472 6693732897 9038127162 8162457890
hhbxzm 8115827284 3064856797 7593615811 6693489829 6857867709 6861245133
ukfnrersxzopfekperqafxszd 9634541046 1313126213 215374980 6688055740 872310004 9620640608
iuihefcaox 6085961873 4122227680 290674401 6684882471 9601287538 1406871794
nawglmxyzjrqpw 2770474582 2837856651 2178402993 6678450079 3276254811 9987726613
gldggaswmzkualwuraj 9767801686 6735159859 1891471939 6675298036 4153598421 5881390979
sbxeurdxdepetzbdtozsuujfqsst 8840755736 5406132084 7829760057 6675030212 5071913743 8553764614
thjrff 1105415359 3427042114 1471127890 6674111399 792779269 5308167574
nfzmeybcvkjmuxc 8249120482 5630600269 4054802307 6666849061 4417930650 969384649
uhlspheklnbyqdx 5038526254 1088840640 202976109 6664141620 7692924863 6080359239
pwav 1347454856 9312315262 6805674127 6655594522 532877041 2571561492
inknueyil 3213131513 7908915496 2197331068 6646812421 3718868252 6497623747
rzqoerzsfkkz 9774089882 2956920333 5802707037 6633772926 3056096388 3844321941
cvwzeqisdtehsboxkfqqcopmbuxlt 7888781352 1872331979 9129313481 6632648739 9087928354 6497286917
uciryqejpsrwhdrasuuwbxn 5045629343 4775541053 7984511345 6605322164 5735576328 4095598306
zyjlkktrarix 6782563737 8095104385 8408549630 6589779885 2605793902 1157763367
aolttfditmgadykeolutgny 2104658573 4468221054 8221404018 6582640447 1293306212 7410741020
dwoxnvzlldsxwwkblk 9144304532 1039977952 6376371604 6582553489 6020785624 3737385046
kppdo 890044745 8853672253 1640118966 6580734775 6321591978 2206462810
vfgf 2135585873 279538916 9764941713 6577579978 2016373565 2357492404
xjphjduheuieyyocqhozxmlgqmbkj 9088449219 4409502152 7075097068 6520689540 6198578355 7725650794
hkndbwlyftqcbmwsjrhiat 1680093558 4054378713 7470678917 6515622022 2428546740 8312136021
dncmochvhiwcjm 1613004986 6886606482 6997651013 6511652504 5923752654 9323271830
hafeac 6825408086 7062027052 2361081852 6506220020 3808959304 476107820
dphzretkkue 2466861165 5558481626 4617201496 6505742868 9180151779 4521013022
wezrxkpqieoqusrkuouhiugqwmvc 8299020062 3252807861 3630385339 6505601636 1152962999 9703351587
pogohjvrckgfgfvokxapdazzopsd 5646450762 9385282730 7076493885 6503352374 3552216234 787905932
hmut 2888410886 4479882965 9829409244 6500302661 2422579791 3549086182
xj 9824490224 8133059160 459887642 6495532406 1647245419 9372606151
uejzjitkn 9840366796 1833326142 1563922426 6488947636 1462399770 3809285384
d 98642182 3624785091 143492569 6481827047 6555392576 7670197379
gviigyeeexhwxyyvxbreadplcbzz 4025814154 2403175668 6929316610 6458571765 9428651285 2785020317
lagiiqqedpqjnrbbymjvqytan 5348006971 8569626003 9221242379 6451927857 8068874896 3599143479
encgmuivnmwqwxfgep 8774649867 2115997153 6408440378 6450858966 8822987004 2882627398
mzpftynlbchchvqtwx 564783962 6058984293 1328268386 6450462045 4981318284 4093659976
cvdoqdhdgoevii 82683828 9349778100 152471636 6444014843 9373374432 9201946409
dxkghwlkqjbybdhjlzg 5908176023 2099490978 4714390478 6441819693 9081926967 103778120
bqdmnsvbvoyjgketksksldj 606730695 9025972963 1730955924 6441442286 759079355 6542742979
hvzxjbazhpdojfizbkcgbmg 3273666348 311661839 587823386 6421529984 3471452836 7832876186
bwiembncnk 9728196340 3893411952 4862134264 6408934260 5990480682 5488678199
lykurpchfzljiqsqhbxbaywdaalmuq 8184274498 7924519951 2771064359 6393635240 4218205227 7691507921
yubinxnxdpy 8169736820 1813527671 1845505687 6381730406 8384691583 7265525404
qozgrwujt 7459123743 6439392722 7823584773 6373896687 1159214958 4708990566
sxkmxfitpbksqyulyowqlhkqmiu 6294176588 5448942958 8534575776 6371721391 4030501261 314289970
ggqdwnqicspvh 3536725305 5348778352 8089977270 6360695830 6422937821 5032306207
ezyfmmekjowkvlamildzxdfekcub 3344158079 1266027685 5288399117 6359101958 9675769963 1881421411
gsjezniknxkywioncamrdlaxqvbp 5713996400 1252860749 2996476724 6356313523 6530547754 4419580785
xnxwffbuoidyqykxakysknsag 3087941941 9845068321 6479386531 6355296444 8811091117 692716263
tqiipgxlbp 5234444210 9072316488 8694897113 6354414426 3324756039 6644268036
rvwp 2949681028 9670244396 65459473 6333142407 9663422787 2062346825
utemacolpktipbcl 2686660887 2423963345 8226689167 6332083955 7846792893 9738062592
ehconjaxsvvzxiu 6410583796 8725647625 856603710 6298952648 7757165456 488418915
vbpkllvrfrbqbn 7381242697 1653370419 4138959698 6292194080 8445116308 728827016
eibi 8894291608 736521611 4182593407 6273036335 9919246611 9646235737
tdqrwldskjwdkjcbs 1499148365 6637049884 2037527402 6259485179 7049977426 1995515897
ukkpsdykkdwfheg 1379690354 4477975095 364418702 6256346171 3187726774 4377476878
ytytthrgyruusrileil 3434773837 4959250302 5945841205 6256240202 9485315670 7725905108
wflpazgdvtxciaepevvh 5560158817 6320654176 25934739 6243949660 984044634 6557204878
rvxmjvihtxcnf 4648155750 1181088352 8004495825 6220405057 1021556216 7405376150
ghayvhtmhqnpxcqdgzxqjaapdaz 1564560197 2981284724 1055591824 6205757751 505704182 3021200601
fdixyplrspjepwpnvsqwdcxtxj 9186167779 8282591175 5214954296 6182009948 6961345062 5786422795
vxdvashnpn 9455264836 2046144910 1178630967 6176118560 5772890211 1740147963
eu 2723988531 1225169626 293794272 6172286999 493353933 659418982
hb 7466235065 5385264905 5669791729 6168756903 1495987510 4843494069
zdtqxscbzbnpaszjfxktrktho 7665629877 4573147681 1796028824 6149788489 8834328005 3195123627
kevqypwja 6775747342 5401766850 9078615197 6138300972 4379401121 9052360923
fkgmtwceurvkzzzhbw 8068859781 9302599541 240033491 6125565065 8284072216 4837418973
stxsqaxgtlyyzchhitkmhtlvrva 2659391123 1576405347 8734533158 6123301916 3063011747 5050021721
vdfmtqsagwrjmoivckmfhtlh 7891645112 7552071286 3846059252 6094068664 8935259802 5426238828
xcdgmxcxnwep 4847371121 8117296320 8651124203 6082777468 9891483518 8076298444
luuxbfbmuxxzvghldqipdtflgiwcs 2035892334 5462211560 1563104355 6050833877 1276108167 8878880389
bmyiadkmhnraeph 4433016117 3271025862 2268245183 6038824933 525525322 4878800701
udqggqksyvziqvalwg 965119573 9783825409 6044970082 6026095537 1367095624 7066494533
rbahvjbywypodriygyvbrsj 399082601 4968293251 1716806802 6018543207 1344457487 9772701009
vdhstuyclpktieehxeotkzt 4915661341 9782161315 9234026868 5995039466 5341949966 2927355850
va 3692856997 3624097593 6739021789 5963388152 3354638370 9894740436
tk 262189168 5735152672 6737351537 5963281990 8621446283 3091506559
ydkkts 5730644888 2882804722 7542251263 5958411234 594021531 3399738816
oquvnylaiqyznsbb 8881649734 4604904570 8269937890 5950424545 897892751 7306134051
ba 9957377908 7241652424 6494920521 5944991985 2098825991 9963319676
vylvubuaxk 1820794945 9954051759 3914688295 5935750609 69015827 7064586225
yxxdfgeqn 3792759627 9555214156 2973560883 5932569754 2534624356 1925343396
xoaejpfszqhlikwjeeo 7072432407 6421446150 1298893244 5930807884 6651477194 8900151732
gxikwjnpf 3023352154 9571420127 2632293896 5929396789 134350163 1765657168
gcwjbqnqjzstr 336211507 7331363151 5173810926 5928252462 2931423967 3727692454
xatdg 3791043171 8719681345 7286034029 5926457138 3939532696 6877518122
vcfowknhgvuny 1407058799 1512751453 269480145 5915804262 3283052391 7290283402
osamnbvxj 3952357265 4060258878 6404498849 5911329225 6810573264 3615898607
fuuagpf 898302279 6951808239 2129838961 5903957574 1527582215 7520230051
sjctuvimesmuuwq 4917462943 3875658668 6873706518 5903913241 1323993185 6243960514
cnkak 4543193748 6600390305 7016739015 5898074453 4774093345 8069396571
zvspsbhewkcunifuk 1467873797 9126373046 3637627282 5854306215 2192611082 308301330
quweicucqf 1273529865 210120611 2300136954 5853389412 2723528339 8098435421
utgzz 1352190555 8208731776 1346849328 5852261457 2484149568 1278627191
buwspjqqkadubmdozbgdnnnkikxd 6022562356 1639876715 311537472 5850495210 2040964290 4691988706
quzzpeliqmkvtkxwwn 3578402302 4621064784 4988218980 5825559921 6161619870 5150960199
ytjccbobcjs 3848878161 2809863113 8277462081 5818186824 9637427770 3959926925
tilykrogfwfvhohsbgvxbsdkh 5167917750 9634965111 5551335057 5799917075 4453911659 833717793
coim 5804607358 2770004422 3566866389 5798579994 1125162231 6825608609
gzzplhftpqtwoxgitlyfukqtxttu 3360337388 3684127118 1207639950 5798281564 6924041351 4521782979
qwfqus 9072504981 4890230185 1123088267 5796132644 2719383245 2316902383
rfia 147927606 9105247034 4419028864 5788251880 8262378750 6977361142
qhixbqjilnfeavywnwem 1074962570 2905919155 8720460963 5781741604 2096522241 1801543503
cnpcibmyjixjjdkkwepmljzaieh 9541396685 9717509589 9628812235 5770188638 674464245 490632335
qzkvejbwy 6683179364 9932896548 5293295250 5755320346 3858642888 5056291596
htxhqjwr 7815140806 9155250529 9093534701 5754042608 4523352038 698928389
luwzu 6611979470 5608163959 5883011403 5723546314 1382479101 6739739682
issjzhtqpdqiruscxylinvzzw 4534874335 9565232137 9334234748 5723045890 7453599154 4579479977
etfc 344444619 3848406629 9100120640 5714496949 439736814 4006596679
cyblbvuriz 6631487313 5868586762 5231153620 5712773921 6229351966 5575488525
teivhnxcvuyjgmmfztthswnmju 4914930582 7589164560 4022895838 5704966202 9321368100 7615744660
dxpyfmatwtjs 5149513145 6881421085 1764607049 5702245832 7593456390 2978507167
csqyjadbnqcxwvzznfktwfgywj 1176956885 7547189811 7692487254 5701010633 9333527027 2662256701
rowzylfbhadyurk 4472203700 5414883942 245626216 5700900451 3653326636 6850524119
ztosne 1568680828 1090673227 3929921467 5689093635 6131976612 6253864153
anupfbadq 909821030 5187434751 9412592468 5679843137 4313672530 3784226481
nuflxbrmanwphqxgblaubwdenjtfzn 5839488373 5248952214 936953477 5672132738 8422598638 1955530702
jakbsxts 152826464 3761322541 7239276831 5663038264 4181514851 5570028132
batpukehnfqzjyewjysqttgsjae 299018237 3499048035 4116531166 5658480568 4025620526 5653889727
yj 1177874964 3015028233 5569087237 5649486861 6058234357 4612903475
qyjbzlbrmzrefggsjlv 9584642209 212801225 8499157797 5639834273 5255583612 7235824152
ynurehx 3599629994 3878289905 8585645977 5632635376 7201714569 2087755447
fbbuyikbqxxkby 1963533037 818888368 5013019390 5631928514 6083638805 9207807058
mzkafruiumcqxyfwtdkothmar 8866885357 3783639993 6522968475 5617526679 1871847957 534990408
dfsmhe 5986186208 5991673203 7052194065 5606609605 2186527737 14310337
qqtzvulyuxsi 6127621690 1758792305 4800947994 5601273857 5856345915 2620240788
vtaobvnbqrodtcnqzesflcyruvhq 855671462 7827013874 3808752118 5598317119 7146037827 8829704385
xfutsqucajhcaareakijngbpazsz 7864996766 5649605380 9597208141 5592997865 8013810455 4671002827
lupx 1931936717 7761740476 4478900916 5591753515 1353568642 3793977160
yebzrbeop 8608920061 5207246317 2221145164 5582244565 1044474260 1390570411
igqdiqhrmo 1165867085 2603168577 5876394626 5578243086 3015270005 7882653502
ztnujanxpdavyoijmpijdmkhrdpsa 6173914862 4308420899 2557753457 5572926194 648113230 7131934526
chslxsnxyfobpo 7956552312 7460804863 5512188152 5533967661 5099018280 4962706721
maegjhrvznjazdou 2549682042 3481112102 8017939686 5485425302 917815675 8196088953
lxwaxgieuwvtcmnjhwvxvd 2330553496 5669451558 9052359731 5476215344 4327131896 6911032744
dbargbcpdlmffdvgcdovbqspxx 3491662612 8027463366 9418887586 5472534202 3214979010 1539601301
yrwllkhmvxjzlhdib 6575002082 7817105618 5106247838 5467166396 9164605977 3377468371
cjncgedsygjkxmfwrhpimxey 2758836122 3567767069 3883960723 5464410964 9643058694 605033402
fftjjeur 8083670278 9095317963 5611901671 5462942166 6875296618 37229077
wotxvthugyanlepbqfvug 8827540649 3244108172 1382691217 5456014437 3068729688 6360997631
vcglbvkjbisb 6596807064 2826126233 120869592 5424078558 6758951808 4981800747
ocwyryieayrgyo 6511646824 1546289981 9373320138 5408659363 3580953762 6935502900
xlnqwiacjesaphezbmuvnrznnejhya 2308513582 2743950162 6203781021 5408075098 6146785832 7504378548
dujrcqtusmlnupmsg 7445103941 6736532835 3434416890 5391936607 3309791533 6128139869
maarxuzeoixmlnrqx 8716610636 6679042324 424891004 5350118968 86636772 5440931440
spapwlrdqbcdqpablfneddhandykn 8565092960 2342055400 9817811321 5346389510 274712074 3751196118
grylzxeumeiehnklituncqfatzidyf 256361036 9077386492 6290469148 5344085192 9848834276 7826037010
psolnzcy 107719844 7238989001 5422939870 5318763287 7286551456 3355197096
clwqziaukvfio 2291546398 6060646317 5451538084 5315547955 7868590095 4388053396
dlrpwqbcowfpjghnhluubzpndd 4942381648 3969170890 1293894252 5310791465 5409761074 2030074469
xfpncjcdphzx 401085278 5088566895 2860668636 5296320599 1300011551 4491157394
yvuaelswailio 5296858106 7201514272 1268872400 5292996456 5401026858 3477027001
jbsohsvsbdoimjedumwtxo 1795855137 1878876524 277654625 5280277383 5898001282 7873398017
iuzyda 1791775811 145775164 4315137318 5273223976 7484556546 2713158336
ykexjsmxfjfjd 8454469146 8067675868 7172506955 5268116280 5425487005 7073418380
ltxogpgkicfembjujqiyxigoptab 4665890874 795942405 2767228756 5266259513 994503676 9441832684
phvmazhjlooiqtopc 7547222962 8299662141 9234260706 5252020463 8973386825 1884250729
hxfaugbkcsvmvuio 9616757243 5452284383 7703318314 5251007969 4196589997 7007085430
zbjxnannmdwmexyumzebgxxtthb 4832394537 5003281565 3398037427 5247231450 4881706036 7056353707
kcyrzjbgvgdjufmmwifgrbolcyq 2788921765 8097643062 5327696650 5241270572 6239024679 3570602595
xzxxjafrgdjhwnyyjpgqpf 6177934672 164471055 4746587808 5211871305 305571562 3269768550
ynefqzqpfsfpe 2024987982 2081360656 5299742828 5189464773 994265583 2141759637
strpozwda 6343627953 8499174839 3822612180 5150937865 4298040628 2974270625
apxbeigrqntxxymayfvadjryqk 1276833010 6097368813 1928951345 5135595181 9399912166 9769621834
lcxrewxnnbdzkcgtmlezwcbdo 6950448043 3139478975 5976615398 5125846245 8045432517 4526137376
xpihifetdfdjxrpcvpdysfqhe 9341856403 9787316331 5798438587 5115542097 2612064076 5535283627
uuarlevlwgbezdlsnhum 4070134045 7126853761 3261245111 5114493914 4217125689 2471844357
fyjnmudxfamjpxcgjiygmaxgl 9344148970 4959960999 1005442424 5095150652 8077508181 1753478895
bwfgmtlgmgufjkpessuc 9698376847 9831885225 6177665389 5087008395 6993358331 5438795511
aeceyfvfcy 1435955287 1147031989 8167294275 5067043472 2753301429 6309796849
rgwkvjagzbbuyutmeaycs 9510033841 8495075806 748787608 5063198076 6246793284 6579419557
ueuzvxkkumxztfbhjbcbdgljdsz 1652441662 2994334060 5462283096 5050867965 1488885416 288322292
ubxfogirgkfppicdcpdsapixldvc 4102054420 6272375530 1629834767 5042203813 1058887955 9046693272
xo 7612849557 2095284770 192224389 5036509383 1677792873 4435283681
ixkxmqaqudrwertxgyasud 5501099373 1664493541 4597249398 5025118473 8273091775 3119400039
izxahfx 3388572710 9123282296 931162940 5025042654 155602920 2552055542
qnfwpfkqccsbmqnox 9815654475 8268245853 8668744967 5018548669 4047534892 4234123060
tqnmbaicdseokozxiemqjdofxxikha 6885700167 798501523 4881007520 5012744821 1090790779 101682406
khnjamapbrqwtmtbbjdgi 6459738753 5540802491 301072796 5001947077 4564538902 3520874092
egos 4743312986 5641811381 1757158482 4995370034 4253919775 6370724561
kftyggibcyizphujdepfiwdrb 2848427198 588134828 1292290932 4991965815 9235601195 5681130738
hqzqixvtestqjddmhi 8634358044 3416965359 7499598233 4982408567 6541023017 8089177279
sgbmdpturlfpkwn 2790993162 1019446488 8287192610 4975846396 5733765646 3851019514
mjbthmfhu 321620252 1386216467 5896459424 4958661928 9835248518 8913082120
sfebarcxsdnnidcskugd 468930718 8915946842 9072464446 4953020351 9404749781 3288460312
xfqmrrquec 9458081485 1858939487 8679305362 4940930156 5003320560 1237868874
dkrudqjeawjvfw 7914762202 7617885595 5399715380 4936108172 6648773899 9332352657
izrflausyddrvqu 6104402381 1735034642 8711215140 4919818826 7053846268 7459395313
sllbymmmmxmzwxxdqbeuptinpvb 7668657458 5204774597 3854779741 4899548288 1157699240 7049759289
jxt 4706170958 6932572651 4522496354 4891058674 6964696443 3320053332
maamcxn 1414886990 562387759 2482676601 4886528653 3189231227 349877050
e 5397618646 5378761757 7774829609 4864431663 3597029709 6314275964
xovhhmqsfnekldszyodtgnroxf 6552475486 6809018765 3421303088 4854591873 2612580888 4679717110
tw 9893970432 9429593415 2206492658 4836351638 3000419952 3525311989
puaeozhfg 7968687492 6960596621 6111455002 4809548257 8835097986 1803067324
kc 8243544754 9940960076 5164947568 4797051238 3217378956 2839699155
lrgs 297107909 8712405001 6654260661 4794106035 8523966526 2145352050
lrwxe 7503802765 9879321811 4656114116 4785057692 3435457816 227363460
llqu 9093967126 7442949029 2708266575 4777272175 1715479407 1598044552
pmgjudsgygt 295936152 1370919111 5166273857 4776064642 6501309283 1480828965
cowtdpra 954509239 2972424081 8698395865 4775780942 1621478617 9232473556
umuucghkfssrtofvooa 9340695351 4744367832 520122792 4761612213 44282776 5876683352
damiowpvo 2151942555 3417067182 3548143261 4717774572 1147314531 1877923211
gh 6184830545 9190016446 21813334 4708652587 6260259053 955261124
fxchsxgxplgcurvycvcadhvkldv 1994469326 181498842 8619662196 4682777663 6111048581 269757344
ohindeaoqch 7779114756 3941321505 5241686320 4676196553 4667450512 5835195522
rd 4149813087 3034002311 9019892817 4671275907 8773684750 7614195564
nhyjouopcqqx 7272167705 3446338670 7518843391 4667521479 6820490771 7615182535
jwvwmfczuqmo 3132983600 2117379107 7120974401 4662532087 554022934 3839022717
iuszryuf 1677914910 212121217 5227260904 4656175872 3668078509 8000344526
nbkfcejpdxrmjbs 2000973267 3850685071 4451698677 4646184622 5944831583 6336307300
erqzzo 1034057516 4249958433 8949187007 4622297940 8525786005 221904709
inkorjkangfkqjzyacoyykfnoqqqm 5030606180 3403293101 3480315423 4616223911 8119644333 4985675032
obadhqwlgxxue 5777784713 103083610 5547572595 4611263239 7530416153 7947508708
veg 6436624865 5822935385 706824699 4583457019 445253962 5702454749
rdamuoguyhyy 8951706210 1747703083 2758694643 4575818281 4198152057 6631922159
xnpvfquyqbznp 6841042963 7640530832 9912796550 4559443379 8306344475 9356429253
byvloqcab 3181712315 8442999502 697879923 4533941524 7500785284 3705822670
texw 5224815299 5872060967 1682788473 4513668236 8772632287 5912804444
pp 5570985530 2385552574 7697734262 4507654894 5678501356 4880814277
uibmjbjgnmag 2270438152 9544765633 3466824749 4494584927 4321415245 9887276129
zdpzjpbaxte 4046993202 8068738402 6568843646 4480548515 8238387862 5570083839
cxjwlmzofysevbbgghpcosvfai 9994080810 5774112652 7580648618 4457348622 2821066609 2033500871
xuunkiwiqeqqisla 7158491934 7481313637 1050296610 4457089236 5632329216 8698563935
qbhitpjtsmzzdzsw 2564390890 3450091069 8706506550 4454530392 427681544 5034885276
urdwdpxwqdmsiuiyrifxogfvd 5313367006 1695344591 8383831015 4454267174 2543093517 4491927869
erymmnyjqhblaotntrmpdzphmts 5403175920 9132625588 8810759871 4454110086 139032254 4226219515
nnabwg 1659029245 8691613112 5755504179 4440906785 7754468716 2272801844
pmj 7657763103 9349790894 6782768179 4431180182 7424769560 7414566642
nijl 1128210678 1200624328 1876070133 4427557020 172142283 878544297
xkaildkrvnwizbggy 1384855838 7520546492 2729750385 4414829549 2165734070 9547489363
arpecwh 8539749761 657494292 4145651469 4412357009 7114318229 7776333408
dfbzlrnbkqudoezr 72524746 1124649293 4961981904 4403318782 1704440452 4013366687
yontqwqtasldizvdboyhgydfd 6213040375 8304746531 6209742958 4396267132 9590640665 4327242537
rhhfhdujuuvcjhrktfyrgxcgedvp 9123311512 3877476417 1553637922 4389321242 866062159 2055420581
jglcawludcrxtwizkroqgesgfwiwt 4079785167 4650028911 6612716091 4386722954 2516419678 9833163132
tfbzpfa 7714260797 4777863224 3927616953 4375168972 9708333327 1938758952
dyrecgzqnbhrtqpfydevirn 713536177 4562631242 4031091501 4374845142 4813416044 3969772999
byiqeutfvrwecyqmtflryw 9271658922 4561541972 1796018822 4364939857 7461199821 2262209923
yaitifg 2368920867 414834354 4978815731 4360354917 286220386 8732811519
yehpkrqs 936534580 9779970682 9582306118 4346201123 8404107082 9199950962
ndsf 610771137 5747155654 4391953131 4344637178 9073634350 9595366659
djd 2982582915 2352452528 5284898438 4344222327 3734644293 5720612347
gldawssobkmivl 229366233 1794162483 6271949645 4338213948 4857484363 64754931
ihptxziqqjrobm 3996987675 2062672462 9212825590 4337135450 4339646678 2431318897
wzctwvprpykmhaxvtjsbesjsrfvmr 44879598 1385042679 9926854520 4337062645 1073911312 9228012392
uiavojaquhthhpdojhzm 1429930813 387885396 214509526 4309258464 2048285287 4596741814
zydlydheyx 8996698992 3174641800 7029338124 4297295854 5762658988 1826308805
rmulumibahyllzdwvqiitbrungty 312736722 4184474053 5794756787 4292108936 4833577881 5144071520
bysgznykwatk 9287184039 3071090173 4316092644 4274988016 6031076873 3010469177
zqgivbiefyoqjqrtjepqdeladxkurf 6729683936 8722544068 7793964337 4248502480 8056586092 4588423675
nmdullxsngxzh 8800553074 6112259165 2893998618 4243667483 7844197265 7834745798
iavcxxhmcryhskyx 4112185197 6589847911 767169450 4233811238 1976935767 4777250539
hlvzmnjsssjlnqezptuepmv 3965075268 2976350060 132778299 4231250918 9827186623 8116392163
xxcrmmzxgxbqlpsul 9201696831 9921675596 3243356679 4223010085 7677289838 2596867913
gvjifigpuhqr 9014707429 4013341216 1591781218 4220126930 1057893442 151667248
jrwgwcmdcfqgotrhkwcomb 338375207 6142803568 6851360719 4183227938 8849622602 2365189293
dmchkwfzaolvyqqurdoqik 8431066491 1463824950 2287016543 4182925351 5832294173 7327182442
ozxwjdakwoy 1845234598 6251620932 3439321004 4178931489 1152206120 9906086842
jcr 9646956326 5566365805 780986165 4154127555 4977675154 6633447547
tpvbvpeedjbdwlcrmmjoxxy 7295169759 7453282352 4892184227 4138503311 6227030311 6253823756
xemlraaottflkczbrwmb 6354445891 968814795 5854972545 4121252599 5934244418 4925511099
mirojekdwuxfls 3818679463 8282426356 3690327855 4121207105 1679346745 2339748088
zulmknupnnuityzbfn 4112453001 2641379737 119678407 4103488684 2379230834 1076048247
vxjbqgmtqvnbedgfgwjzpcqjvfaht 9186806895 8658169634 6060591898 4100270438 720902003 9361093279
qipbsudjfccedp 897163156 3794747707 3578142320 4093649961 6421016084 6173372634
zousbq 3093621999 818795881 2265131039 4092580362 5951172851 7668049164
xfdlhfaovp 479959148 2857890443 486541983 4090832840 5626698117 8816234318
xdxncmfaz 6291927576 684874944 3919068873 4089166845 1356625223 9298271397
jdygggzbpdzwalxcguou 5674456955 6338725892 7898183372 4077380869 6031937791 9893305952
xoyjryjuljxr 3308804188 5196763633 4701581893 4063164001 8376382372 985219497
vqpybgmemjfgrnzsnpsoqhldeku 2104260507 8326383270 5984375833 4056923690 3769138445 328686558
q 860912424 1683898437 2177928605 4036038060 8668954013 8235793720
kimnrtwzzxchhvoq 7736568400 9187943699 5631784310 4017424223 2749647413 6158245475
f 7714419016 7808101418 6246172155 4007175683 2333235098 9290642079
tnutnkqqltuijedumymessut 5840010385 4119866805 3123147522 3999358594 7449642391 1390184972
dkzrakjpzunwnveq 5271844588 8437188948 7196580256 3985576552 9841204090 2817281893
feajbwislawexwbagoudmimazjjjvk 6903121343 2725099910 554887019 3971021315 5376013258 6898073121
hxkblvuiagvcoiu 7771754584 1689429638 296531561 3968334809 9690510410 6697764265
hjmomyzbmthvuuai 9599051916 2646368169 9987780857 3967899417 8878186356 8260790702
tzhsltlboreiecfahbt 4360538068 9100331061 4520336458 3946486415 6236681109 6316587590
inhctdovqums 3803914849 4000294593 5455221930 3944095089 7968742680 3433129239
xqfhtjdrsnaleojumngtdvqghuy 596217127 1482400946 6889836901 3924903616 7605504099 4598978279
dqrbqrq 3650944118 4186738947 3182783025 3918403707 4330347688 7374764089
yyenpejnnhkujgfbeizopcgfgge 8010088320 4598050221 5216214799 3892658181 9891758579 8208873771
hsdfsipcluemz 5444437672 5279019764 8046115144 3891759452 238604365 4505171794
rfgrbnaccnrdbrwx 2375373414 9399617683 5391134482 3878959335 2489139543 4252956295
rkdhnfpexynfktgclgigksest 2037922448 5418631808 7834683411 3868214767 9652019235 2182971117
tmopazqoimcailithprdxuhjf 2989514623 620836402 9954174663 3865468303 7115458293 8956830867
qpiisdmgqumpcsf 4691214244 351041530 6211957492 3848442545 844221604 5633434043
awztajhwqsidzkavitwdazgh 1662259340 2675439761 5066354832 3838805266 9522364002 969359799
kextrkmo 4563075909 3527755118 280070148 3828898124 1853837406 6700814425
ogvtinhyemdlo 935165258 278263667 7746646847 3800112814 674443385 4510555159
ghmv 6771171301 8441261665 4202223350 3792301986 7511222215 9103545315
brxyjqwljoarmufovjglzznznzwfn 6839118031 5350975084 3410357548 3787904938 7210794706 6150548882
ekahkzadkmftqf 6506311024 5229304014 8594824395 3785991999 8712455428 8603242630
ygosejtjxqobmsyjlsntk 8428609345 4643689837 8802911007 3767579456 9376028653 2100204823
wupeaqhqomujshtwtjuptho 1113303489 1964561192 5953128981 3759254269 7376807071 7604395870
unvpanonrxupztcbvbjyervzxmmzzc 5013995896 4308714694 3966796985 3748720150 6517224827 4921974156
eokxt 9637503388 9826157529 4694911823 3742742883 3921571493 1022853376
vyukqqfhpsob 6153369542 592781698 3524863631 3714358631 6670586250 63680209
ut 4883293398 2493949264 7886941879 3712303632 1150692684 4655126782
gjhxgkgjkmszneycgzphlqo 5283948911 2436722456 3947103997 3699622831 3466610138 818030761
ksaqtmx 2134220147 6116700843 5453558497 3694290202 1179599736 9659011873
hhpbxacyvtyqeijxl 2288088557 9019697602 4034595100 3689862882 9155324877 3093086911
azwbkhgevrigczcviktvovnfteg 7739069266 7541676254 1769738166 3688883830 5608953071 6250790900
qyftzbkxmpcqzesbgsyqhplgavfnrh 3015855102 2335471172 3748081174 3687655366 1947346489 140668143
kjtl 524334725 5978424169 9939498121 3680222742 7921342697 1083360492
th 1594065531 2177506479 9205150870 3677703237 9801165694 6975738359
ylpehltfnbabme 8740142006 1970494623 5042402238 3652921366 8289214726 6323654736
qmjywtthzigculfkqio 125842286 1514385283 2602426491 3646406581 3602884518 1898615384
buhqsroytgajafrffdm 5310325653 8671078752 2939081372 3637330345 8772495256 9756174393
jhxajwpugvl 2382742360 6055997937 1655043812 3634031140 7060639848 9201626888
nohjiuhavwzfpaos 6748584967 5620427622 4584890585 3625671613 2882509156 6456837081
mzflblmsempc 1612886557 7531014726 4067644920 3623084809 4788337690 2916949336
btuusvefk 3912188919 6305798826 5857905834 3614293858 6185507766 4253755610
dgpzxrpjjxdrsbifdajahfggi 645923501 2305438334 6801190667 3610461125 6713655654 1982020611
qhemfelicmuixmljtsbzxutkkgxwhk 9527176017 3441111199 7074981275 3606900447 5304353875 3917000189
jkpyqmswtcmxfuzwl 1431785356 4703159658 3681717663 3600026447 3529868944 5781831613
wxsdwnefcv 9014152781 6190162680 5915758781 3595061453 692527351 6307171211
pjnsavidsvgcy 4837423192 5776549894 3307302473 3566722729 1433942430 9046747671
pyfgnehredfewyuyv 2016695269 3107253153 9148530183 3557091701 6371332773 6575872816
rjlzesi 6654555179 7427131422 4898667948 3536474202 9213237017 4455784451
i 1686352219 7870191619 8041220451 3509921567 9791747945 2895258795
ypagsuyewyyud 8718970282 1119266367 4727127717 3503791598 3806788867 3641415746
tuqcdaycodvpxzegfmfukuadluvpe 6190105532 3693725343 2910469652 3497167027 3155361371 1426334804
xnq 5070157292 1759363783 198727298 3494812635 7177738799 4448903164
laulhcnpltcszcgjglpsbiqtvy 2581664304 2301525264 9617039838 3488638725 2254047154 1623489905
uqsnqjsuvcmwx 3295155624 2089123458 6033619849 3471994912 3868934411 2212876662
vvzwfdwazfvqupmfsv 8667483626 2599266279 8360735828 3467300242 1752864517 599432244
wnhpsm 6824919471 9193135752 6069462939 3412391525 2131001654 8852502545
prcmy 4806605070 798144845 2030482927 3408336809 4261798212 6166972470
h 5611673757 2286165439 4633848972 3379271483 8967580802 7086575796
elohhhcbdvqzefdiht 667618269 9404718599 8071038895 3368122084 8939938748 1989230247
bbvye 8341987199 6935446521 3002065836 3363234639 2135207726 6657489792
jnuuapwumipnxevas 5112922658 5547118540 7064297272 3353028865 7412955763 1398883432
uhtuhsjydtvjlsudqaxgz 8852499864 4844119444 2168911112 3345285225 9341688557 3087681380
pmpegkbivdcbuqijpooaupgrkwr 1888873957 8210273927 8720247051 3344784845 1572404215 3470366517
xkbystfdyzrlqcdse 6102530423 9457784289 3351063243 3338078756 9922488718 4360659057
zl 8988767538 2720428569 5158362632 3334606068 1233905424 88354545
ywjb 3876234377 4219356723 5264119984 3321516138 8767377929 1317152985
oqfrrjzkpknkpbdallgkyoaiyix 4315433656 2341971829 8816118501 3299234335 511812376 7899958802
jbnijtojwuusxlyhdhqzzsosxzpl 6549746166 9336799910 8982219339 3291618501 2304236179 8443758498
bxlmtobaknfpri 5382456411 8511847900 5115970075 3287237009 9171914127 4526105759
pvgjirzdfgkmw 7319110912 5294190776 4983468488 3268801776 2504067117 6910303790
kjmwjsqvuqzjlojev 4840091002 1669403936 4350467553 3243673110 6578497922 5442157763
itopgriixsjqocemqlpmvr 6105090151 1999405317 8009838190 3236904855 76761248 236502475
abutggghi 1254608821 8584218375 5800317153 3234274462 3050136994 882470114
qplsuqzhcynh 9613410144 3294501580 9043329382 3229960029 2677273893 1545790097
saftyghrpbtxodaunnoqyxqu 6648977334 2486815671 1432822350 3229038980 7936783184 3781269889
utjxscnmdfisic 6943787708 1937951631 626028918 3224291809 7357500735 5788219068
hggupnbbrhrszabhcnxewn 1034147846 5003237272 2008967004 3208427789 5972985422 2026847697
awnnkztyxqmlmqxkthmvugfcmd 115854382 6039620180 2028662942 3177372031 4820805252 6088292264
utqvuoakfzkluvjmdypddmfugrhyck 6848697037 653239823 2124808090 3176964929 1259096224 6500070022
vyodljbjzr 4381692695 8915888379 2290740392 3176603176 1540800766 1895203116
nrcrldafxhfoo 3912600016 6159402429 5138195430 3165219214 7749287540 3462733599
jxhmjzwmjjsprvmxvyggtnbykmfkn 7132187684 1727656970 6775908703 3156740010 2466099606 4042920254
bfeqmrweuvturwmiwelbrpi 8406346090 967410471 7918475157 3134663667 4250907324 6298017803
ehchxhhrosgmzvsqacpuvyilagxymx 96341556 7901784461 4238309450 3133154007 4715963077 5826966296
esaeuwrlhoi 9892913061 2743447412 5461491392 3132400790 8076339881 6859638727
izmphivnycs 8241052152 6508345014 6563716683 3130112183 9790232799 1631504664
hdkfhhfzhdayrhtdgz 2006686926 5039240183 9765823446 3124249515 5306889557 1849500397
jhlraxgtdoqwjngzjdxffsrgw 9021183971 4663441560 5525449143 3104347746 5873663962 4846997962
ivrdojgmkbhyjiimlbu 4111122873 4204180628 7100261030 3072376242 7817404979 6045880247
alenii 1155552182 5482461171 4095731304 3072170307 8925969359 7720732638
rvqotjcnnmahurwlbwtmb 2847707173 6494949240 961998095 3059790129 8144229817 8244765468
yzqnlgvuyfhgwxoyivqihaqa 1282609456 2198814152 8391908805 3029855348 489449043 1100708706
vswz 3203688979 7957046482 7767262840 3017469315 7155072976 147821843
nrsmonazrfewgnvdrtjvnsmn 2603405740 4377165310 5058415302 3016394625 8229041922 3298590551
uqborrfyljcbcgocmwy 9922038990 9758197093 2035365887 2998836047 6873644667 4256189042
dnxwnqucbswtjuwwkipb 2410501262 6540887436 2599979604 2988924543 8640585536 8991568918
mefulpubevcpcsygrsjwyklouumb 1083367603 7057336716 6243513120 2987716547 5661073562 6687635517
ikqkshnndbmfna 2902753218 6206614675 718475797 2985874214 402972310 6628073917
mvr 2963373861 2443454884 7603385166 2982929411 3391011361 2217174486
uejikcniecfbgezoddz 3471083377 2347146942 6663275727 2980141309 8112914001 2449631679
hgl 6668026856 3320565792 9067554666 2980135492 2375898072 98428046
jtxugjcqutwbbmupuvaznzxsppn 1760132533 9054664520 5575948825 2976092922 5302201252 7949292813
vubpspjudw 3258490479 2497325917 7128065345 2969875582 1090454668 9429174843
ysjaeztcbynbxpn 3412975693 8251569963 4488308428 2966045631 4444437535 2431818147
tkenjebvwnfaanfqlbywztfjhgk 2327833017 8158256451 2382131566 2954006161 8362609158 6055434644
cjrewpt 9560100795 2375361780 5298177470 2947585145 8906608146 6723048126
svpdrituriypdfahsxxjapt 2892225141 9772266837 7086183282 2947283680 1457376272 8831926633
iaocwuej 1000011822 1738962767 9407447059 2938144091 9802066892 1738253825
cysl 1590932027 5691970952 6213691569 2903108951 9503572843 4244664761
uupshfaafrxeupvlnxcph 5570308308 900034428 4780837700 2902580220 2512372961 736271073
sqgdanboaifkv 81563528 6627150586 3102888534 2890640195 2555960088 6420369139
sphiqivhmihhtdwa 7735561492 6786535043 6398215155 2881471653 1734177383 3044869405
hzmnqqzqohr 4356384792 7319381644 8149289652 2877065869 1975543568 3218749350
tcjwiytsxbksakoq 8713474845 5155471888 7140891403 2873166200 8576304294 3554633957
qpqfvunjrntv 2161032197 7084974595 5472706778 2872690644 1596575293 2012052165
jwpgorgmxvkductdcateczy 5844013777 5111755453 2865074894 2855125996 4744098422 8210375183
uvozzjtkyyu 3074238494 145443824 4437536197 2853419172 6593811590 5801478958
vovipplwcevnpjsjrd 9765549705 7493980969 4651406407 2833685790 6742461147 2240980361
kzfghaixss 4163407924 1814159820 3146283225 2821564352 5836739302 287385636
kzuyiksylgirpygy 9241080607 8574265863 5214516111 2813251223 2340045935 4453617178
ejiortqdffwpmrnbpr 8479593776 9821601272 1966761153 2811038488 4871767254 2781870353
apkgtuwzqn 8705099403 5046839787 2830209649 2800659180 5423198108 4001513890
akv 5790035448 5656930534 7910491745 2791691438 4438431873 9553648651
qaiqq 6078952576 8752504603 2832449539 2768487636 9322930285 2694588692
jjfgloiavkob 631009395 176888264 9650919203 2768239328 8293270807 9737230384
ysynjuuhbvvlkeymicuwslzglrar 3082550226 9338101898 2432744239 2746059151 245449882 5546724529
eoznnoa 5072661513 8168272828 859467235 2743279408 5608444388 9450062899
jfoluqwaqfukbjsmqxnekkztk 735242932 2064342661 7756588544 2720048380 1487760662 1582637589
ckmvzeyfbbfkqhmcjrvpga 1021642105 792387145 7966507911 2714603197 292232542 74238658
g 6688573637 7581693294 3141955166 2690960110 2754170577 4660753478
krn 1275523855 7266656589 6818677310 2665399297 4755774057 2293121690
qkshfrddakprlj 7856591291 4580062672 9676270804 2655673075 4571334336 1846599845
tdwmwf 7428662685 1242256473 9238069968 2649106396 5372649148 5299078767
qjjk 4855670713 7254171066 5953791094 2634568468 1439011289 6164887614
ifnxgyqchro 9060546082 3446547720 3446229862 2627012336 7426495755 3582125063
xejujufktrljpftlolgtnrjgwln 4449332262 7828981825 6623774489 2622725209 4363251842 1060151657
atlsafddeizqnonbqgwkhinpz 8238082161 2697092024 1901723008 2616268167 4334348062 8710390329
inymxdcavtdxtncgnejcakmirdc 2406364596 3204402939 2247044306 2598632364 7432694433 2305567928
ecmktnksvqxusnxkdtcpp 6657772291 81087322 3223821792 2573801465 4712642189 680554038
xzwlrhyxxtgerjsgsbswkmmbjo 8681782391 7451131705 3679784023 2564474065 1922503967 9145570459
yfcle 9191073691 9910340857 5875916663 2557682808 2807827886 2043605110
zyvnwwxmdtiaa 5974447183 2030445169 5308288974 2550640133 9178999360 1972750199
inlnyykxdjk 693284872 5656524151 8782745890 2544998749 8828393996 9798140143
mk 2419840260 8924118498 2680400023 2544755738 1973290596 4983128709
k 2353498568 2710370237 6978895171 2544039009 9295168700 906512905
rgkpigliexwjaoyouostgqauovl 5242744804 6071814239 7353332431 2516481408 5122982401 8688276057
istbgxagojjxtssyba 7818351262 1606556916 3563469637 2514361130 6092535951 3879904254
euq 9262901387 4055623794 932347826 2502248084 2826838141 4434338394
dxbsbxvxsqelrngtepeogihb 3463021981 355734261 3780720346 2498468375 5781322765 7212587214
cnvsgo 9929696472 9292062854 8248789241 2488497168 3061384148 8804506748
gwqkpjylakhy 3120559519 6799515554 6503584088 2484160439 9694978121 6586310531
lefzqhknlsqytxvhzimhtnujw 407992506 2014483015 5079786685 2482250127 403712213 2928974947
zjpiyulpajdcolizfeiwoxhddryg 6927650322 176012725 5874930165 2480982295 2879724614 5193118352
riteykykcszmrt 2821305665 6800965360 3154704378 2464902004 5540609761 6432353720
qmyekvh 1676756307 2285069587 9018450597 2461764205 1783549339 5896115819
y 2542114261 8257727656 1688567697 2443546143 9071367439 8978351833
leqvkluzuaxcflixuymswgorwuyvql 5284125583 5538595944 550041081 2439103637 8707623082 4243434348
qjnjzrghzg 921507254 2802573249 2117393900 2417359665 8384509363 276823076
qrcwcnwxqiy 280684480 4399351123 5681046166 2401401905 8216982389 4158146950
dwrgsfbfkcutofqjsdkqii 6159988137 2745340044 2053228121 2395278630 4951460977 6590786190
qmrykavxwhasemxuy 3523192756 3212956729 5548565120 2381501877 8302837338 2594115739
qategcj 3863382448 7370174254 2636191710 2378192532 5852716613 5177957318
wq 6092643242 5000893830 632454411 2376267157 6765527485 2179958574
krmuduvkipfbuvnxupj 8941301808 1095816872 3595545189 2375689229 7029658229 6016644593
ulyditdfgxbx 7739144531 4468586193 6670842301 2353709699 2971894849 5923616192
ynhvsvwmplcqtxceaaywjflvqdkrdl 2664475448 2891028592 9367017904 2348312425 7598456204 8885308696
akorgnlyxgvygueurgm 636649655 2564193218 3176094120 2340905186 3026246458 7299636275
tnsohtnsf 6566296905 6754856981 5627309416 2337493006 6719473205 5624819283
lmxviadsdmksggz 5334513876 7184185313 6867471607 2329282120 4980894323 2242460232
ohtifeklbsdmxuboyowvwrkrkss 6107358540 4900123367 8450996493 2323433323 5967702046 8932027185
fzomwqraxpizjxygkeekgjylg 2048186442 3027174214 7253319505 2315906629 5096815961 866888053
nroizomnnmwfumm 3642858014 8460353425 527152134 2301392897 3009281912 5041992088
jjbtpvissmdooqeyursstxbnyudze 6280892693 1168458882 7817109248 2287456976 1217975395 3736385165
nrzhnetfcrkfatuaf 5642679248 917361889 9012901592 2283641482 9808413435 7760946631
engzwqgykkvqu 1845221128 6380401553 9683121417 2279065859 4339236687 9118665149
xhsntm 5683181060 7130585513 7090396765 2274687580 8239479556 7907769626
wu 3737194313 4684767394 7220500074 2266280703 1085432423 9429711377
sayqxfqgvflrbnfswvgqkrfuloo 4459811143 1753370046 7081936917 2260869520 9624725654 1042364724
flznzenfj 1303167544 754096577 918070433 2247804737 3604376407 8375577021
monnbfhpoanygvojleascfydiihlpn 8541035036 3758864563 954780055 2247205064 9520491297 4324883521
pqfkztoghgqjajfhhddyeek 4364397945 2644291972 5175429630 2244938007 2426241819 1909989820
sgvzcxxykihjmjngaapsddexpeekw 446517552 9801467161 8528304809 2243496719 9393414565 872844580
bbcneqjxsom 8602331374 5234348326 3957240694 2231053863 1689777169 9575223195
dkdhwfpayarijogpghsgpjaqqvj 2918088701 3510557456 9436172125 2224970955 6406662594 398216872
peqfwz 8748082933 1460345979 2042084976 2216803197 6073824833 2772577119
laffhwnqcquripiqthtj 8169982889 5991611830 3140795211 2202511387 6350899905 6299078459
gynqnmzccjusywqb 435311106 2294753913 3099423561 2195697455 4815615937 1154937819
hlfn 8630638239 7169539988 520621709 2187981737 6250744910 2420133973
rrjrylvjwwgquspyauhpig 9462882684 6343149484 7257036572 2172643432 8149355823 448034111
cdgjijfumfvnycaauqudeokdnvojnl 4166602481 7035175665 6699520814 2160701891 4464507343 9713434867
bbzkbsuj 7062926168 1505762341 8827289269 2158857826 2464883771 294428955
yfedywzubbxerapcvnxspey 4519569357 2566414616 2507895496 2122367054 2366636634 5372054902
raloducvhaqpkraohmqslp 6048842579 6904179973 988145756 2117546100 1773935799 1321804119
supavcjvdchwhrbnxwlgzzmka 6491539014 4422746644 6935972385 2107090032 4329003866 2386656153
iwutlotdolipgziiscg 897180390 6561630212 9128850535 2103996648 2167768539 6008790460
fmprvvxfhrligakfypnwwlunnemt 6890878643 3996017410 1324158808 2091783693 2792583850 5479535146
gelelmtcbrjegvtiypr 2046477581 9032223938 853384077 2088691922 5866514393 9034412376
l 7490752836 2251264617 4818239812 2077362158 2511018079 397314837
itjctdisooczwgyzhxk 6724887096 5700865589 6228786640 2076524429 1147000968 3803613901
s 4122207314 4526262776 7716041976 2076480021 2812155461 3477302443
etotjeofvkxcsnbghiylqtekd 1615442611 6141117898 5696148356 2074672490 7147886984 9878371226
jboy 6728302293 6400843719 2829347391 2066003897 9126542966 4656558996
srkdffya 4779135745 7564604197 558702086 2053529975 1415675863 9403236334
ykiypsklbfbdfdldltukc 2740516614 1753889384 7558686302 2013017244 8560993024 218841536
vaneqwnqvhxsvszjasahwrju 6513747283 2977486048 3212613938 2006823222 7842666193 6677021619
kynusviytifvyfygssgfjdjbnn 7853316893 5963844550 6668558563 2005734005 6136067900 5241882257
wbjbbegrqhkh 6920665506 2776203712 225274592 2002482530 4973610405 2456871675
dnqaxwssalagdpieociztjfylejp 8604176411 403320817 1884969441 2002370505 786425187 7365664725
dehampsttnwxppzevglsynbkltnvo 4098437646 5602875171 1602409968 1991165854 6973667974 4609495976
nginqshaedsgdaguswueuagarddtx 1542455557 4559291777 3872690890 1990196410 1213150947 9432514168
nsiefuksbrhdogjilpkxqfqihxp 767137405 7939150693 975220915 1974941368 1028422681 1809661460
jobxg 8748380432 7271306742 1224232475 1970737127 6539023060 9253820619
txfkvgzvdixvqgxnmnwkqbjcavo 3469970362 735228086 651806579 1969659463 8939619161 7782997260
ikjtlmzzehxmusgmnocfwln 4085380256 5864764262 471888316 1944446736 3110546637 2986304449
gfzggwnajcyopdvqbwgqcyblu 9693173938 5305368490 354892946 1940567169 4288808942 6917140495
lgczogiyyuejyprfwv 5691647931 8920320480 8275281397 1939900928 1643396147 6052982666
rmhdaihvuqvekrkrqsgyqfxbr 5468877209 8159753055 684196106 1932358354 5876020188 2466142352
rgldqrqhmei 2338914806 1754054729 7859286535 1913822118 1869888859 5733555191
ahqmhbicggcoo 5232198802 8001067630 2364623746 1913303401 2712619513 8749479219
mptbibnclxau 1369958305 8555316279 4901388900 1902263480 4454626232 8810031912
skcsmncyoftqdhbtv 8602131881 6757447818 6692172492 1893057433 6293880514 3632692762
wujwtwiooiqklvurqyqxpfkcr 5814800608 3010816451 9776052120 1888794798 5260315580 3397399067
opnhyvpytvswbomwwvbubmcvvtrj 1870979356 6758174195 154718470 1866929680 5107626516 1268786700
rmxubbmzaftorlxqyc 9477662092 8173997800 119227483 1853722997 6119200661 6272426626
rsvtkooactazynyu 5756552043 2886114015 1136223125 1850087572 9634224119 9936324275
ikft 9575395699 2874148939 2625684488 1849504275 9647421991 5456105141
wpvlyexm 2853522865 3765781569 6417834900 1837225239 7110143491 4055570322
u 323934228 7714688259 3828170043 1831254680 9395674990 5924651902
wjgsdnnkklcsaso 6417802485 6358826960 3483323532 1827896765 9796341243 6631552727
zbpmgvjairbbdvdwonbmsqqfx 1676772478 1762053209 8739395127 1826627581 4144495767 9725715263
dvvv 8358977911 5122131844 3712463581 1823934295 598284553 4982696039
sblmel 2992500147 1559114722 8880957409 1817501652 3067081287 1983207927
ngkllwoyywynyng 5750424011 7028824567 8988411781 1817106601 9283857066 2116804219
vdniyilpnxqfzcjgtbqqbmq 9228433301 2120650487 1617934929 1804273129 3638982090 7663396206
gzdxddjptoobz 4884044417 7639413314 9554974948 1801074217 8098864446 8681617690
vtisoztdfspfnwljm 3690620122 1326195142 7947738659 1798885130 9845728027 7705578370
js 1557733728 5985994340 9852637163 1793207839 7914584562 5322529856
ywvgaaedlttp 6678033801 2858061653 9170369034 1791802117 7387154828 3437115141
ddbidgfqkdzzbtmgbfchxjiwix 7368180139 5982663257 9942055427 1757992078 6005888622 7789138470
wyanajgjjuqgs 4414162057 8221915541 2895165803 1732109107 2339718002 7193043029
ogqmkhhlouhr 8103459974 7973002485 9445044700 1729663627 1952294860 1903204748
qpjyz 7086241510 8600261150 5173147037 1728813733 2547621018 3996112613
er 5742032620 604453459 8902550860 1725739136 9227891734 2831847284
hxtbcaqvvajhuddvcmgjbgp 8483146754 4756159320 7802758453 1725504351 396203935 8117034492
qxkkitlnzioyedftqzfdtencx 2704142963 6443240654 3210635824 1720899387 2351484918 3554068065
ffdliuvldelhojk 9049004054 9947618686 5329890360 1705700901 4885324039 7450846323
czachrjjimfztmtewvah 7132712622 4147784978 9393028020 1704562276 5654777847 5546411070
euohglfj 7757161896 8216549326 4906557605 1679983468 5066230557 4312092934
pgoekzxvvubnmqgeufldky 1691903356 9362387038 5480708094 1664746244 8855697859 8476385221
oewnynfvlezxqqaaxczdwfqvjc 5179315708 3755877771 1524519093 1658488561 6225740875 173247163
ttxr 2961428587 768436785 3967293542 1657559645 8792714542 1019653556
crfqinmiuyyrtxnysifnitntx 675173578 3565447097 1651990640 1648583120 6292679256 6560899793
pktsvfjvyxbjoadyjfkeulfgn 4511186715 1996819490 3401970395 1638929904 5949964656 4905546410
cpyxfgmxudtufchxxlyyjzgn 6419894638 105295980 1678120276 1618828354 2640233524 1865188399
dcgnvpinnavfhhpfynhasmpbem 5772760259 79499840 4946890983 1615013671 3853126575 7687490229
uvoqbjanihnqoldiowvmpuwf 3717807166 6072372989 9436892090 1612468675 5630610493 8522646688
fjv 2654934993 1255590251 9720647344 1580853415 9253042944 7661572350
fenpyjlmqplfofradwacjlzxd 4599821237 552793805 5284708271 1578760642 6877196630 2509738084
cfceerclkmspx 7399114602 7477308546 3826835448 1571390705 1308969360 200101342
zqmcrrjuxyu 550497543 4383259 8173203466 1560842831 8029898673 2401897667
umuavvs 1660356571 9926257996 7006767856 1512539876 965255102 9523333428
ym 6484501221 4687779007 8494600949 1498740076 7402877089 5322340903
iopdvfcftbejciufynzfyw 8962451761 2030361923 6383557798 1496249354 9312692849 2349514220
a 9821558468 6555161123 3595785010 1484919776 8927286548 3476776054
yowrmqfxg 9165495818 5578828343 5793571635 1476717593 1292654674 5283034114
djltpxptwdrhdxizr 9977349547 7704126791 986270143 1475478496 7805380777 22329745
hevediypczrqdupwcapxthppq 3229548030 8780925084 4895322601 1455473421 9791232160 3877015024
okaqrdxbczftthy 9184635723 5197534336 6686887258 1455194374 6640052865 2444081486
fwdmssqrhiici 4670873134 8498093505 6656649049 1450686621 1280514748 7190473334
ojgfcxzbdt 1394989310 2969553811 7919685888 1431931480 4944257763 3365644212
tcghqmhdfxpghsyjsirypewi 387439549 9836691642 2944092480 1421954600 2795427820 6233647940
unxkf 6157464838 4009042946 5963530022 1417875098 9726778197 7286755314
xmamebkujyqm 7941325406 7781007122 4945872464 1399351563 6637356463 977971865
bneeibdxqgipnxrvskvwwd 5959826135 6236152766 7858248845 1385830187 5988564759 9096313327
vhvxhkmzgwjyjywcngntj 9175174828 7594000862 3149325034 1381208099 4635640440 7469542955
ejdupivevwplufkqpmouputwqcmdm 5822636977 675504562 134523536 1380855104 6949522485 7572556173
bvesgjguzmlguzzzcjvaoc 2169484123 7250336186 4765209946 1379065295 7348298705 6480927607
tjsvxmgxnsvoshoaeo 6141992408 4630909144 5809280500 1345966973 8296540726 7761215445
huebpncmpi 105822719 4187395511 3216298141 1340068811 7122740735 7817907232
uzobwbdvhfrfpxk 2440563630 876335820 9999570695 1334543474 8920699724 7467216060
chlfmnieydl 260934744 6850280459 6444839315 1333618770 6889251745 2243138351
omgkoeqessgjolutuf 6632607251 6729021340 708117338 1308069536 2420588542 7424821822
jpmuttikiieorvicyhbmveujyjy 5952066384 8755873881 8532085672 1305002682 4423961439 8946762954
nj 261105004 4892591662 6830257167 1292078886 5859303218 8936382760
wyjtaqshorjorvzricjf 5563817341 6812736245 4751333238 1289400141 6861217055 4542271923
iwligneuxtyolxljkhjvsieanogr 6190852844 6964239039 4580230043 1278373426 431225959 4692546946
ckv 9085254184 3363003465 8464300814 1276164616 911130559 3137938250
rvveocoldfsgcjpykep 3019479783 429318127 9637603768 1269965346 8828008067 1408181048
mslhszxqayl 7576613813 9192782273 4558086869 1261341959 3047022119 1099049070
fpeqswdajqdxwjmqqn 2015879922 3280109377 5220407261 1246308648 6237350306 3027700686
zgkivowfeblph 2977179449 3251885403 1958349640 1241770074 3123360111 3729856621
zplscwgaqifzjq 2857745462 1292812347 3535293008 1198894841 4986306327 7860373729
nxwyyjzqjaprwunvfpbqk 6009763146 9604844213 2831238544 1186210471 3265790003 9209238153
c 1075682842 8124784176 6860463034 1169996707 2567303307 5302401216
ugtttfqyxvkoywq 7975418814 413822155 4028337720 1155025079 8153016755 5965023751
gwjskxehxmenbusjozbsbpmxrzvb 188902699 9014848229 6161135812 1151317769 5105548327 7991468374
xgoummivihp 9029618083 9150158674 3335441775 1135814069 4526354384 7346212955
nijwzkftbnj 5288138616 2831925135 5408350421 1123843197 5133956702 584465230
fxq 2063480978 9417586052 3522796182 1119650130 6628622116 5072886162
ma 3986491719 6741213703 890047675 1113841022 5209063528 8579393079
jczragqyuw 6443404493 5819546262 7612425823 1106335321 9239684532 9876590609
r 6427069923 4687637163 7913479378 1105783269 8284918523 4065214830
yixcuihrkpjqevqvh 4938576874 8581144446 9137358845 1104558504 9945570434 4935613151
msywbbjdayzewujpbjwf 7095225023 4242602812 8770933065 1091732321 5041937592 8079796978
cgakntsnjlvqyhuvgvblqe 5736118549 4335344423 4805773089 1070395924 9573186927 1141777095
dimhfuxcisjqfrc 5239144778 5494418925 7123235931 1066022212 395987367 6218779692
jmdmwjlloeyxoicdmrmijsbvj 8563743035 6380926086 8899507793 1060788230 1357065179 6138284395
kvpabqkfhzbfixqmaxchuhihckipzw 3191525444 8048288661 7785793886 1057238077 2815821089 5194095167
rctyg 8661889055 4464621052 5748347294 1057057004 8450879848 3335155102
cydtnbfpmsvqjczwkkslyjzbsqnm 799969953 6971522405 754300020 1050849146 7870896314 5672240785
votshslnubh 4501883540 342784241 8080466141 1047741086 3418902418 3614772606
zewmuteelqcc 6328424260 1533252076 3696186666 1042947158 40790896 4088204709
kyksxqnnehy 1208185035 42754088 8668138915 1036618195 750268748 2842783318
sitchbyh 1374254910 2506654882 233436619 1017473194 6409768012 4844438931
ssbzluphxjheeiljxq 8751171110 8852324438 5989610645 1015124856 4094514036 5538229218
hfnnoshmvsbmbcmjxphchqkwpdizpe 125586183 3620782171 5770135282 1013533681 6813557131 7779259389
vqqddlaw 6100739607 9627363425 1722765837 997309494 4164657951 2554146543
fcnuj 793617750 8058628581 2331459325 987956302 3664177487 556518026
ehqiookgnqlpffffbulkggaqcbozz 9390531134 8581662676 1603719804 969304200 8962391747 6036070024
cvysqbaka 6347729245 475460756 8585141219 935562192 2586848522 7110323333
lijethhcxcboq 77031205 5475229560 8678720806 911715663 5912344673 8373781726
thjrbkoysknhuixztgfpuuxucd 6041617423 3144900507 2366694423 884464971 459258795 7575960791
fikhfeooppgitvnljahuven 7921446420 3629176766 5629989011 868610853 3696278470 6676666378
xqgblfxb 9747346603 2644352902 8730799783 860930860 3031452189 7619710627
mhuggjpjyglfjkapgjshyph 5916752043 2426122012 1041297029 850118091 4428207227 9362863037
twuqkgylijftjuvczx 5301738005 2957545013 9179685529 849302116 2695515602 5811459038
qcymysgadkyoajhoqprhfgdugli 5558743396 4137535371 2536661613 843839438 7862761389 9224011002
msneagxol 6519005108 8590394564 3820391675 843677310 9075906571 3234416339
xqcitqupwjcggf 9874179394 2088224216 7151366570 841836956 9079665751 1219849101
skjdxggmyhdjczcpbmwkurcblfq 9101695047 3169642263 1625343419 826922600 1303992216 1075296054
ci 9521838251 7668559259 4604083660 799729055 8465813559 3498843413
ixtuo 9770388285 3063910966 7716975328 778913808 5570863283 6047477562
zfubbtzt 2859591288 9742555377 2336710566 772047000 1514236628 7381934689
zqwmbbbdvtxcz 7219564212 5652465786 7709939238 758433589 3862045189 535551598
nhridxqqkpdpbjy 4508588451 7234091323 9554991626 757408531 2746502157 1494300231
jdnrfbxifrvkg 5666523443 5233247137 2197828744 737969159 8015901321 7721561477
uocvqomi 9097592052 9196906354 7199694300 732338654 3146678016 2918952742
caiqvuxkmbushsqyef 5892215490 1993784989 499128346 726651822 926513754 5144920738
zgvvoizvlinnaotekj 2963680696 817366095 7167891690 722971582 7464758408 4853688230
kthmvgenesznerluafxkzw 2065112790 3799479978 3796125453 716657300 6045107158 9369579363
gqhmlrcqvxefxzawaf 3245535500 4988692366 3643991575 695799056 3648381024 8433611188
fp 6058923456 740174950 6294537288 678317259 262346819 7379676278
rgwakjslfkkrimjkjkfxatvk 9517212877 9236237006 6274482239 672230943 8460342059 292355486
urbv 1058448799 418338673 7339775566 667236169 2345294960 4255128549
utfbbifhkisnkrypz 1774474819 6973533625 4536527207 660567891 4003710161 3503100971
thgjcoumrnpu 4707866838 7138038448 7502430007 639110133 7508647280 5832885250
okxglyzwpsqgmnklnmma 5809506769 2997259114 5580481917 635421261 8500100452 8081908977
yqrqohemnrwycncuvtgcfytk 2639699327 4833035585 3701162820 619078994 6603582540 8181989723
espmuyhx 1811488208 7240933821 9488401453 616387551 793336558 4799449530
spsuunznrxidfnqhflxrl 3438970901 8236995374 7722958211 615996430 2431955407 8780845599
dsk 7151350920 3236640476 1575061128 579542127 8964734278 8563800212
iplvq 4026622431 2362022216 9933954829 576030657 2171156869 8990895975
ducat 712614151 7785963918 2352268011 557562667 145587985 1686251552
utlmbmk 8413038436 4092562914 6969249690 539598587 7912708674 1867276473
nofuijsrkgfiy 1429049229 340955889 7239342724 538219124 2779458682 2246978198
dsmgasygsjmtoqxtfxltyhm 6940404533 701435188 7774889521 530939910 4653143555 6836344211
lp 2592110544 7267048957 2978329641 526732029 8518624815 9329126791
tvqpf 6573715957 2779522309 8518429169 509210517 2403816229 5922907911
mhnycsd 864982618 4192868851 1402834977 499609517 3852296612 5367733240
gugqrsgaclhzbpufutawqny 8680321267 3849303773 979910400 489319681 7550145275 4062777131
amhz 2496839897 6864441090 7671769778 486523337 2099960018 710467872
extjwqjyrgkfbfynhcsokgnuay 2623637593 8281504530 2196322556 464498383 264915481 4024099195
tkys 4388291849 4600146748 1984539370 442182394 5955367229 5103192031
mubyt 3085803213 6992675368 8950467356 425251380 6437182224 8215566399
fniahtqmhjjwarlc 1325307121 7841564139 7278837706 420913424 7231841956 2247294693
bmynposy 1138384697 1664697534 4101338683 416730355 2362922872 9203040151
ayoktaolxmvecgrdblanwkmvvwvw 5364998621 4594106443 2186334989 414189254 3967093347 3981100484
qgbgepecsgdrhhlvhibpwxzpotais 1500509710 2728305877 4294556930 403793395 8721109993 4406584197
mezuvaxwbi 1824070520 6362548532 6675737417 392166315 2609976 981370712
ckbg 4346217721 4055897486 1814360947 373038854 4280747609 7394514333
ogoascgqnmslrdgqoxrqng 9476424530 3920067309 1126170327 360353215 7883032756 5884121773
stgdrjhxabegqncdzffm 6487143337 6380502448 4277766489 349317450 4951181558 3966567240
wkecixjcglgstaoqfjw 2130980249 5586402977 2538711671 342036169 5403594706 3421171248
jodclzhemcwruzzxcbskze 65794976 7312270495 257441310 341935564 8919772685 8242570658
vsctpooejpokhoarztrynrl 9868331777 6266728563 323385219 334518844 5663769790 4401840875
kgjkkuekqwp 77777757 3268801010 9057783020 321172494 7036327710 7514948783
yuvibyzac 6462904332 4531702982 6930497397 294464047 6979857849 8211193104
sktvxphgpggmeugllei 398947777 4857862929 7986285375 290595919 1569228106 5382672017
yhxanwumegdzqrpevbz 230378012 8645290459 5742942560 289379457 153104837 7400011648
avfshgdqbaocokdnj 2654600097 7458779702 8306993857 286708749 3448821427 114554978
xztlxxqs 5998009428 9311727788 2110104942 280863057 4566716929 6681404668
bputlccwbvmhrgwepdvullu 7767508150 2658840945 2374276303 264265445 9946164271 3245372534
uhmjmft 9905332243 9973278702 7696820092 243892556 5461949212 8002983479
aaaeemwggeyfnwfyemobygv 7799093711 2207552964 2529590750 236460421 7196204664 6289064235
ksukligj 3904070888 2944620803 5056859488 225476100 3700205654 6861318475
gdn 6986965238 4801642629 9859212792 217974940 4622185109 5987613694
labbmhxg 8191334353 4165243443 9531247076 186355103 6460692412 5524447197
dmukkfxdsgg 9572450878 6002065813 6062778551 162123801 7240756057 777105181
cxjchfujttf 3091615082 5548446131 8661455494 162011018 5208877720 2959095691
eltdmdezhpfvdcrzgixdqgtdhwnydq 4812277412 9340985779 65058223 156731880 2739908662 6304375638
sq 5948052957 9827231514 2317022756 146914639 5114433459 340971500
gxsmntisteolcenafcydclmng 3683428712 2986038713 5949713910 120159057 9229389758 3215036405
cdtbvjhreiupcvxukydrykqsgorglt 9063384212 7409984411 4904663115 115685663 4703410289 8144580722
acdqspgaghnukwfkcwkdwngpkpcmzt 8843259826 954965694 4566307633 85663843 4499643577 2671464760
hctq 6284847945 5252155719 3928927298 78495307 2731174944 6683484641
lnzofoixilebophpnuhoxrvnbuam 1331814104 8917589670 4485806784 74384468 1777568027 9427775340
dbenluezgzjoomwhwqxdbxpmwuybvp 6730217105 1867011593 6033421850 66613416 2414819542 5653673967
fxvsdblllhwfjauhwphkuwlyg 7805804273 4353655360 7259570606 65102912 8531276737 3447105452
tynldkzbvcqsm 1333772855 2754193648 7992131044 55631835 2211115669 1024320733
v 2739878783 3716727478 9528560129 40387007 8866315212 8037346854
tkszovwkfkhtmghtcxbtrvdwhicq 4788662386 3424939953 2865135848 22233191 237929005 6003311126
riflyd 1656971883 2636248894 2013635714 13539915 1697719858 5463909054
