1000 376
ynxwgoqqsfpldswsrtopfclp 8276965150 9096666486 5300004207 1797100522 9997298079 8637819264
yvsp 3606505076 5767835484 1499814517 4366834600 9996908238 7912402211
vjoqdkdsshnxlvenn 4411639077 6718207268 2894642793 8735558154 9993390663 5568440601
zudrlxkoptqyhr 3847163724 3345928202 3718984292 6145520611 9983918410 4031172679
ayixlflqroqdvrypxvgpqbmpp 5348456009 7813752593 8276520310 9719453723 9978144491 2095043802
nrlw 4772331254 6351996555 6572085202 2829603724 9974555308 4460926579
duubc 4824185711 7866549301 3631178584 5102029281 9957197704 6680648741
xygewdsozknwxj 3332832619 3700946108 6753937784 2137246852 9953526194 707081338
imlutw 6668347422 25294515 1312129721 7991398359 9953169797 3911309956
pmjkqmwchqadekjqhkrzpfqcs 2354692728 3836328166 8319423371 6034351026 9945624590 1003361902
atnyrdrynr 6725743894 2646323374 4610803227 371310523 9934480121 9393420809
wrioyyufgqosvd 2730404207 3012049695 7023511289 9706128793 9931121108 2584964298
glyvbzdqohjxljbzop 2937934914 3315879536 3241574557 6814516604 9919243772 2090417354
yxifodtbbzgtkkcnusfhokztcos 5989797463 414937404 883866197 3315378931 9913988377 5360284260
eyjadokigjmdamlkiejlqszty 8256782058 9663350801 4365496367 5551545393 9911150472 1823354942
fgeceimcffsjbnyyzmtppsbeydijkq 7556507813 926225691 9082291249 7044855977 9907652928 7520729203
dgicx 9422070010 7071143191 8028780874 5407438650 9889445993 7895059887
inppvwpgyhmypluhmesjhzwyjypdqk 1178689639 6289411211 6446187652 8847473617 9880604667 128937795
njjbacyrkgui 3111593303 496565607 1508461329 1627698585 9846847482 4372165092
mybbptiqouwunbbb 495449387 9556498213 5258284065 5247378744 9846457409 7204998899
xvzwezggxycmrdmolboq 5154736301 4377273581 5837949460 8255640411 9844464850 123862033
pqztdpohzslypn 9673014120 5231550930 7900535167 5226529473 9829401707 531048623
ivvujvshrerp 9546852054 8238350464 4736117349 1384492892 9816351808 9145568644
mzjrxvfxyktknnm 2709735494 2705932528 9122022959 4479225104 9805177038 2817194412
pckymxmufmseudkjpm 108853544 6860989548 9692102067 2167121406 9791836249 2225841418
aionzfahlhrmwbkgbhtzkuqh 7543911308 660128522 5825044883 5101622403 9786609538 2298753706
bj 9549243269 9055877271 9646843704 2711582471 9775391847 7333784328
mcrjzlmal 1866577593 14653333 1828749857 1093543599 9767846647 6570938451
kyddndixbeyovju 886549863 6258990057 1563389371 1028111788 9760651147 7902410106
yirynclllos 2409502011 7221564344 6669132987 9742183232 9749091047 4363813610
hgpwdbvucws 2676828017 6675706370 8510765436 1441842684 9736782938 4676157483
krhm 5994668619 1285064545 556055115 4494563070 9731341251 8154898259
qeimwng 7435780574 3183820068 2119254626 720158637 9717903092 9300605508
bzrtmowtqdmaifewjpdjquscdubqj 1217139474 9681078259 9784178024 3489721099 9711779627 9616632848
hhtnlpf 800192943 740223340 6541627437 1765950368 9697268280 7274427694
rwidjflttommslqdqdbewdh 8950082311 4461943078 6516117675 1329212685 9690021245 4730789630
dkgatxc 3835541809 7179379872 8195707593 7069382224 9688513593 1115386797
qofeswlwfpavouab 9916772793 351598259 6448775698 3211351732 9684777732 8571450086
wroysyhhqwiugloopwhzixhqzkn 7943631187 5452019940 4687532716 5970713783 9671293885 9663276600
gqfbknmupvchmgosneseqnllii 578692502 3069823562 7680026037 7838203628 9670755381 340192255
wwauieyghwwvkgfqxmoh 2422564565 2963582099 6277920461 6044902120 9668075216 7589996037
npqohmbzsorittu 5969325640 2497995396 2159776006 4528441015 9661010763 5459581242
lhmcqkyceci 5270850324 4127424677 768811043 6877406611 9645582037 491427022
wtzcnkjsqjycyhxxrccc 550230266 9550453858 2253825162 4742878583 9642220387 6192180618
uqvmhlpnifzbyrfhfmuwvqickf 2815526727 401729093 8473817597 3763824613 9632599283 2205674538
bauicdzbswvhmg 1015887610 8765416315 5427117563 2905270408 9632146377 1698788505
zhyhprmgtprqgeyqrsnbz 3763820619 869995336 1609966027 750486250 9622935547 332314497
kqlcct 6229115439 1489512394 2745253868 138887546 9615010865 8428661280
wustgivzu 6900073728 316540283 7882288410 5355410494 9607909658 3113741409
ah 6923239265 8441303269 6620215201 4490500270 9599765971 7659327175
ufdjzgbpisulonceiheswnqaea 8408095938 4108325826 3814620193 5258686721 9577050414 7254815932
nvkun 7936841678 7515574860 5852809059 5753701609 9573702414 90913827
lusrwromypjs 9461255083 2080000733 60506478 2185455554 9570335149 6715866684
vtflwvxnvsuzwnzghjgffx 8682174915 1454737135 3282240424 5135964492 9564911348 6545890391
zpuyoyxuitigvjybyulrzaxdkwixrh 6418223201 4964177162 7921088230 1746794881 9560719122 4373574342
wqaxhdvrzgwlxmtk 1041246365 1175914890 5705654738 94360393 9560572324 1107703306
bamuyfryqz 7693801578 6645414451 6227807675 8164851062 9557548121 5884083779
xkpbbcoemumwaaxe 5153342243 3500264341 2339491564 7480006373 9553775220 6586037904
pgo 7752605105 2856173151 686750132 5974607532 9553302594 2631937045
nejuygsjhoyyggtclgob 9429753418 7974550660 6907998155 933944950 9547108513 3701588566
utnvmzusqmykoxm 6963395302 4663864178 8885924771 6050892600 9511550308 3457729994
vo 301096843 4585963587 8978661534 5565631006 9473009853 2055989077
zhmjirf 1382578181 4383856929 6633876901 9566341230 9472587908 9974608546
guzf 9468322447 2022591175 4163876438 2118480399 9463531768 2597915948
oqxmqe 6936762455 914125528 7370908802 6469648498 9454341384 6913628629
ooseworbhjk 9466410648 6920672941 7983346199 6061052736 9452439077 2396991664
jwkpnhdmeuberauwbt 4831603349 9552286546 5235257802 3091327256 9424795291 9576026446
bjpg 9906945987 44902440 6660594460 7665375493 9383882448 8371385830
dshcncghtxveuys 6008084754 9342199055 618116418 3271888968 9382019842 3541072407
sgwfwtvmshtkokbjambsh 4262108377 6178875446 405228007 7501628869 9368204163 8274013711
cbbkttnddacyimzq 7502490852 2806001249 249447821 687811269 9363198800 9087190321
aoydvnmqgedxtvtpbzjj 9070067045 4588508664 5756806160 9936404289 9362538887 491908468
zfgpltvlwpwbirtlptznxnw 872783151 130895950 964084079 3994427263 9358972138 9448077175
bsjkyrbygrrtlrpnbsicftmgmw 9995285152 4987699437 3800053374 5831757915 9352069977 6917380770
gzophyklgfnarsl 7282481927 5440140179 3289996550 9508049342 9349397807 455723580
kdfunmbawahzaqjkgmnrlvgtlhliw 280627299 5981979849 6328256625 4306993634 9327536176 1067749830
uidpz 6550473274 6439033423 14160550 8555240867 9326819447 4556921661
izfhlptwuj 8846257748 5142211125 158351362 4939060972 9324295193 7697521330
vohogvjsejbqtdcofor 3110397599 6520456197 9946367155 2270805773 9317198110 3515835824
vceygmrusngovsrgyah 3691920446 7196266378 9426967322 7454643283 9309677020 1832111755
iijbvggsevgnpmqvzbkdkdkf 3916021418 8554474125 1239028965 751378684 9298324596 8178054226
wmyjuoxdrokyumptsyydkeqcvpz 8034215094 6855307512 882532559 9304595817 9290989779 489506252
sarqvbjegdqvaygolegutpnr 3255721248 1075375947 7600606316 6967947519 9288663851 5106725916
iepavbzfmesudfltwam 5394918944 6223540760 3179227924 197943037 9285858857 9765316122
ksejfgvctwwreuavpldtqrkfhepnf 4504769183 2029813858 3539803193 2542871560 9281616278 5799533683
bfukegobbaok 834450247 181521736 8930729511 4596491277 9269966469 5780017948
orh 4964984905 5316377698 5819049330 5537037223 9262542552 7213858438
uw 151567105 3438767069 4011820110 6248333497 9259344035 2961266335
ufhfqtfwojagbjriw 8746857260 1186283021 8656141232 3955282701 9257183806 9794404602
mseuepi 7907777696 7918731805 9116493850 5070514866 9255206784 2349401292
bkxnuzstoqmekwznpuglm 8460503467 600950412 411675676 8253355283 9252105845 7098173864
xubnlbmlohoqoohvqauf 2683841836 4197702369 8175116034 5954150570 9241114616 7291836197
vukye 4288296019 6615743169 3199502821 8151430442 9226937810 8563537685
fgkxjjfnjfupjacpyp 7295543931 2840034142 6438484197 38337188 9223475517 7044037457
slrbbbxcsmwgbbcuvzwwqqkve 6474857476 1207184001 3578748217 6850882723 9188351166 8456343967
urppxlkbqghogfcvbq 6761045494 7232661178 9277647420 6040529425 9181603671 2328914749
ugpwjvvhvhhhuonaianxd 3067172747 2959306864 1554969361 5166216488 9171051091 1945428375
jngusxbbrfjhahoslvbvuugizcvuon 2625907178 6848236981 4889189860 7191936016 9161674043 3357988352
ictnxi 511868694 2699297653 3987602814 9951779927 9154359077 8176549337
lklf 3199088910 3137765183 9204779333 3432062096 9147621547 6906197229
pkff 3808792758 9895559927 5009640785 267392072 9146117382 2819804068
qqdmn 1325887777 4470279059 5926467399 5757090653 9141597410 7080758728
oeqwamvkxknotrbnd 615608751 7305819938 7902890407 1557071448 9138356283 2947601509
ygopodlgcxzptuqobzm 5758485815 2652207895 5075998418 6269159854 9126625388 9332884542
nwtcfpuxb 6072370620 4146832470 1039112438 3886269681 9108716543 562428831
afcrtlidddlyinrmhsyynwj 748870880 7126489310 8210531469 990903481 9100372824 6409220770
wbgumqtddvgigrbxunlcl 4980554491 3088182094 5359837499 4101577642 9088591680 5607514368
hgnwqkoyfnjmnzulfldykudmk 2917018546 660104048 7941859584 5197941871 9076260550 7501800873
vx 3459238515 8614900661 9348953913 6424982510 9071843087 1288599883
oic 754826223 9771982969 8835462494 7811774545 9069358480 6213091914
xjwqskxtyyoocsovi 4386638723 3115434804 4822512281 6329594763 9066873044 1840278723
rpwrvflklqzcodcdknxv 7996172066 4179737626 4526958218 7924855519 9060996909 4414662152
hddxdyqlanunnsuijjubx 6970829073 6513917225 3483416582 3969852624 9059641087 5252669909
huszxbigqnuravapkkc 1152535088 3916502822 2810869082 566038716 9043950181 3809013940
tec 2136262370 8526109293 6737352892 4667827220 9039163460 1137246305
sqfgz 6254139323 6622755676 7951670155 2542267003 9033905676 9155099394
hvvsmqrqcjdlpe 8920887203 770500180 1027020452 6912121966 9030753407 8139954099
zzhqjfhalelmgnqxf 71625403 3096766170 9834657461 8829388993 9028896908 8116144645
mbzsjmulo 8581999292 5199830663 909814536 9531891970 9019494531 268421786
zsepsemslpzzdw 3209006738 1568723895 7098156422 7704412134 9017096400 7539115590
emvnhxwojti 926496744 5589754498 8686725194 5984278365 9005372544 7413344948
ookvscgvjeobpxsvgnr 4257289168 7451590617 4048640225 4340509358 8995710290 2046262826
hrotctybsmgxazqx 7605669552 5312336741 5641822937 3411101353 8981325029 6177327649
hfuorxraxgxliligedxwij 96131032 1883011370 7330243740 1116276542 8968384239 5846527389
nhmuspkcmboqhzz 6177777398 1101538202 9004845013 8956026597 8959869767 4955578324
cotvukjtmgxcdpdyipkxuipq 3880149402 3971668451 2246563894 5701412262 8941235814 7770431669
zetppydocuccgrllrfjgigknhip 9739730704 559930880 6034535775 6191975574 8932859819 6717364917
zsx 4879899192 8481081893 460589986 7624609400 8925731301 8146327042
rdslevfqmpxvc 116663515 3112061928 8160023961 2219080597 8923295016 5970823454
cwiheoyrngyxckaku 7258654736 4599142417 532984327 8572691218 8921177620 1724703667
diqethfdydmqnuxs 9548354794 518843196 7633195891 2429780141 8905411023 9998604897
efpyftknfftzbgekbuibthwew 3351284628 1592219545 8963380036 271249218 8901550368 9592271660
xlzarm 7127493357 5890447750 1957874892 68064601 8895932577 5604504236
kdrzmaaxfc 1117976617 7781137644 2687110070 249936318 8880422302 6631891591
nws 6709190326 3370648222 3693308800 6502072906 8877638402 8275356479
jsoswcwxfislezaiei 1143430527 8305516704 9386988132 2910344365 8876884224 2322799329
txwsuiilwlfvpcgjgve 9682241042 6110043691 6274481212 3599636763 8873872906 3664697668
jqglntp 4782448445 902951996 415631682 977424013 8870688442 319060961
xstcemwcekwtjnrywelpwzql 9373988096 6262740069 4062375163 5947459436 8846582422 936188784
qbvbkztgaqrpfknwwuobzoukgpwb 6679475873 3508175644 1604069752 1250223365 8836800763 7721369283
engthpttihrurhky 6463290283 9246670897 8917346090 5021719144 8835437341 6785702970
mxpvixbpdcce 929871346 2361472165 1955469250 2111683745 8829264432 3671294995
xwowai 6069515472 770337284 4465229456 674564283 8823781590 3034082635
pceglvljehgkfoaebmkwr 7463065839 8483225578 3042900025 4081267726 8817423381 7783374210
rypydxbdaywaxxgqidbqppsh 4609788009 34860106 4456471169 816680321 8809335418 9156652809
ucn 9950719459 7082396715 204064334 8137862045 8806766107 8345331776
oeptdsqgozdijhpjzmlts 1630913941 5776974719 1406235003 477101885 8799316340 5204101631
rxfvermcjyexustagtqjsbqqrwpzqa 6170145719 2626849511 4434039942 4776144662 8798195655 8182233590
xouzwkvmykea 1495001831 6278845235 2671215378 2249401439 8797007757 105505453
cfnhkvkuxrkfewksfotkakxww 7369088451 8101979683 5791861057 6374649084 8796658428 3163353322
c 620664067 1263426859 2750508069 9770287606 8783007141 4695702653
jlcbjynfbrvzodbpegjpoltvqsp 5180646342 6458388111 1295320691 344802045 8778658854 197423814
hkclqt 8299327716 903722741 4149749252 2130579126 8777685173 198794262
rwfprwlituhnszqrcehjxhbmo 5436391870 8692003628 4460639457 1392778222 8777434730 1674479889
rfoglahqpxkajlhpcinhkcw 6556520640 1237780027 9080647476 5838177836 8775892178 1358939809
zlbypusqonbdawayeizxfbabucy 3717974939 8963892626 9866522300 4046610983 8775859686 2769905325
eqdnszzdbogdvf 475159130 6216117573 7159071015 6329212661 8772457606 8040267821
zjwhcsgixwhcttojp 9003348923 6807423212 2022588662 8507443814 8765639450 1374295951
lgc 4795160946 2596096620 1335387155 3912999339 8754786180 178094106
csaihxvueaehrmcezgebkeklykkeg 2078713793 8644094906 2363345578 4615760348 8753593696 3438789982
mpbbngzi 3756176076 750395125 4435612131 110209204 8717567156 8464538686
qtocp 8238837101 7573612578 8310518918 1771666248 8704628163 1631558130
zhrcregvjinhvvynmqlm 4436024189 961683469 6549647588 6519839423 8701685025 3098776720
pdytnhoneffsj 16072711 5078511715 6210332935 3901353671 8697711538 4125879263
qdpbm 908045474 6491505214 7556110054 6340505191 8696988245 3770229269
onp 6609744087 3965950040 3446860507 8168446303 8685162430 5006089928
zeitt 4154122560 4970213444 4977350352 4159124660 8676288201 4528013926
ttwronyapgaosrmpcoctsuldw 7016096251 1210793201 5378938099 6500032185 8655476485 5961813940
zznxmeswirxheyrgforioov 3825469897 8892658829 5484424572 4498157322 8649046486 1652037873
hztsqlsyfvzjuzo 6886255542 4834522472 6076945733 9137879768 8647224068 7577139671
lfohdld 6793557652 8616569983 5242027275 7169910514 8617769192 1959045515
tkwunstmvtpoyzedastubxs 902373092 3794153848 5829938921 5544320832 8596043182 158647674
sioo 7798372712 4186973390 2744370739 6166507024 8583325436 4853561809
dqzrd 3492733782 7219065293 7222345396 6231507779 8566992257 9938220594
jjstsgkescctrfuxedejxwsjmvfdti 8055884140 5825152317 4465186586 1764314264 8562864106 8610836586
rettamgikmgdfrph 8232509443 1543954435 312301951 502018972 8548046773 7202259503
qvimzouuhgdrypllvolwyrja 4538598190 1713962378 7067917242 4210933768 8544628229 2847443664
dnqgsatlxuypcfhlsnqw 1946102642 7392275729 2762140307 8653563096 8530758741 9353011441
zfbdhusocdjgrk 5387459670 5070521226 9294156551 1262630009 8509578010 423972793
ssdhh 5482756974 2852839808 4948931596 8447492253 8473479301 3838305945
bkxfqvwpjx 7802198032 8505399128 2730686549 1401317888 8472197845 7798157013
jionjy 4622569444 2251033960 8411160696 6859163139 8472008160 2253262948
jxrvgproha 9671395677 2041835828 6452735200 8965893122 8460276633 6390243796
wvfcfeyqpnmsnipvbrlvvumbfwyiq 3567925771 9105466857 9068753935 7070363872 8397245791 8381739538
kuftrb 2886994541 2858606851 3595883655 565738752 8385690856 5632246996
vjbepfjopfivcvvpsjjcb 3625038394 2134281565 2379836558 1775381036 8316054431 5464885491
lofxbsublkun 7253171082 3740952829 364761537 1676748291 8300157419 2955258814
rwkddgkczdf 1587960320 4835868333 3463172677 9811321704 8291899419 8449005415
dwnf 6915047250 7963724813 9326143853 8602171632 8280113719 1186096743
yvnjr 1597158692 1990997779 2815282979 9051506880 8262605728 9361460203
jfckzusnubemalkwp 5641962313 2532819536 291975600 4342084752 8250381817 5439944487
ciutqzsove 6118923116 70458909 9541843661 2394155042 8249995647 4433151813
gazcuwupyypkrria 1537757159 328888234 8776002280 2283881120 8248828505 4138664800
nvigdiowftfwfc 9395478652 1333926114 4960591745 5859787719 8248489777 3695911175
b 8587160305 6502532021 9676719302 9057160213 8245896630 7944268754
qswuielb 6540487854 9554140413 6624084092 3095346104 8235709260 2843352172
akzkylf 8416011210 1303757708 3401651566 6673188345 8235555888 7941531332
aarkhfqmthqrk 7123533628 2599708436 3294601584 7579562844 8231451804 5066408297
ylbync 9971863382 2539139542 1947573560 7156153598 8229633169 9267618950
kpzcjohsvxvowfclqtvat 869455091 6976799409 7125752717 3151001715 8218816916 6660634606
fmqvjhqx 2197984684 5928958416 6518504590 1011398782 8199392258 4929258616
lyxrmhutganrirkyiztradpklh 6951857679 5248805219 5333885523 7926899407 8194664045 9365302992
pgmqjqiisl 2137853945 4621953309 7222618011 1589011202 8181372238 468386977
bufysuhbzht 2277886979 7593245786 4764943446 2854629811 8172639618 2913802987
mufqmxwilnqupcsuz 9115772445 1142289453 8280824543 8449196518 8170272406 1154511763
pocbznlmiqglxjtkktmoibettwt 8152501641 8305639739 2578494181 7496106593 8138989050 2276960853
rzkfnxto 5604398921 1237950708 2487470502 1716705699 8113520087 4194663220
j 5789749646 9353345392 5392009583 9823632704 8110324696 2135378939
odkudmqcoscufulvyrqf 9044594852 8370767178 1616890427 785870051 8094885355 4776206125
cuvpmraguaf 8124309964 3316309458 4457129637 2522218744 8070280757 2652024206
hctaxxedffn 7678632559 6999378939 940042166 8728527411 8057599047 4937268771
qzusdmocwv 9663784820 1722117016 4472012059 5277131977 8045077069 4317440490
ytiswtach 2023931466 8964415640 2180372464 4919006016 8042497116 880601818
trg 143852562 1791595003 5019931117 1409561320 8027130492 281141968
ydijyzmwq 8180939119 3806930193 8909791060 9227826083 7978428161 3578046938
umfmowwnogdnwmbvzrwjnspuk 3367812191 4938103017 540061080 7680384369 7976598212 4714871263
wslzfaqtinclyhkthjso 1610369703 4456918767 5979279868 5406068524 7957726179 5519661670
bznuepe 8043274212 2548267475 527296317 9007112267 7943927444 951343990
koqngedvzagahayycyzurjsurytwk 9872870213 995435134 1760474881 2230571803 7941958873 1845702498
xxyjn 5639842633 8659980737 5838128427 2901325959 7940823962 2619391231
npbgcujshvitpaouxhjcdengagr 5611032043 8414878537 7584170284 3316751375 7931956010 2695064509
hcbrdbhpfjrepsqfanieaipul 6432002508 3330804383 190597448 2304084420 7919907191 6859264206
tkoxfcsofnhcoki 899036915 5532684791 4518957824 2632086021 7905588306 9979493307
mikbxpwjnucojyemxi 2268892144 2154321410 1411316218 321935076 7899895155 4884977517
ew 4021166180 6921828955 5943855049 5125600905 7889377049 1077868962
uffhdkuizurssprnxhne 7011867443 58814556 7970243396 3414655681 7886002536 5607201519
vwvpnognkdbbqpx 9939888824 2651393458 6847266109 243176258 7872451479 5551791940
rt 6087677584 4576082274 8117597381 4718863229 7867848246 2370502794
wzlxluectshewrrwhyndxz 2485377561 6947532820 1667343388 8909792868 7862225900 5747188560
jbetmmbhwvsix 3282743335 762440842 6832194145 5723800091 7852146140 1856746539
elfkddcgkxzrkgsddsrihjsptqy 6180889966 3199475861 9695768451 4190174244 7846092041 3468963739
yncppkxsczcnasvgnn 5040491938 1423317558 4850801976 5368349759 7828871562 3284229352
vmwluehjkxsv 8411631512 857031790 3193038967 7980829984 7819886185 1538607976
ypbashhmlneidbza 4482259657 4258879879 4756692139 3046473147 7791946927 7059081557
axzlgnhoserzfrdhffuy 2320431014 1325893690 3695439569 2280858375 7786671241 4800693592
mzw 9733159126 6958851762 9343410345 6119890233 7781008874 3051434524
lzrkysora 1008034898 9431187886 8690070964 6958943893 7775215951 5877237804
qxvwwptlbtaywnbrpftzrhgnpcbf 112506010 8112494082 9865351344 3604820519 7770035980 9655655693
omxsnocfrujpmxqeaouedgbo 9995283931 8089333496 5182606273 1888003425 7754024322 66145727
gbxpitvz 8663404041 4127660240 8730105474 86747921 7746367955 5379551915
fvhi 9746741666 1933101370 8967241094 3939609532 7737470969 6574351826
hrqeshizxnrjjvtmrzfdu 112644825 3065768822 3891173746 8816211775 7717335530 3167681473
rmfvczbpjsgqslcsjdnsefpwntxuxp 3316516983 6180385373 9647274086 6481320036 7701767604 1261360973
etn 8274001851 70639028 9330392787 9312461237 7697061562 3787565565
fipuzsrfxywmmncw 3518319823 4857084305 9507519038 5668262138 7696163875 4160060812
mn 4561502925 6408244755 756853160 4196902563 7690596754 859139991
hqsplikiqnqlrilyeq 7378066385 1275380529 4583314800 1703544642 7689555647 362293413
aalvuhijqlwvhrzpyyqmfudge 1272094322 3789120893 1881954785 5270533505 7684173976 5541440952
iy 7985379826 8824233229 8540366618 1646909541 7652058103 5403310990
laneuwvzjumfawxi 3324398816 6719361818 1596390788 6717298308 7637026620 9816813432
mxtsqhirtdsh 3010378131 4512307407 7810159210 2455967299 7617725389 7395277045
pcl 2134821413 7708770691 5447139148 180357069 7616220090 9577662917
kikifktkzxaefqulwjfl 6900534552 357558286 4166897826 3791844300 7606241593 3753878417
fohqkcpjeksdeunmxlklxzk 7190101251 7768342810 6309507473 4897872966 7603990292 7288899153
avtydxsqzaruh 2278699492 2459780905 8510718101 5491857876 7589461807 3779231102
nzjbhcrggzseo 2710471289 1708598445 3742353450 6034624918 7588542412 3918670349
d 9580877997 6829828683 5294680167 755916715 7553469275 77169821
ohckazuxqj 9484776210 6908090496 2071075516 4080566128 7544222293 977783779
judeekmonor 6944204432 3627305683 1602839354 9336986144 7532137204 8506565719
hlhbmrs 5724183462 6478940070 159072751 297611845 7505153650 9277546806
izecja 7144299565 6621121684 7720742124 1737295770 7502097077 7967924198
whkhrzqdzgqqkqnl 190758546 1256868513 1082884152 7264063871 7492181306 5585118776
jo 7012564032 6770571556 7292340264 9914823939 7474285307 1457275104
emikhtevqrvyrljd 4948691146 9338458960 2399028180 8518381020 7472560432 8385103968
ungvt 5595750539 3776984858 2692632750 2499793389 7467470120 4331415452
zibrwnedgtttxqjdkgktf 7751300322 8120086105 3826630963 6411415547 7447810536 39368587
yefzooobw 8345403655 1259602264 2567388871 392581412 7420483709 4853237533
zgrbtflocjwhlijawduhwkqshmlo 9547230102 185949497 7762931854 6254699902 7408621024 7497150217
fncphplxdaukhlfiur 1226407876 1310223789 4470828439 1693380769 7402215428 977951982
sucaaptzgaoizkghilthanbztnpxy 9854938677 9968971896 3421175299 6181471634 7399759514 1694625807
vttaemajpecdqmfiwimvmwoodcvrn 6304601560 7166989290 4056512669 9843228407 7398803381 2531210346
xckfqhnkyuzclhbnijokakkf 7941884604 7116641411 5701064435 5084203935 7385611118 2684643886
xfl 186522843 6903892082 5229810810 1279571756 7373524054 6261688483
tvirhkepaavp 7412103567 1777902374 7083244838 6289210332 7362701250 1904939272
tktczyengpcsrpsoenwwrsqi 2734031325 994728374 869565828 5234522744 7349439511 510080552
sqrwlckbdzg 3258886581 3515129755 9538787996 5247707915 7348834787 4127949678
vvuwwmracfezekzsaxcsu 941858009 7514637552 8463606089 9674055428 7339511059 5938079016
ajqfranoynubblqbqqaojbjpbo 9887194341 4961194863 2823616796 8432354960 7332653434 2021032983
lcpwpczxepy 3908185154 4946778782 3964774490 5708234202 7320806726 5806398325
dnquopgtxsgzemebhuzvqvpbeljh 878576064 4678722633 1850985903 497288729 7301436945 7359375955
jkeoglhvqsulrkpndtawkogtovki 5729309329 7240185718 9255335985 3048227578 7286486400 38031872
wcnf 508763497 954944811 984375198 9099720403 7279278344 3865561854
znffsodiabwplxzpitilowyf 6002512746 20136836 9963310058 2891623462 7265330416 160178264
tjtxziwonaeikgshfjceltt 5501812582 3197146713 742922597 2372210815 7240642848 5751959923
wgjquicektmlhwegurr 9481142910 1722909032 5354393005 6614101605 7235154716 698493973
miktjlszkabnxczyxysplawu 4933425175 8324650514 3711561535 7344862298 7229190669 2821691783
vihl 282896728 2606960372 9888211957 2858773921 7175430266 6787275651
ztbw 8761452986 6133718676 1182503555 7849789747 7156076542 4302878197
exklzcdgoguhkgpdawsko 4764365300 5320113214 4323807214 4095918612 7143629197 57979163
qcpnrlwhjlrhm 8178668759 6068060120 233653408 6102821918 7142258360 3806163856
gqegeaqfquwfixhxkuorrw 4826134300 9622915405 4531114271 2744607723 7140640164 1220333220
fpjsrqzvzlflxwxh 3648261842 1438179741 6796259645 2163118445 7137640240 4394400787
levttwtlyuntkvuopkgbmfgbrgafyr 2262756841 3234616393 9566464167 5212907017 7125126886 9376706131
z 9451179036 5219799246 5404428951 7099154453 7103158509 8154466525
bupkkdwtys 1517848956 1319926997 4696211815 7331925729 7093056209 5880736945
kfugsh 9941332002 9605843861 7145304056 1706066289 7087311599 748583120
gyvclqkxxgiy 2310422103 1770672829 558322148 6394045468 7087183120 3562651886
dcaqblhgwrldqukrit 1877112482 755950200 6690732705 2269994700 7085131996 164705946
k 847432992 8488989648 2969777803 2214825069 7082542856 2333838985
mwagqzwlbhc 7924192010 398632781 4443308650 4225974484 7073979800 4900820729
aebknrlsmksmtvry 2036752388 6049060936 4042875332 4014463687 7067653291 3827094300
jtfbstdfwmvouza 9888906354 815406000 8856331150 4106349460 7066287968 4074910618
gygloftyhle 918027751 198749977 6389248827 624474714 7059878793 2745051936
y 6265300309 6257478940 5180856006 7568744203 7013801313 7161802415
ykoytqqntphkj 865799821 8415423231 6086013137 2890867766 7005797114 2301259901
qtimcepioyciafaetqbczjnsooripg 9645302095 5059511729 3233764100 8831163362 7003651288 4054896654
zddbqlvl 7987314742 8987167602 9591858282 4452765604 6996974989 6421282736
cy 3824423542 9059007349 6079163194 6647061263 6992588113 104847804
wiedjjknmlqojimcgy 3279663974 5474368705 3305441922 2076537843 6984538658 2250757168
byjyommdms 1251673523 6422043956 8537722037 1523205924 6982018011 1315166665
etzn 650040191 6100143485 1876851658 3501841491 6960528943 5007975476
birzkeuxpibmubrtonk 2942840518 3713620830 3432651970 2454571855 6958601786 5545031927
lonbxwebqjq 9124786931 8164118878 9631114046 661504061 6948281622 139624172
rduypwokitewg 5555504469 4484066123 4754818603 6201582225 6934346635 8689134003
eznlmhvzsstufkkj 1286108392 7902177426 927071008 8914530330 6930757068 1863425426
vfvlflucplk 601943818 8478942594 733669063 7785309980 6910816106 7473509926
brijczu 109037597 4749900208 6587903173 8533469277 6905982519 5886256985
wegg 9689237537 5616669560 2057920175 9672127505 6888093082 1151774805
fxfkvyhhwcmovfwbjbwg 7482026748 9676375909 297245002 429477508 6884340374 3338292393
anytnwbufspnuzkolacakhvw 2341604811 3458753074 153335420 788943635 6877204480 5919401900
wuobgvixsnxaszojfddjjsjdia 4158740016 3785395597 9348895191 883250221 6874396254 1683726451
iacwm 7543848564 8188082465 8706561401 8908837314 6866729794 9773320765
fwhlojlonkgtphrmrxcw 8746582158 5782030096 9786878447 3314742574 6857833321 3819211782
zbnapi 8965373427 228538845 2762065795 6904249163 6848984642 5344328704
wkvcyaaoj 8090177661 1304186822 6957136212 2844195183 6836804795 6630906787
avto 1679911598 3845221936 6339830039 7750472466 6829982811 2428306821
yyhhniitdlnpavzafqyfisoydhbzwn 394072299 5689113261 4410304926 2913435763 6815038808 6312363904
hpksjumhbuceuyh 395496596 3525835405 7154862728 1582630583 6812981086 6978156312
riqbeojjzdvgrpgiqmalxyiplnwzc 212900351 6566610912 6788488748 9473190368 6810826283 7081938252
zvotrymqwce 5156691804 664611882 6378257001 8388279775 6809461724 116243586
hxitbrmxegkfqjxpaiuzpmff 5447798519 9346743978 6694152843 5617675555 6808191663 7674868520
nkbstbmowxqovolupbpsiusifs 3731583058 4677152643 7610817788 7065828996 6783778909 3386956335
eitttcdfeltlfpmrhytwpncmv 3011714251 9088891658 8449687966 6604055205 6776677431 8403445297
yrkuaalhvawdgrqovjqedwaqsjkee 4224312923 1668667933 2991015976 9318845011 6773212666 9468725766
bozoxhihgdhuotxfi 600628178 7788436401 9772569552 6396856847 6768117827 4356699227
nbueqsxsjvzwbqmuri 5578464798 5686395715 527737442 1813923581 6756702741 559040920
ay 9386410796 1489225176 337725628 3714940200 6752536008 6592749773
zpoynqbdvngqxttw 2581330229 8164373036 4607804803 8420560830 6748775887 6747830447
vnuwyamlfrc 3243384812 783796818 330683218 4485094628 6737894551 6267280552
gbzpxnrmstwnamjrzohgndsglyklli 6738440192 3386655364 3889305547 9090530731 6730190631 5395409924
pedgovsgumyewjqmscfszgctiuwv 391433655 5834011346 2845727858 4601096152 6729713071 7922183257
olwifphwow 3161183411 2623388701 6653630351 8276151140 6704220996 6534366688
zayul 5720625142 8414514042 2097997807 7469719541 6698962160 3769075675
tdbxmcvregjpfyitq 7677331349 5144411210 4173051322 6473109189 6685719314 8654023568
x 5131491381 7759879992 3174262657 5936263084 6678074219 9105515648
wcmiodmjbmgjdwbmtwgciq 643296434 4655845169 4224959787 9715024232 6674847846 1138798913
ehozgs 3658900601 3458740995 2398518439 6278757901 6666053542 7239952111
zrwybtunzic 2306393420 9335367698 7200081692 1025536961 6661089234 6905589603
qgfubvhiq 7255671550 2222883447 1643523338 8414308014 6656092344 6004252230
ofcqtsybfdwdiiaubpefwzbhcrcvk 7792545672 5405839348 7051245356 3871595513 6635848451 5317678007
vcqevurio 6238602045 5655343049 2575982396 2486550047 6629892671 1573828767
jtsrowfjowcujwg 1914946088 6427725082 194880235 8571531391 6616702994 2226044403
trygfsgvwcynktwilxmgszftxrhf 9883347067 4244151508 6179689496 140186192 6616584715 3896784432
zdlpzwsuf 7828547789 2837007771 7641682073 8732101153 6615645959 831964832
egp 5030818087 1653336332 6936157766 5451738178 6615393119 2211364166
xlck 524932932 9687307941 2123862948 6752600801 6605518588 5778878322
tnttgnowcshnmrpim 4087935371 3750569795 8521028657 2414645126 6599882973 334037741
tt 4287630451 1874554699 1560009056 8499010567 6590038569 3340406210
yzgbhtrdhrujdmlnyn 2270739711 4703288574 2165184305 1579335024 6586878724 1366466916
asbkqnyakwwddnauydlirhxpaf 3405107823 2351993889 7345183412 4906795198 6572124233 952177389
ufamurymcafayaohaocirn 7381844543 5171398335 3512132313 3118739080 6526231495 6314849345
gaadnanjvchxsrgibryqyrncc 5983089078 177482497 9289294724 6653489382 6504434268 5389281158
xfipbyswtugnxmhsqzsxjaymuzde 9746036752 2579817067 4725014577 9200435303 6500429636 2647940060
foy 8654278788 7034898613 250774383 4354277212 6494088049 8870396548
ssrdtopsbvcwsgnepqaus 4419607843 7354812493 7493457820 9161089980 6467974861 5287556083
pxnubktdcbtvqolwpbreqixfgum 2998551661 5086413723 582435484 5408972378 6467364909 7183963830
zctd 8162748095 8509570531 8841009971 5958069984 6441683316 317505940
eadizdbfldyzdpgysgwoxctov 1010433067 4313063033 8075562871 7150701682 6424210520 8209219005
l 6468561429 9586179272 2522165324 3566525566 6405888419 9571526452
xglpesffihfodalhswuknksfrisiza 665523347 1269799794 6775475740 6675114254 6388847248 6885019160
qypnklsqdxjoq 8521921363 3009986113 1954425669 7808371751 6380788929 5889590465
vrzjsulijqeknqh 6204317234 4111108667 2576738926 4079220214 6379112410 965242249
laomtq 7972270915 1174055916 2271422443 5672927108 6379001365 4030126772
okdsfnkdbn 3012205441 5439882389 8336041790 3682936409 6371138138 7810596138
zw 6460924739 755362981 4206713670 4607652798 6362839748 8646558769
iyjksetslcnqy 5533186336 563640448 587440064 5666546058 6359883129 427196715
chlztvwjvftd 7804982872 2237749119 1960359288 1809373720 6342315997 6938120928
evqegmyzelzaxquximlgqxel 8692817385 3930717941 977300776 1631524397 6330116773 3109257971
wfyuhomqiz 9595668941 9010419795 9758545545 700353379 6323842673 6258766588
dwzoaglukqdjgdjwlmohjif 3965725208 5737028383 6860888971 9686055803 6319268130 2003119177
yqcrkqwtxppoapqapprvygbdcjak 9061459267 5840136787 4971171872 2165494307 6315717811 6580944330
gnqcasyygurfwjcahurfer 2010190605 6406539330 2427944438 128876438 6295615934 215811486
nfjlhhcdviotbqwnngpokuuvm 4689057729 7869939012 7331757743 5743132135 6290759504 7771429093
nllvrayucchfdnubzq 3433163800 3765776836 4725708805 1216102867 6288317121 7558024808
pklasnpjbxsgktcypuyxwx 9970182158 4705034084 3239267569 7515172636 6286704335 5104917341
xyrugqwoiqygrne 5720693353 2740105698 900971377 8154756023 6285028776 1157174564
occgijqeagduopwnckn 3408404980 8537604231 7847594461 4365766378 6281619929 9740504927
bxzpwimodopizlcbuukdxc 3885857354 6081997673 2864723581 3445226774 6278853142 2255404036
cmnsmixnpyxyzhsyvirgbwyinl 2014658896 2204060894 3054205312 9646981316 6277034711 3125557087
xelgclpuswynrwlb 1146069375 3581343937 8630696781 5359868465 6268528456 4776511167
qqkcutudaabejtiwamwhlny 1158014377 2425883395 7445365712 1614905540 6263585228 726060825
btiutaznfusfyhymhhxpranpmfd 1707313762 2653344180 4939565780 5373199437 6262086205 677136858
csbzmmotpv 911595835 4933315066 9487087530 9282662996 6234724881 6606776374
jrmjjkpyeunevlffbu 8225915520 588778402 4078529258 7362964217 6215580935 5772022695
zystqkihfdknmkg 1521506562 8190790954 5894413325 4397548793 6215296449 5013494056
hrlghcpn 2837430899 2743983717 5670628853 8337657131 6212956595 3856190375
edalyawahwfoqfxsvpmjsprvui 3312142143 9404355315 5653543513 6752186313 6205136144 8119887487
ftfxzhepbrnvxqrret 1552535039 9028713834 8892171737 9091087315 6203666427 9077211291
fcywwnzarircsn 2664066458 9158221047 1407841377 1014928332 6199862131 609379352
bkzmfapsehtr 6615788275 1174972347 8917003796 4394862998 6185284275 6801327485
ybyuyknttavqxohnh 918445533 9310755320 2045301995 951843106 6176828514 8976152422
pzuhfifw 3056135829 6144806840 5524601396 5378042492 6171003686 3536086933
pwnaynjaugnfckj 8141867084 1431381637 633593862 3340199898 6166596585 6646223034
zllbjoeyoujd 3606441593 3979430111 1837089640 1377655697 6165416463 8608566
zbju 9218577778 5624300946 9544287370 7538721646 6164153375 5848572358
ufapjgqvaxa 1503639041 68918212 8008188445 4835606662 6159497673 9471251451
wepslbn 5124463228 4397049558 5727464288 7551722457 6155998486 6486699414
xtsugvmjwjhujuzpiznvfkj 6913869396 7716809530 5481700740 7184129257 6138526777 4371854288
jsuhtwltzglfztwrgkjrcugk 2938850295 2013170567 8120625793 2817807909 6135179494 5873644343
advnzlrmbpgaispupc 2154058621 2474496198 1969569806 3252805552 6131357367 7684334537
mccstsx 1918531385 6244111055 9768032000 4709535224 6129250845 3593706287
ptfkkgxoucymshvzbmxhxpbdp 4257251630 6845321649 5270678639 9742377208 6124569011 848623152
uzbkmy 9455584726 1924566059 8392331017 5955843688 6120518962 7467920746
qqlgnpekvhllzygghtniutn 3271674419 6529867694 5499024271 793448400 6110862228 2735716026
jgoizeal 7788677237 6508524489 8421981763 2056780543 6100658642 7190780881
bfphpsxbrxwcczmdynf 7649711100 1963426181 8827451240 5319299237 6089591074 8708884107
gmegktcoaxqdfvvvffxhrxsnp 5051413145 4979416223 6057597434 7600709594 6035671106 6800807863
yauesvsqgubnzfjxcptoqifetsokz 5330984351 819210092 6571736468 652923347 6015347753 1290114768
zfouohx 1967183665 1868176967 6177309843 3527966731 6007680290 1041329160
penpepstkodfwpsacdrke 8834774905 2798829937 7726919174 504705091 6003040084 3366946857
gc 422760085 245593402 443414502 2850308202 5964170313 9466053745
mebtpcshhfgreri 687951825 40619847 9086873719 8848161774 5953305062 3613912676
hftbeoelxutftsjajxrd 9804343286 7519753195 1917081126 4507984031 5929264778 2651216021
etyqsqxmohoktepunbixe 3089197261 350418062 7578248675 4587865474 5921951494 943040172
ftnoxcindzrdkfomkykrwkgq 4522803248 5789775387 5669062559 2567785651 5895179281 3917315294
iddoizpdpjck 4737852059 1799343356 5336489689 5368708543 5895129379 7489076553
jaceqpwpffifx 4487519178 3420209054 3989515229 7279468301 5891019751 5570307515
yesfksrkpvruzdsprtpethnm 6639011041 44672360 858955700 3460528872 5886563003 277950589
yxnjtrqu 5423259641 4988426479 5555538955 7767467859 5881913473 513044157
ypaguz 5746189156 8459282020 3022395763 9429993919 5870651147 7866242172
auaagrekgaemxxs 9292968239 8631560161 198053497 5910708201 5849196393 9959329564
bdchcnby 3834127734 7367582603 1940826592 2436715590 5823525093 4467663413
bgrmmqfjqfugubhphymiwqc 9578675374 3272110014 8390732610 8181271183 5798822935 6397292221
vmqyldyqzrghvvsppwvvnai 1003298912 6570978647 5951655707 7011363810 5781286184 5019849784
noxpwchrhsxd 3572818836 1657528999 7742482082 6130228160 5756994512 9072706811
vucwwesan 1793264396 9162611257 6754973218 1210474541 5740089988 6240520639
gomxcjyx 3042310777 2423088600 7708051791 8329984127 5728803491 8177574129
zmxovydmuyczgcfz 8973712570 7252582587 4308805722 3364700986 5723188578 1768196537
bavjxwimjqcyatuuvrufrfkbnyyeyu 2842482991 5392985900 7784350546 5298766450 5716258625 467743750
semte 2495765871 7622100568 5349181246 9307399012 5687583797 5609296688
psspdosvyhratrlwletxljdjko 7083646160 4364797505 7134244752 5084427387 5686440497 5553682403
mgwgixzaikzclxc 5342525045 3495933961 7200919598 6522159426 5675747296 4779302770
bbmnn 343971166 7417652174 568521349 2476897418 5662236646 3792123288
zzlsshsoldbhm 8362252851 82025856 9543301619 4032421973 5657509913 2305365318
xukikdoftcb 7179199971 9062826666 7572345472 3993481146 5656902385 8448836417
iotoey 237147475 8720754307 2149887838 1533404139 5646307390 6682061655
mogqjyegefykvjssayxdjdwhuwvpfz 3541875622 672827814 7384955164 6563989418 5637755752 9406922925
wfinlrjuubxcviqgdkkpn 8542696141 8729058460 8507099856 5057243345 5636894461 3926189915
glvqxcxjxlkhpqfferulcpyefbfr 4931508765 101391871 3350911370 2082222636 5627060654 9355987017
yjbhdkivr 2526826922 709091911 7910124898 9837621741 5613187592 4882987285
akjemq 6811744466 8622398858 5667876849 4473897422 5607981454 7222598482
uh 6097728353 1822631561 9195775632 4113216474 5606553794 5260665621
cvk 3159947958 6984734418 4454370975 4393540919 5602551106 4426900420
fnvxt 7509871940 3929461820 1897049990 4792950551 5601117961 7033424565
nujoz 6457234845 9025279386 2503019852 5310884387 5578344468 6810156729
auxhqeb 1720067759 1041186423 9521026161 1940129434 5562149986 6441856068
nbbagcoyusixoifusiirlsuhrg 2127739067 6044468091 6281146234 4225563248 5554301070 1909552467
nhncgwsrdwsphyoelvga 4059356376 4523515999 1205754710 3521144921 5553690948 2574698759
ufvgrpgzdhliamacuuicrpkzko 8695141617 247334863 7115188374 7888882529 5545644754 2718617646
gpdtadbcusecxm 9071550081 5299805342 3182127521 7590955584 5542065768 2883630313
fuwutqftufznemypyzifzreddyrgu 3489783484 8599187005 9935192327 9457263834 5539925743 7941055666
axxwqqnygp 998394644 6981541157 8080642353 5517733590 5535376800 751844759
tvgfwlxrqrvbhbs 573984788 3111625872 6291380099 7961812468 5534263871 6737979542
fyytkilkdzshurpk 423795403 7644494848 6362570349 7828280372 5526421064 5744451077
ybyraiunwkwnbmsdadmsw 7947608439 3822587434 1246614006 9694589268 5525400059 9055890098
gjepzvophlewzcadnliyrdvbwxs 7082637344 9666323652 8893157172 8771341938 5501457687 2536159338
mzvvhugtgwuqrhm 5381515502 2390670306 2701666682 3238190520 5492438778 9681587141
piyhoozs 5162630487 4841402415 5015615028 4152459827 5481393307 1890689493
pztslyeb 6865941899 4828669623 4547614206 9796806331 5471792570 1651186929
ogtlagzpbkjlrekzewcoleolz 2114140827 2984802108 2874085558 1183059453 5469548912 7367737967
mciavowdrtxg 2686798346 4319068547 6654386783 253158320 5461001882 9175403239
mpetjyhvr 2790673902 9700745466 1758526692 8516219700 5460720804 673702572
waijhlofyzwtyyrariqacbuhubvarh 2656314957 8318887031 191621632 2546626943 5458830625 6751149296
zvrndksciecovfiaxqslian 4657158389 7688109088 1921749248 375909695 5453193968 8574487866
mrhebxjmtwfhgod 6510229419 9029391887 3200754497 4226388818 5450378653 4679549804
mtzqbbtuyilmhmrn 3614987683 7804873322 2371635317 9281290526 5442466564 692628463
yknrszlwbavygqiyrdmovu 6358418468 1043034695 1790369969 9048511813 5440428819 5332711961
vvmwotegzztmnfrou 9025349074 7148922321 4013840716 1039352988 5428699864 9520194476
vzarbmnknewbybbr 3146299380 8775706234 3051471092 142486212 5428384597 868765588
xirnntcbpvcpchhv 3636381861 9728567492 1334298906 2324871426 5428312845 9825180339
xxodfnc 6767212887 8521860503 562759137 3287808232 5415709413 6133667464
dm 36027420 9073850651 8587371104 2908503997 5413570535 6694455707
yynvaxuovdojceyyydgromq 2241556779 9862885823 2104392479 2633058754 5411235485 7047625106
jbiogzgwidntxecpy 2428852659 6387387911 9558868022 7491322949 5409020844 3590519062
cjrngvgpthoqxtlpv 9808960373 5709774946 2274936162 7830482327 5394199134 3067559857
hk 2314151074 7191773695 1912922356 8762337045 5393506965 6577023471
knslywswycoxbegoabzq 7352227648 5459654633 7545995359 3047609040 5380494309 2500803139
shlo 1185274133 7096494626 775238091 2533624764 5377587147 2194046364
rmpddccdmjdbnvtgsc 8539175539 4040258233 5958764982 656896574 5375235682 6621769189
ajvseoeaxjoibzsoq 5201801120 8032886338 9191486145 7430836477 5360253881 458174578
rsfbmttkbcxhtqxfctrz 6250521566 7202804030 9122280495 7636007814 5350148390 2847927354
xuigxwzeiwlz 6731174618 5829754671 7424089790 4032780422 5336651380 4654916064
rzlivshylpxwibvuuihzhrm 3419645348 9506249477 1879924333 3309838943 5335640347 4555909864
yvlyjmfjvgqlissxiypqcqxizxm 1308325983 4198450190 9591388285 3587212317 5279551339 1004267788
lbimckbwxj 2947482544 1378238584 3491837586 4008306167 5276532466 5756891061
ukvchwwvuenizdxgvxxuwehw 6546832858 7361417373 896476981 7864160853 5276217740 4544263389
xtjtklrvppxkmjyll 31796320 1707243931 9633329122 5772224265 5235891758 4151624324
bcaq 7756166444 7539947913 3481993829 4455663627 5235052667 9542556130
ff 7825153757 5097864416 3909409041 9275269243 5226199593 8281627932
tydq 2208915978 9023981495 862930078 700084859 5214295973 608021873
jowaepkifulijoodf 8520064232 7019386489 6714117536 2567829312 5211545369 5257020665
bbjyenoautdwdhmsicwvf 8624217650 8464393752 2813308207 9612592958 5210149300 5829016352
wjwxllyzwtbhdarbbnz 7388703030 7586929842 9922427002 1952396571 5203338510 3885482307
hcucfwogsxlfbowxgmkifupqpl 7829100254 5377118278 7947054941 4767708221 5180726127 8378549030
jcrhbplranpsvnqnsqrdndragkjprl 1288393830 2597559225 2865190374 3725293031 5160994793 1581982169
bhfyzeckodmvhvesqgbh 7070141427 2814658123 3260411632 15316431 5155996519 8741393301
jmqqbmbiemiflgmtefucuoafnhnsf 1387262153 9197977342 8408726692 5613174354 5154885454 871485299
yujajcvmntwihujka 1994517855 2724489764 9412084949 9760243331 5146501556 742611714
hwaktnyapmecnzqpq 7094771560 9052028753 5711885886 3192677715 5145823336 5287892443
awpkfccsxlyoeydv 6406734721 2456217756 4990295273 8867606961 5137788007 7144470385
thxfpxndskowqxtqsj 510867646 3087252045 7741937824 2861923757 5133266810 868685967
yl 524783657 2470884140 5442615426 2717007336 5130354650 5921923756
zcvkwjqehkuyyfrdpkttkxgnzocvmv 3238804607 1121376254 380419678 9955699485 5127612970 1730976444
beoahrefhzylrpwwiqwaur 5772288626 5829744239 6054258569 6200642734 5120587251 7032956864
iv 210194682 984658802 5058211583 9592844651 5114858383 524611674
xxmwnrgdewzmudhmxibufum 9846691324 720366485 1970282389 7846002011 5109523756 3101817051
qnsusqzlusqfugkmdsdeqfw 1138640619 4739374360 5263321807 7497105445 5095173596 5349148514
qk 1796212217 8914149712 8239047486 2701400511 5094120274 4985935668
oatieeqdkircepkrnmq 5863676245 9246346120 9094705157 5147780578 5078380766 4002657464
kxv 3720390834 9001595835 5776957008 7853263649 5069359401 1377965619
awtzohyatbrpsjajorkuywfujeozwz 6465127360 8352399389 4014004866 1838502250 5064440600 4715916235
lkqcyqjghdafjpoerzelwrfm 8048323004 3234661560 5953060195 7849168259 5051856797 768363464
umsdqthufghyladtietedbbkbwaln 415925150 7732430861 6360894030 2454893307 5051088383 735260590
xjqbymvyoqtwkqylprmujrfn 9161226598 897214606 8520108332 2037220540 5049978845 8127662982
wlpjgqvzwpfubiweyjkinqz 9264633482 5207295044 1189864607 508005648 5035277014 7593926175
ojjb 9700385481 1950634804 5544051742 1914489240 5031823202 6837360397
xxuduevzpcxzcanpdirzms 454792159 4546030095 1988429019 9499396928 4991005128 8355165099
mvgncljzfbujkray 3910553679 7149651638 1544991192 3858981873 4982770044 4945302894
ejheekuurlstkmcqoxfrbos 4615859871 148874132 5690484672 2340305413 4948614815 1463852166
qbotkbudjedoxoi 2662685780 5848531707 6455762434 9711082570 4940629383 9595000330
jdrmgzvu 3212681609 8210599674 3794756502 5295522586 4933293599 7110365733
xrwflyxmlqgnxqyscdphtmlqvt 8582788583 3631409551 5012300053 5592265441 4916211054 3575753511
gn 9251069098 1254591364 128059241 6157197546 4908429441 4311148451
zzodjebash 7469878419 4767936392 375847089 8104150305 4907804891 1456288894
xwxxedd 7503115273 3448707913 3820866015 6150877562 4893936974 276977748
xlktiafkzxs 8707881320 1003394648 6563264053 5704698350 4890271115 2028890259
zvqsf 4451718602 4843959875 3386756688 1440072173 4855076041 5658564831
ifxbfu 2162567845 6122031006 5146290084 7806998099 4849133458 9162197631
jvdkiefbjfyogspqfcfnj 7780381690 2277769211 9714337170 4448058994 4831337769 2437966812
xwlzqnloqjpqesjdknh 5988435671 1955616917 1112598261 1127083532 4804753185 911186739
ackegsjxmhe 9308871556 5672645834 25654364 1836325459 4801362971 6861274049
ngaubhyhmirutriegkzbwmw 8371534679 608305309 2338752020 9324550579 4783562252 5353210876
adlvyooe 4034491493 8501519069 7708512495 3465002649 4768991815 8742907664
pjtwdzcodbljynbjjpoxwrexa 2127618404 1298148754 5803424635 1055241514 4753875780 9455288280
ebhkreoaaogxwmaduobrexxrfnbwc 6260797840 3092321021 6140115326 2686735109 4751592659 5598751748
jjjiugmqqtaazcax 1130756716 5749250475 5542912870 2472985 4749137395 6249867837
eejumxoaw 6025753272 6591796548 4323646194 5039869130 4746269389 5027603923
okktfcjfxwltmfgqbzcfngw 1465968036 9106640891 1284298628 6855422312 4739823499 6094081652
ljzgtbecylm 1055854109 5387714976 2446282503 9506342164 4737689246 6305169523
uutdfszwzaab 2924645979 613126316 9212693668 7673195558 4715593807 9387071582
czqakhhwcoslohimiiwerxxyqnn 5911392177 4670783085 1368609172 2154979370 4694318729 3164722588
eaatg 1825680381 6621100121 1195666703 4915592128 4691300962 8607279601
cjauqpkismgqdaopbpu 9137072271 192147405 7771258997 4623378680 4685605974 6819875253
jl 3054210744 3671612865 8027547054 3415499306 4680370216 9117124646
wwramsqhrbjdyltki 6392094558 5262239828 7654723371 8576415466 4679296443 9841855338
r 1490938604 9433398234 958397693 578521424 4659842302 7119220305
orcwhvgowhxzfxfwve 846993117 7543131807 6292236938 2651849159 4653403148 7478945583
fcvsbby 6031258105 7383150809 4520404042 1219957438 4644251764 8415867527
iqknmg 7979560541 7103789893 5913051985 6577452324 4586709978 4881527783
ipbqhfaagmm 8559939478 9561210994 7490194606 167886975 4584934679 5782225932
qgigbwdqrsftkixzsuehfzmclooj 113760158 5719369456 3248286098 5547382595 4561555232 5269274116
yxhihrgimbggpndpvk 4046975866 2753389310 6417850728 3077854270 4552121054 5172486078
gvnudwrrzoszszugv 9165349062 1183094541 6678835369 2945272920 4545622310 7660614335
opbptqvbspuxwsigmyyepyfsxey 3727454695 9703412421 9175100474 3467994886 4536568941 9884194124
lsmqrlxymtqic 7395682566 5098016888 5349316903 4267807657 4536216949 4424517542
escczwrpquchqg 1145997120 2401456321 1921861473 7870704527 4533317765 6414138144
qqakqcdjfywsmnb 3422153515 3620530729 39599748 5688373157 4528773952 821191780
abcszeihyuxgib 8313061576 7026277013 6705313561 1713618040 4522292927 6667270395
kbhzoklmrwknuy 2950621839 5851090079 4209116244 6003868681 4515956220 4506358781
mjemcenqhjwajvnjrvpjdgmsl 567868804 6340839288 408343079 1162796173 4506833168 4294713035
puekmnvaqtpbnicvzcnwlwabrleelu 7754711690 8306148109 844200935 9504201347 4486653316 982101629
ngvbjt 5358305795 6477260386 2993922911 1183777864 4482150798 8948233563
zwpfp 4284251790 1646767931 501571135 6849142069 4480727220 4754116011
askthebslmwuvni 9686063630 1631469002 2870196862 3843023795 4474729844 7565393006
qlhljxmfgiuctmucfp 6375265397 5331686400 4071622094 7210127383 4436407195 1809066896
ynxbiutgksmtouucce 1298764433 7835740726 6158238419 449258985 4434911935 1124286919
wjrjdyevtdgfjkbyn 316675464 8080341177 7298784036 7719678097 4428487109 376788739
cthbodgnjlqwuyrchzmt 4179457822 2170379404 5510743881 7475595726 4415863055 3164920487
alua 9775093672 4556198824 6580661282 215508991 4410865951 607570322
bclcigtdzvffeazif 9091272254 3232800763 2044181196 6684916977 4387167565 8935336297
xajmjoezbaa 6396675649 4969195236 9336397729 908463054 4384319481 150115792
vvi 81185887 5112398898 3456718817 4144239342 4373429205 7957520961
qrboaddbmlokuoobr 1119503122 1308517559 809336200 8127118919 4366048558 5547320029
llydejkbxisenuddxxqfqcj 4994759315 7037140720 6169659734 7157104070 4357633162 1856704288
ntflivzzdoohkzu 9691710619 9533631066 174101239 5981228844 4339248275 7160638182
itamnvdeegxydk 9743017947 510880075 8658273413 192035638 4332008906 7334829492
llzitmctfknsynbekmxxzttwkvd 7046380595 4120517627 1750483849 3581428259 4318936934 7447613325
cdlstjq 1733211454 7721821133 3038344803 3375797679 4311364827 5801582137
wrthumwnolcktgghtqbgibymekqga 6179842944 2859765796 4887690807 9159828881 4308746120 8099972270
twcvksgigriztpxrktqewfrr 4663689226 414273282 1603409528 4337798244 4279497826 871136415
nemihuqu 7029546435 4361618394 2233508831 974939393 4273591594 1098073442
fftnxtkirntpmnahrbjxktdtzgdrl 4135393780 5486211194 138097765 878997835 4252883847 143129259
bslofekgzwircpxjwpsryechmu 6632699452 1796532368 8004365589 4776207853 4238725606 8729357293
uwxwdrywonkhzbjckgirkmnqkhzeh 8290936400 3738896587 2675940738 9227323575 4235276250 7986757651
xtuxldmictozcp 9744293246 7511264057 2319102551 1473851015 4232357739 5886221181
haeurlpbqqwvdckuexkpwzra 4781883119 1902926705 1075399254 3834549441 4224909496 2120078668
jhhhnneeuubmffrczbnqfjqhpt 2982762349 1718125068 144119803 667525547 4219025860 4046930727
jtouizassrxoeyvqypmnnb 9266907551 5732615485 6550401417 8474458561 4199486487 2457907526
hbcgztajibb 6618633880 7436334486 6554285662 4148604430 4186799147 3149575726
nbhaqkcymripvfgdh 8427946344 7193066211 7314540017 7834582273 4179838958 9568379662
ruzlyikszzsnepfjapkfd 2380709750 734088525 5213773242 3281402791 4165605952 7872281111
bhamsbhfciytcrtassjpyxc 2080605155 2864741597 1231643721 9625286562 4164161037 8459472544
djjvoylcfnpycvriwclhtz 6253040575 9427074878 5339611737 9989219881 4158880517 7548118277
hjrgkxqsmuwelibywmffbtvtijoi 3193905148 9247331129 2328497696 3280759103 4156865087 6153574016
cer 118064188 6932579311 4559806030 9869457691 4142203723 3766477871
hqr 3610001359 1766650152 197842871 155203561 4119804584 1636035884
uqquwkrkd 3749265129 2597563258 7902496489 1316809436 4110997431 4659685370
tefidryjsshywmrywyl 1890979530 6018571306 7067118874 5986206336 4088147683 3029809398
dvbhnfxlfrthoiyipvgrk 4795101263 9316682887 4037875789 9755325788 4079874967 3238348226
fzwvhpkxykkkfhpntvonzgers 457666776 5850472545 2853946365 2432659713 4077220012 9047601783
dcqi 1210990783 19839507 9072905916 7860327174 4066034637 4316750316
cryhfibovudgfxssxuxagnxn 3415681452 2484533123 573773331 3577585493 4065082878 8987251022
cplkpy 9910359011 8417384845 8946060256 1316607637 4063745802 6241525758
bkvmqgnrzbimotdpqlcznrphnrabh 3572231898 4309298831 165812115 2419617630 4027472789 6122563745
zxlvtatrjlwvxhxcupvqsjsbtzvx 4971779593 1342782355 56222804 9869515818 4018911624 1341272820
onnnazehszorxeuzpaijdrgirbq 9829506034 1476603023 9201649986 6393022880 3981305028 2306293910
drozhnkixgdgdlxns 4810661699 7896302959 6057017216 633461500 3967396754 7811811206
jcpuwjxdjughgnrwyaupifuaelygz 8086199748 6231750318 4328107722 1500069246 3962741748 7329611665
zwobnozu 7929818023 9212382616 2175710780 9886367089 3959116650 6498799721
htlsedoakhqwn 9372484724 8807129219 2482816371 3383276178 3955409432 6325480200
cghb 4418969198 2303924227 7446375893 4430292844 3937106910 3069340544
v 4494985543 2571500142 1370032609 9877022581 3936231113 4486804609
grrqa 581607232 4584385661 8890436654 9024256431 3934522294 4822425432
fuvtcjr 4897994975 2742070364 4900473780 2610461012 3921749021 4944662432
rdproowjdcbyyexcfuncxrngkwe 2657490631 7736411775 2991241748 2402663449 3911951425 1019978552
unbvqgmiympoetk 248172692 6546830149 8653876858 2894261262 3901048783 7745550277
joqmcyctasraiwurl 7278908347 1335070533 1185648641 833342246 3876768949 1229762552
okmmwtupnvpuzcpfhtnfhmdnazjddw 560984831 2088963332 8729510755 7930957308 3873586873 595984504
yjszhenxvo 4904546302 9407627670 2435755187 1553263741 3869596447 4546401575
jku 9053985750 3298001587 7018000742 6051720752 3831592153 9499676433
qyyaeqy 6247847061 2918074047 8798046917 7110092846 3824619992 8540991585
rjyj 9087344826 3271002643 1158865978 9773242449 3815869747 2732920571
fnrrxtjabhgifgtkytkaojhhmzgljm 8728122220 6098844840 5752687989 6856749407 3812139409 4738548638
qxufoisgmvysmqrzbtqubhax 4902156859 2999268217 3609149675 7880582297 3797475591 2400024857
wonptozhoznigwqqbshwppkawrzfiv 6157852549 6308179432 3309330676 719474498 3794765302 8657350559
auaivxgfdlssqphfipmclpvqcmz 3364929686 287163729 6537053746 1225382199 3783644842 7721388127
iykwld 6096295001 4136154776 4020291489 695215176 3773906287 4701073782
h 3312785267 7205440118 3480738127 1043014595 3762816920 8078013483
jqcxhojdlyzjxtlknodbwgwkmrufv 7729366408 7309484600 8086415979 436510777 3747714112 2296985117
zircgfewqjicrgrrajvhfs 6144776893 1028747441 6785161263 1988462656 3725649040 2577291201
csbh 5563265612 8171182101 7141505332 1449684028 3719423019 4320699643
fkrpdwevrkskhftjogrlggb 7396368090 4842569148 7655463241 7640330762 3712324073 9216660487
zakzaoloxsrhofzvgcbjedohqug 9871008861 9740217897 624249285 2036692551 3697177427 1162940796
o 8026151030 7321917168 8806483260 5054339608 3669424137 2433597470
kijwtncgshrnwnqhvdtflcun 3206993136 8736806888 6593426148 7736881526 3650806958 8561247685
equznficqkzhesiyatsxhtctdl 2430346246 3507468743 9026533607 4956878237 3644957156 48224009
fibgcy 5462429255 6560249192 2297970138 7195090013 3620142031 3682118436
dxfbrypvyrezofkkbtukhsftbmtx 3342991935 9200536532 9774986588 3849992270 3618543226 9821285563
rwyyq 5283397289 2615265756 5379164309 9979416717 3616861468 510019068
xfnyuems 9096087380 4954999060 3917982164 9625963707 3596321025 4425313962
sabvzqf 5156777358 6155605223 823417632 6469186773 3580565859 7003988456
fdquncnbjenzxrxkfwuhgnapx 4799934454 6179746885 7851754565 6870786314 3575486817 7582759107
pgncvqhpmesaezlrzffefzkquwior 8953859405 8100805851 3539024792 9834561714 3565528629 6821292929
zvachwkldy 1595838966 7096732461 9724219960 2771999263 3557367407 1802149954
aysk 3248192193 5844917104 8809233324 5196753656 3552472178 9542937889
zh 3822329775 8517197985 5637429484 6278704530 3539465280 9355405044
wbwgjzjwvqrnbfsmee 3338792503 8672482673 2055381270 1957670095 3527944967 1432053921
wasbrs 7139393323 1985698306 4273842824 8398245784 3521107354 1709910295
rsgknnxorzkklmvmvslpnifosjpoqc 7166494658 3986641616 4609419967 7360697732 3519201091 592893852
jh 8188487792 436916740 9961144134 2270269747 3512580591 5965569429
lsokrijrtmkcwxu 5527232999 8580241363 8109528205 7736215310 3504960948 9458925755
dug 626031603 3353051795 5716950520 4849173897 3480488497 9354049009
lrvxjgivnpisc 892886664 6748360760 272375623 9853155792 3436020207 9762210133
dwlbmvircwu 6496651012 9073207692 9060798508 4300395525 3415582121 2620225020
dhpudynadzflijpf 2060547547 3849026464 8675529945 796783604 3414961389 8330878906
fndnmnsatawstuejmbmgw 7223314811 9315620588 9260814414 2412978396 3414853616 2313765278
ajrurbzpvpwylms 9057648488 5380484408 3440606759 7631912792 3404676800 6262104039
lxxa 4583466796 1165353909 3374494567 6334591509 3403133708 387045323
egdkekcnoxzhuluttghverhfmz 1985325530 8824038826 8742829404 6754905360 3400244892 3297461039
jk 8915254704 4668032260 7010907902 9793998962 3380790545 3726265735
esvfiyprlvvvoievpwioppe 8917743480 8476452398 5479097264 9096134113 3378923549 8026423445
ossupxenjqcy 6659109777 3743757567 9492655212 5050609111 3370057481 9300440374
lbuibwvazwxqehac 4225856565 3957449445 2178503481 5738472920 3356053674 2820715488
rbsedryews 5648972099 5697643311 4292086249 9435844097 3338689723 7118636972
qvuwz 1188735565 4379984540 2860570252 2768527745 3331552874 1754557701
mhwiygo 3607329694 9135074412 4519622472 9343539860 3327162178 4966964120
cnlqbej 2279972991 9911472548 8806429368 2937882763 3316355428 5552168903
yzmncljbxg 5728972893 7611928788 277802367 9847859678 3313825975 8712992342
jownbkihjlqlcu 5964934593 8398295751 7507709559 3586763929 3312514025 4752940831
xuqasqphxabapx 9040882892 2080060426 7056367925 297335061 3309687548 8677363729
rukbuu 4126320480 5389419080 746687618 452130297 3305310008 4310071774
qvliskglmqxqjrrkwvlpwnvpprsk 6740834842 128002468 8933523956 6580245449 3290211941 7118405562
uumjxwwgwcpoqv 1322857478 1120502938 1180504491 185002411 3282960011 1242375881
haomgzrmkhqbcobswyailxunxgjc 9505721282 1308419864 5352518401 786834851 3276217971 9024836615
glbdgdnwsdjbbmsvlxvirmtohuozrd 4396965837 3853019925 9767894971 3658700559 3257870233 6556172094
xqoyjh 7710169333 8537781081 4074076476 9898777849 3256438981 7019708945
lwjslcbo 4605862999 2772462421 248472171 1355548051 3240760902 6744991413
tkysvsa 7282405494 852327737 6266216817 7541321187 3221100347 677390353
duwiood 6272131596 841067196 3334147204 4103363892 3206774724 2008551407
nmkioafaqqxfgfaangltjlcnta 3130690807 5509767418 1711928670 3034571175 3191125297 9157171339
hivmx 5374403375 1491255797 776445746 312569345 3175263715 2132260314
vblmyetkbdolxbeyarcxazrlsqqzxb 8634833175 6398161207 4423496583 8122936498 3174469060 9198457789
lrrhpu 8402210387 4706395238 4760758668 6266238330 3168843694 5615158193
ulnbdjjadaffjqrqbjcstntoylewj 3783474609 1538987227 8673707932 7941607115 3151392150 6309874819
yvrupnrzjuucdjypv 7389707649 1346383777 3463017096 7486138217 3107145549 3052643201
macbvgnfgtfvrpvfc 368776063 5078222381 7364427515 7984360783 3095605273 6256652297
ykj 6695046413 2584798153 201148167 5063317294 3089298704 8691901944
euksdifokoiahlohyzsqtfggx 1570042926 2692384774 4831707755 9519795778 3084559539 8603507486
ypmkjaqfliaoxigoumqnugbxirufas 242522573 2588007864 3080106654 3558799600 3082266537 5281629175
bmdgezqldmlzihaxkmxgpketipwd 9456881167 6301625617 5574299192 701395327 3081670481 1402790857
zpuqig 1962352781 2743221234 9788565704 9317893109 3069750879 9585258308
itpksxinfyjuybllrsm 7677703897 3221278714 4482860988 4384509792 3043971890 6307338104
sogjdjzlywpnwsnoanyejqsfinoxr 7551970653 8859664578 4339569506 8519319588 3041675269 7725902567
hixturmhflrhdro 2905616583 7774945783 1725364748 2242361514 3024875996 7578852706
subhcohnitpfnmy 4858821001 9640462582 6196074445 9472815496 3021648068 8000707558
hcgaitotexvbnnmfyfnqivptfida 6825027788 1617935206 8183456888 7739527567 3012769487 1539959096
skhudwjqwmxwlwhc 3559727904 5369531973 7315218449 8181657681 3012562825 6584652390
gtifivocdsxywgrrrs 1887304399 5607288256 2247213388 1944891989 3011192164 6807444496
pgwufbmnymyvflioptvktlpvtsg 3184656038 4115578350 477687765 6978703944 3002508332 2429318575
jlflstjbpuuvqnznspvxdqy 8688538743 7099346587 4891987029 6159107909 2997345341 5412281834
ytgmdtr 1202958648 5876926278 7250513415 5767064961 2995773075 8014201362
kpkgbyyocqphyjrfgkwygovklam 4389485764 3448918281 4613538317 900094219 2976169058 5363397165
nark 8057531861 4970835819 3945829886 1817396091 2962600601 68227426
gphwsbbojyreciss 5396959571 3270567021 7576942853 5147122476 2955139646 2226139594
ncpdjenknnpsohci 981382389 4933760352 2992895886 6784696468 2936781987 3721930520
cm 4637182735 6475089252 5952765739 2604106083 2920105656 2338400583
re 5344877937 6682960033 4274252398 2046791985 2915214695 7691297897
hehlnylsumgpiphbftummuxwyi 7468936564 952974518 3822067436 5573916312 2907392832 2294723379
owamxbgfabdqlpbuup 9330393326 372990897 1006861574 8258754110 2904683022 9390638114
jgohpptl 1815740480 3364875479 9770880751 4917098233 2902646162 3333429830
uutnymrylmet 3041621146 4629470526 7561387813 7402475550 2880888064 5226094667
xbyjybtwjtwyxifp 4314298818 6100181003 2779797328 589659043 2877662711 9651762157
mnwokz 7198774434 1434510709 175593397 4384948519 2868044263 2578521535
rferxrhostmewjopmnzkmz 7856372961 7235596 3052049474 3414008901 2846635516 8551848359
wcfirggyfh 1973352938 3206316311 8168595648 6121148166 2834837711 6187929227
mpouyqufkjwisrlmelstl 6801448795 4628692190 7949686398 7041575181 2829061997 6602479589
vnle 6360384351 5310563328 4675270936 4513103552 2818104168 5243959224
vhdwqetpfbpwuj 203439212 1023910122 1183126766 6916427367 2783044329 2680820870
jtljxxbgikvcfmwdutthlmaywplrti 9400730153 9042845570 1024307971 862877869 2770677008 1448222213
wuzkpsgehtlgpjpqgepzwbwxsl 7944421185 4810638242 2822621479 570605760 2750165842 8797815672
bntghvesmvktemcgio 6398473232 7087199296 907609351 2446707410 2747233703 5547497078
fjahwhykovaaxrfkpaltx 5120556716 6565006372 8171178482 9131880999 2740138768 1980001245
gkzyjzetmbbyasx 2748759838 5325260848 9469715276 7292282410 2732011798 6029318082
hjsjm 3685575129 2147396096 4135765762 2312234108 2731691598 3017559973
qhhoipidubuhmlgsgrlmq 3375285467 1734414684 2037852672 4272142611 2730100176 9672434833
ckhantmcoskvtabfzykbybtld 1048498623 23724819 9196398560 6083064246 2718286154 5752427374
tfgzxavdyhcjdrma 216062277 5775116882 4334527535 5930576262 2713873782 1789396539
yyzhidyrubiejkzfqcxpkjvzu 3490990215 9733787631 7327619467 2089018695 2709155978 5501742163
yazihfjsinhqlqexuoieicavo 9856027845 2806246382 6527843890 4113601204 2706151573 6839267157
klgesqy 3669486369 1605784921 9155699528 8777997497 2671408145 277489825
hyykguslabxfbguygzgceshis 8109708846 9284500575 1527878216 4990664994 2667745136 7289633415
ndnbpt 5416099290 1302883564 3771558717 3283358509 2663701888 154148557
barrvekehylzlzrlr 6682927619 2474516613 668792628 4957903254 2655145966 2048439262
wd 2712351622 8663386626 869801469 7502145205 2645964012 3205206040
qkpizmvo 306109261 2142426147 8560222767 5598225265 2643608460 8123317893
qjyzp 2084404153 5787191796 5697847460 9614479730 2638635269 4443100723
iqxzkcewzvjoralotfngsjpviipxn 7231893169 9777669966 1555406010 3231197222 2627356389 9579009060
psensrkezqwppk 4013498910 1499096839 6052350649 5505628026 2611200630 8419939716
suuruorvgpmusaprbhldlgwlcbmuv 6179961979 6602885179 3652577474 4079430980 2597123226 9388561023
agtzsbfpne 464310149 3129186698 1808726232 7157449228 2597042947 3560120825
pwomnwcclpjpopapbtguohsjdfd 5476180752 8640802811 7534587522 4206951110 2591386171 521063514
qftiozsqiryrf 4050882099 4352978404 3684779618 2946048746 2581470157 4286282033
p 9247986744 7676488195 177229300 1662608628 2568263468 3213520052
kyjjphzfptruanzqcvpbcdedhm 5573643016 4138742083 7289307454 2454599911 2559302051 7334459237
xoqarwxpnwybzh 5823723665 4239379257 2596107991 1074614671 2539497858 9965875035
xnqumrjyplwfrcpivyelndxwefg 8020251041 9278154136 7491029733 7809149888 2526641728 7696079058
ygpplmzagioztcorp 1480808860 6096920800 2257759620 1178362055 2511755830 6853442114
jeuqbpc 4673271455 825612566 4402370322 9368226332 2487258587 7092861617
htctdfbagkvf 840078841 2886632848 1691604968 968226866 2465842827 99026342
rhvpgukgdrjvucxdgotlovwajylnh 2442121351 7063151453 6206346600 9439330831 2451870616 45261785
kxdnvdgxnseqdbvm 5266892479 1219625036 8885212053 2584870460 2439896145 9311477512
mswovvwmcwwrhzeywkdhvrdf 1867209804 1996033638 9891525951 4119007446 2439046643 4186181958
wytubodswns 971962498 5686400087 8620571982 7407597923 2408962260 6070539878
xxlekzrdrzetqapvzgrkmpvhd 5647515685 6265800856 5945234516 8869289950 2405124919 4776499501
jirq 5537326396 5196458216 8662503631 7145880995 2386552724 7679107971
gxkwsxjkhwpii 2191456873 3462119469 7470085331 5101153161 2381378591 7569045223
oygjdrppnkdcfkcfcoh 1121981276 9720865339 9518365956 2516500899 2370321738 758453163
ltxduenwthagzyvzvyph 7006359285 4127418103 3487512426 1581670456 2361347241 3181323744
xaye 7462056416 928555640 3923228744 9283731522 2338529752 4254868058
yhglurcioj 7750338952 5147779619 5454529330 4035970036 2335262474 1150734871
bhljuuzglpmbfnwjzhknlbnqu 698628377 2956723354 2045807 8707402290 2325872922 133154333
vvwvyuygjxggfzyksiylyuddoglrv 5477181216 5359258272 5931783706 4353710367 2317967244 1006152183
fvoaosjfxqrbatn 9953768030 2786744695 3163437542 9638242920 2310213813 599003518
fgiiigtndrdbynlikvwjiaaidijz 7764527669 2835051477 8224497974 5118501089 2309720183 7284144078
yenoymmj 4759678475 7206499078 6405373289 7207460363 2304251324 1651667597
tckhdnqypfnstupyzcfhabegm 8176011699 6778728559 3000051437 2486038685 2302615349 5853359041
mkfsfodbzzmjty 3562002975 6021002843 7030328400 7906098905 2291176062 2625589404
hqmhluwyeziyzig 7423441731 5492118285 7336399863 9015209695 2275224208 4687712541
ikjybruuqel 1240339817 3985515996 2464230779 6156805272 2267016840 1575613122
wcfzc 2608644146 1967876289 8266839178 5660555723 2260106881 753751763
wdkzderstxpvtcsozytwfkpa 469325980 5544274801 6233858185 4627836232 2247106445 9296883604
e 6127400582 1434967266 7342784715 112417109 2242745726 6597644538
zjpwmbyxeoaewbbhthneiqherh 6807645946 7665565825 3122713318 1127684516 2224796259 869175843
fecdgadjwnugpnptdhlpuhtiem 4126816133 1195060328 2415796973 4942066903 2206217641 5020383320
chydmipcf 2605735644 8702516384 7276004923 6905696214 2183098686 3415728332
lqfozprhyajeaodxauc 9490006496 393137956 6351296631 6542671974 2182371520 3492136611
ontybohkftp 6804371002 1192612020 6625748501 6345039824 2177055318 3650314799
qyzwtg 1896482179 2562970286 4378903289 1577102579 2176448958 7348761378
arjifzyvxmxpoxlf 2519737680 4686146976 7470514250 8908876819 2164696477 1733303857
ddlpekekilxmocqr 3225065720 1554769103 2969986334 9754052860 2155004521 8668760578
cmkgf 7559537791 763754488 3374323844 1242602722 2142527500 8218433912
wrikcjyeleelufjcadzdvefpjaesp 6912512507 7715001164 2738066644 7561082253 2127504548 9910194703
ggpycwpzlkqmktjrrkubk 956661758 5725018795 6580923548 1879295778 2126501651 9970167554
rauvyarfpdnfzgueykj 9869061132 6776673113 6963923423 2505871701 2122924345 3223622047
a 391261496 6700797609 426599508 699671332 2117391772 2393634410
tuykpvdyoedomqo 4431995638 6474465585 8360024237 3861018774 2106802975 2064574680
wuyoj 8274714990 4394920076 5544767567 2175451910 2105544679 4399775662
mhgje 5644695016 1606715587 3212462938 2757352744 2097757954 6863294712
wdxmsqhupysqrsekyqenc 3919222550 7455862249 1724240236 3939164860 2062767572 5292637494
vppolmotkvzlxgjbygegbojg 8275024762 2560282202 5107443527 9951856452 2044981539 4859365760
klfraqhsschvlf 1995581704 4645600792 9008336536 7510572995 2043870392 9761347095
gnouinggfqrsuuitxlmqu 3931072474 1281088934 1040481112 9268919828 1997226916 6589956740
eaehhjhbjqd 5272266348 563251283 8116002016 4702011480 1993302940 5329087206
rsttu 837150226 5796542864 7136724698 579603230 1986977687 1829956230
ccoyolzjbpopfukgkjqjepemljrn 4764777290 5542883299 1006585251 9554081442 1950109880 7658494108
zcmtfwhbyv 5963098814 669764813 8321057343 4679279197 1934785911 2807326133
kiqobbpxuuhlc 4645393056 5667128589 4337703309 9809644885 1917574392 9170944872
vvwlsjptxwzdrffsjysn 3340996891 7274741827 2415542374 3251941323 1916964629 618650622
shcsysqtlpwufule 9075302112 5429808616 6669570821 740318144 1916031219 1826102439
leju 3425877328 5182876949 8249444106 2431470796 1907979527 8461555884
atmmmyxcwdlakenzjbtonkkg 1027225334 4463501657 5181906401 8923386815 1897150001 3708633036
nkzuyuobpk 9321899185 3190618978 4457824004 2583723286 1891501950 4129935205
ppnqqegdvhpoxjj 228751940 4135150260 7691874454 1796243773 1878219840 6228086272
gabawhdplmspzrm 1802604180 8958752228 7024869093 6763652134 1853001378 6108299481
yakpqkrqwpjudwqpnxtfoscikkgt 2549291721 7601692358 9824894863 6381606904 1850098011 2709269098
rfofsbprzjvxyhhvkmuclzvvsutcv 746699299 7977263395 9197120970 9069867788 1844832122 356918476
tgdwuhrcmtgrgbotyakmbbfdcj 6956195405 350077471 4767498532 6801085927 1841239175 7508255080
obudcottqltefmumcbtclsy 2850589538 599497440 2966323583 1697668833 1829413610 2572672502
yrbprsodxpksbwtirrmfbpiyadvxe 664147676 8193265954 8538373093 2545577396 1826530419 4287635432
xcfusdjikckqzvpaewvpvocgtggy 9857842591 9697063251 2874618307 1977173489 1771446458 6263929491
smwrlmsm 2218203503 7832781249 7164282880 5644728518 1760167617 5338636670
rmiefbvsgwvdfkbmqxylemfwgiwntp 806916659 6799285408 3851105410 1839458610 1759106381 8003751972
mqlqtxqqfrcgllgqpww 5011856950 6627961787 1757421089 3473963814 1730382040 2673190839
fsqosacoamwp 5721012078 3852931600 3282684423 7783703198 1723341713 4314018767
dkowgbodonalafenynswgvlizyq 7711685753 6548854860 5202255943 1178414659 1717693029 4720113351
ucxvyumtflr 4017409468 4946799926 4210344225 5192219651 1712396981 5622302354
wphkfddfbwcebnkqvkqx 6936257061 9712912420 1481970683 6466262911 1704216740 6509058198
cyltkevuaiv 8716469407 9306864991 5576388770 1581044098 1674905732 4620809134
ytypotfnklsibspfnk 7670826611 791028346 517704449 264338396 1672890612 9254494798
eglmlysumvsaeslwube 4379791460 8413018371 6594096316 8394437394 1671757929 9513403296
eckno 8671039437 5763739631 1589852656 9088846618 1666860013 626304551
njuxeda 3292994538 1164526125 8130309995 8515426860 1619241458 4696555719
sdwkzdjdp 2769015300 671846816 322691725 8837689462 1601282303 2518523000
yhsagu 2555958568 3450641956 2051255099 2003258309 1580517733 8568999801
wu 3034231897 5484303233 9781687611 8414021697 1577686554 1498891805
givutbaqqcbassiqnnxnjrbgo 5222327829 6645072122 1640223509 977899456 1571526346 627834822
wwsswicrvelcroqdlkvkksoc 2084446490 4212058895 6168707522 9921432975 1565530508 5950679682
nsbmpwswqvwz 4820752169 4469953495 4434515355 8263604374 1554622771 7642199106
fymsmdjgkvoesbwmzg 9828678227 3455610595 68642232 9321128153 1546122990 9479318246
ygpjdqcofdqoljwqe 2589370361 5592487835 1691029495 7790429003 1546080041 2585443001
tuhrzkndmibogzovkndbtaw 3114084145 7663412400 7462424441 8972853144 1536646362 2105065873
btspzceiwtjetmtjtylxogc 9410194206 2391548002 6365536836 9468072720 1529897923 4844258857
zcmuwaqwsjdne 9145337984 8543571061 8175917547 5120551732 1529009682 928040414
kewytzlpshkegranaytetscmfiod 1515007612 8738778410 9277726585 6784620964 1524113347 6638038531
hdvfmt 8984852689 8098987784 8212546509 2572671598 1495950950 4096539255
xqx 9619736172 1985532549 2071520136 8496815969 1487579351 7083195151
cimukzirzbtmujzrcdndiesm 3982949767 2685852165 9409942571 9790899871 1484264423 9045951497
fzjxygnabjsyghunvt 240358147 270773232 709624326 6780844319 1420840801 8852837533
bt 5336419235 9662269687 7571085193 9937756455 1414881401 9222798837
eixbpyfaffqczbrsr 9281789626 9569950299 8483061058 9944849491 1392773957 9895768250
oinmellrqeotnhfgzi 4182663346 9857386550 3214533282 2362858000 1389807316 5505257026
oj 8413439263 5919458939 2577500987 337126454 1378115242 9411498464
xttkknrucswrqlfehkcuyhighk 8589178270 1936966708 7849239812 9203099136 1376270885 2150883880
yewyiwknjvlrlkgfm 1560057547 8722539498 3259133109 7056464018 1375583178 400761458
knnridxzdqbumuae 2359175410 5298315309 3702474254 1552029052 1361875331 5248307627
qjq 2675893426 4552271347 5337090924 7027665856 1357315151 6153563294
pdbfwyymwcsm 5576574755 1383278231 2300791444 9526667400 1337918429 5719474027
airuadkzyezpzaypwesak 6150427354 339738850 6216507955 8255027602 1333228761 8948679240
xnfcecxcxflxtbshjfijvp 3318412723 8610564479 8815056339 6632369491 1322373323 7439747462
heiyluvcohibiaic 8396638869 4504635288 4215288741 9234863894 1314875426 1907662624
novunppajfayihwebqebxfwmgtn 4467444091 1689552029 1144453263 6463688342 1307153009 3779006497
dlwyufslhsd 4270064086 4271401272 1317821518 2904416145 1287774165 102473780
vr 6786923948 9476087517 2539108006 1034852725 1276985565 2241664047
xqqdkphmvuahr 5592410879 9023220309 541701933 299833882 1276083819 8502465262
lyeatqnpsq 1387210552 7229734637 3558996918 4989146529 1271294690 3321536001
nzbasmxsb 3640240908 1549536300 6713843415 8100257286 1240291992 564949169
jopingxbhcwogfblhkcrx 2274494612 540113421 4464482616 3359956526 1237839455 5578950419
suinsvguqvhjgsrcvmpv 4108843619 3102547725 6994577680 7714526396 1230748663 6552549272
ugai 8904716284 1630509506 663821405 2762846341 1227456470 7524327361
xkqc 163993426 3454362865 2106269700 5282789560 1227400672 3047009255
lfcc 3875541385 8232548441 7749833964 6486855661 1223707369 5903455081
pjnwiwiuxwozargklsriaajpjw 6362386546 5736854753 6703786282 4736283564 1223336440 6910691198
yvvkdetigknau 9499651838 3421142728 736661785 2636506186 1209171534 7096341795
s 5788211235 2351534899 5507733623 4162773184 1204129745 5114721064
abkxeejkebvylmktjknjgwu 3472173761 5522118036 2258669115 4004375482 1185637741 4899496003
vahoujufollcayvasg 3836961985 786327736 6256993563 7633940050 1184118155 6915004972
irtuqzxqncdnhdwupn 7706386122 7861823876 5673107502 2720728275 1170167873 37826009
jwdnakdpeq 5671551485 5694118186 2423128739 235165161 1163138583 8586593661
rphomosmppydfejbxxcgmeqswpix 2443151913 9971903625 8258346759 6917554303 1158834782 2620518171
rgfnuohzdeqhh 9610501681 5534752413 2444943346 4457074969 1147811028 8531076435
huwqdeigpezi 8169302791 1305787099 3040643084 4382346678 1147713318 6803177759
tlzhaxykngstnlutorjibthje 6932230468 5194951593 8994262259 7127444851 1137495721 8697989393
wnwtzzsytlxzwdvvgsdkquaizd 919825359 9243372538 5969142835 483225412 1123138830 9035097535
hsv 3806854161 5388783625 3550479470 3336581100 1113957238 875510698
kuruazdbh 8085615093 7856931283 5373341228 9057749684 1106386630 3412217188
ttlntbazppzbixrfqinuusaaxfgbay 2766057063 6835014277 4381474869 3492019300 1090080404 4370640888
kruhtwcxkugsniaxmromajaebbt 501661052 9147042922 4720699066 7180516355 1082579677 488611948
pitalhxrzjzmkwgvz 8493693116 4071420988 3355601804 6343648709 1081052822 1116761047
emwmzjbysorxudhp 5165413325 7895289471 5008881400 2746191352 1069618817 488782047
voqeeledzylzxiqfjvwifzqacgkc 3029903989 1051836357 4178384458 1544770599 1046080650 6722474492
odcyyeeryp 8197668903 8480579454 8548684477 8381012079 1042518528 1120332850
akzovp 6560114568 5013906821 1659465501 4089238594 1036898892 8599931530
mhblswwgvixggbckf 3700885145 3345808022 9233753655 592211548 1033349406 4604045984
wxuwgkebsfzgywzfbabzmpvrvl 6889193513 1253049124 1045057608 64411353 994873430 6127937734
ejpisknemjglveqcsunw 4664573931 847265188 3854933301 6815655962 991049518 8704799897
wjazducdhuzcfghnnkp 7010118288 4026371078 7304539677 6323558031 978555244 9987216692
npax 5314608636 1562757231 4314829789 6502272303 977136260 326993092
onlrlcguetftac 2916783360 7876423847 6337888550 9157562288 976018886 7132764062
ybyjlmy 4340266529 958180585 7227376471 8257093133 974820556 2990253057
ufrhxsepy 1007530173 5357042344 9596907922 1028570766 928861895 9644521875
pllhfjyogemfabuzvvqaqkeyikcnhe 1045089349 7339815863 5252223292 1090608900 927517883 4354071511
dwoipsgrduteszrgmcsaugxrmc 6489224985 4154986076 2632931606 524637505 926937627 763482052
zrzbmmxfn 8670926983 7834246652 6748501631 6600069136 918853690 2328303847
wgqpsswnzozmyssfotnvvezjcxr 4170172933 2707856569 3404452364 7995406369 904158742 3077544796
zmjzzvtjihjmsgbbvpynrzqtcjxhm 5622699532 6074165995 303623563 8637244619 898933154 419308402
jwjwkgtjvkigelwp 3771424019 626760010 1432608437 9435157650 862527594 9323356658
mupevszcelrncp 7073640595 8804888025 4417441878 6193213030 858455398 1290437023
pz 1485695191 1299227609 8021032799 1198871803 856647402 5324892428
tnrnglgnyemk 8062198102 6418538890 2826700136 7551441541 852157585 4052375351
caffdwqesvuoxarsgxnl 6761654393 3794700771 2007188923 8162392152 846835004 7133047200
vxldtfdpqo 3991333202 6579325492 7387335589 2157294413 845856029 6176293369
plprprnxmixqm 5303090789 9221067536 3113858846 5625177188 844165728 1094854644
uwwynjirvomftnxhxtglwameeyxnkw 455270808 20601557 3258723993 3119469145 843493804 5383454228
tyzxhnrccmqpadm 4674872215 479528927 5412447021 5740891171 833801210 4562997160
utirsqgovhhmmrjfckdgmszvagmsp 2846017724 9443590022 1011653838 2317559756 819444082 8715044819
wotihaieobyequjbi 6980405320 6411208024 2396310073 7223035499 816549390 5780308451
elvibwhuznkfiutyhiejqtvquuqg 4194588084 2219065905 4862661554 9042468029 816493411 7682999175
wfgjs 9849436112 7343112352 3653701165 1190761110 816395863 984088277
pukpoftldplrqrhtwdosxxploqvgbo 5634920912 6168108595 7477825396 847072620 788081605 9776445741
yvuxiwyutsdwrycgjvlygqlpbkm 3214682598 1315682940 7580900129 570243805 738744353 8472547666
vnwbfrrmuddetkpd 5010956132 3124879299 9489084643 245246522 730650365 7502837541
ajrs 8993143344 632756522 251215159 1012600777 725532072 1091575001
suoplzrnxesdmfhi 1564018615 9126989958 7886560637 9277555876 714706547 1493153831
opkabnnbf 6891405050 732046809 9113171368 5191859534 714275188 6373910770
klornvjcqlzhpazm 2294417252 7109169968 7587935146 3060942518 713655225 6642768868
njhsuzvyw 4351830074 2641193752 9164183569 2394016749 703559451 4694636950
f 3056399614 5264897974 4513050163 720826534 694073779 4831061626
zptistazdzhgsroqygnqmtnqlxv 846456031 8092436758 5105084509 9874377160 690216988 7151352847
dbehxeatysofqcar 6804114922 3620473499 1589236629 9497391624 685005099 6177736765
icvipjfbhlopnvbyp 6123409757 1387617331 1351421225 8522086985 683501781 1389251991
stcmgrccprkdkjoc 563465611 7007410244 8994191067 5109637383 671059805 3678800981
cblytxliqcoaezkuu 8504033649 6473727373 3749726303 3397182036 665811620 3682351705
wmmornggplcryumei 5866155179 5772376528 3926115227 2605561296 662814222 5015461058
dkodvtfjzjtgkrswrqhaatfxclwbj 5753847098 8995146892 7456319658 7469843673 655619935 6463457407
ufastlmunizzklsumyu 679545620 9214304376 3242079143 2081123419 650319967 4608646877
aerwnezjtcywmfbhysmhenlf 3597885809 6068503586 5628759033 4479050990 644520424 9276075767
grbeleupstldwyilzznxxskeglm 1842535996 9558385725 9009522834 8436472015 642865751 8728857390
wmhcfcfjggfbtlglqqsuk 56900587 4883407680 6442282608 2580925997 610546977 2182193867
ngoeskkfajmtniv 3264264624 4972989727 6045985872 2128510625 609851531 8139509143
ubumoznwvnppwejkcrzapimj 4590297771 3575810659 5013448822 4452877172 609413257 7655141434
nlakqoggremtlbkyyprwcjuryvramy 3884007267 940149668 6962531408 2609767868 601298252 3369694877
ueqaozncc 7154260644 599552502 4739850467 6514439861 587002237 2059889294
mxqfcqmdicwrolfthxr 6935115539 8812274854 522108394 6910771373 559620591 3615558806
pexpvaoevlhxzepo 9656663423 8441691877 387977345 6647953092 553495250 6821060419
izwoxbseettdmf 8046251006 3399040318 7701525866 7164999173 535644188 6289825141
feaujyjlewcp 9428324272 6851553789 8784935260 8716979572 535233484 5711661115
qpbnvstqqxfivgppaluocxvj 3267247686 7207630763 2110737275 4880519928 528817699 8814317578
itkdyzkevlhyjgolmh 2395881327 4113820393 4883059211 7047440093 518769761 9429807261
pphi 3788317035 8938793319 8521756862 779616116 508998051 5895696102
qymphjzoaxibbiyjucvsh 7807839211 3819423525 3591538951 5355593403 492872355 6671959498
ouubiwlkglagksjzjwtxmyibqv 2650721108 1151371454 6170858832 4650229836 491309871 3913588582
suciodxcchwlq 1915343345 8393120569 9642048516 1358349452 479721283 4550216185
wzmcrjghonxondlzshuygopxolr 6240349233 1160727947 115897375 552948727 477226685 1777277300
amh 4358739645 2483116603 2073820009 2970909671 476439926 4111898318
id 6894373771 973174424 8545728186 6711701017 472701164 1568279061
edrkkcoaouemwadvczhkgupnzphkn 963930884 1919372489 9818113806 9736425901 419146428 1430041080
vtsbhqepksuaclmacnjdjgdus 8373802608 2622732381 9053687564 7742907882 412592820 3222138057
kvtkavvzhrazqjwhtbtocrotdq 2825640199 9324153015 2375246318 988981376 410217486 2835225991
rzg 7553069976 5841561399 7144499641 7860249523 408667814 8394644902
q 4402182961 8820028883 5040193967 4177995233 393769832 6339762037
xuzhzjebydidbmlaldxx 117992822 9363249469 3300634272 2820548132 390901927 1734357594
ogglvukvoionvsxisfwxknetut 185202730 1520736930 9402683388 1854203470 384972116 4068591778
rp 7529853249 1704355994 3417785259 4737979731 366464045 3823412933
qmruxdsmnjczjropetglhzqivlr 3550814873 489319262 829899459 9479783915 361680794 1762878849
lur 1749756816 1123116204 2812997275 9585508767 361014860 4898211638
rbumwdufrsh 2665759034 6260892763 7213383252 7265914229 348470368 600930869
enutmyrvlwtxirz 7006121388 6039772909 3839825340 9391309012 346079124 4993833848
uawbvetxlihuomiflatsc 2390624415 2436641123 4297928885 9724972242 312560789 1627351560
oybcatptcznigwrpw 5730636361 5752390778 2179186112 8587986458 301047990 470860860
hwatz 1699499557 139625526 1815908579 9365812527 296402542 6005965531
mtruuuvvgwjmdwefveurduuek 5251270454 5638584928 6508779099 7366073624 296218495 1228285945
ktncnonufjmrucrbyesvptm 651865314 4448804908 8446753032 5460553554 295568502 3472330974
yewguhczxuefhjtohpxwlpyyfkzwi 4818477532 9618500739 4740117328 5319628312 276715600 4421665604
kjpwtuheobfeumovbeq 7513105834 7349071853 135309235 3302645661 270142902 2244155445
jvbheyhsdaxyumlojfmgqr 8852934572 6543789897 5733840321 1320376189 270104910 9436701692
wcmmufuygoovsvvns 3091257095 3922395113 9101125728 4467271378 269269022 7989269030
chsjvpsqcvighfcndqxrulpvupgis 2301718001 3120575892 3023427694 4592445487 264952840 4419551439
ezxxiznmpxxmgnmibtuobcuiyp 4463965028 5335817730 1477587449 4536085102 242953329 6268745191
mybfzxtr 5220977461 1599050078 3978414555 1064128439 242690146 3961028172
onufwxlgszyxetzmpne 1532193065 354953102 2281594546 705835024 237812608 5410445233
qeahpldqyavkhanqhufygx 5832052723 3958469398 3488072066 3221659738 234500706 812801733
bvfdybrsadd 9836775382 7565624957 1779607407 839954493 232840679 1500747528
rywivmaznzjummjtbpjgjrwocnwxuf 7569690202 4774560377 8303558067 6112252189 192145541 4099401701
jzfktsjaxcjqlyjusotigzchvergd 2547836572 4241706035 6928032074 9401523391 182270184 1150549058
pqowqfneu 8704932600 9786524146 8177297241 5451041236 146694617 8142827852
kpjdyhoostocuolv 3318463020 2674980500 7512021621 3613642103 144334725 8870384190
cxnwrfhllrcw 7571298902 647916751 4269904876 3052757708 127316691 1976038264
qhysgumbwfawaanykt 9526323858 4083022036 3440980012 6992824995 124151818 4312440352
nwqeqllztfy 6281288019 7191225324 5364254322 4446225115 119230114 8560041868
bfwcdblrcdpccfbrassj 6455367973 3238832328 5311559263 4678266930 115946807 4504739274
yvlufbxznpeqobyhuvuosslh 1964016087 2658352640 2961305243 9702381113 100744419 7570587359
kdzellptjihgamfssrjxnkjmejwqhk 9521748877 3710402356 3321428201 3055173632 95502331 853981183
rplybmqnqhdl 4104032569 651780421 8792402188 1631304108 90834636 5835623399
wqhdirwfg 8986414388 1541533910 7375730744 2479597241 73361871 3697882763
glvtbczcqrrowkhdxfjkzyhjfxdik 2422016704 1991888133 2586341000 2044438052 66295246 9131064782
hy 2576679878 4618940614 2030819994 3760201353 62721444 2809200530
eygmbketmpmorcnwpjnbdfc 2816510012 9859452623 4614660467 8851758611 55136289 6983761110
ifqt 5856669919 9240975113 5166118348 65953478 24689165 4670488598
pjmmszmzwsahggqnvpgiryxdfzquhy 2537151781 8796634656 7515275201 9627613321 11985455 44622469
zxpsaxuowrfjaiqfskduls 6184775239 7369616848 5593818134 819448265 9428662 7905116286
