1000 500
stojnnccpackzc 8943298232 7046312939 9989067714 2689354527 3152695930 4284538172
psh 2869223817 7856683968 9986484970 4201301017 2105887179 4482850035
zrpyirmerjvbsch 2765358793 9626305286 9966001380 1060605651 5957311620 1822739090
unpclzdtfo 4003669913 2938469107 9961895884 1372576026 6920595253 7388551738
cycjrellnzbirhgfzkbeqwepgamwdt 3876978872 6596090822 9933837496 6665523652 3743215506 3663680458
mayvwflbptxhnrni 7038704018 2746778906 9930735327 9310481926 3427329736 1989188339
qbv 2914522421 9815850029 9927053454 6659859700 9763620586 603675481
epchoksqcirwxtv 9435408018 6608990037 9912536411 604669516 6548097 8293823036
ftxvwneislwf 9563765790 126215880 9908446007 8331576502 4061191513 6125914497
pjfznrykobjkwbolgnzmuz 8286011379 158220015 9880342271 3942406033 8652273846 7967865979
jpmaoezmsebmrbmfpknksxr 4884052400 5109979437 9879454173 2447790910 8159411860 7696983695
lgpufuurtkzh 3595501032 527630283 9857489933 7915328607 7265649464 6689456573
srtiaayhkrt 3075196299 364713204 9854935996 893682610 8848320536 5651813096
iqtincovjwzqhvnlvxkg 6770008444 5210039128 9849884413 4878056179 3582696341 9032475780
ueoybrgqusdus 8958974198 6826058288 9831682056 5313478123 5211248209 2910555405
ortzplsaezyuijqvcvfkargrzst 8761887184 2373199676 9830496228 9610462523 8083622910 154141321
fsthsh 9123203759 3634533741 9822115979 5326940205 4575925230 3060144138
gfzetcyrbmhzezwyrymemti 6273244741 5882922754 9821895900 5112473102 9483423261 7529453309
vyi 8392085822 9473728719 9817482022 6483007014 9937074538 3480046875
xa 8227155311 1515630131 9813335018 36870255 7715460131 3742276185
qgcoyoyzomcrghgvsaonhofrmirilv 3310529287 3011106065 9810359029 2390736913 5570333108 4913232921
o 2677751504 2139958139 9795812215 7888212785 5362829963 2213755879
anxtxmqrstwfp 6789559652 1933025230 9784707133 1101360686 425521149 5751575155
nzzkgssqsifyvdb 8055733784 7697775522 9771204307 2449532662 3461073750 1593906639
gjosstjjqssvkzxzsesihao 8435831035 9621636471 9752620998 7274377412 5953541589 190298732
pqatqexowvskucjrawldaltjhpjcwp 6893198755 5338516405 9750940622 7931217126 8473951875 7642316578
fpbhutnexfnaigyzsujqvrjhjyfye 5580276322 5895102240 9749952774 3130009069 7388317239 9969881115
ipkrrrbrkwmtdhne 8419710789 4872465691 9742795987 8166130748 1546725412 3590375303
xsjeahunyvllbnuyluatwysajopxh 2375630446 4628883186 9739846371 5216318619 8957710116 9337004507
cygakzlcelnfmihyxsmxl 6247751423 4866797078 9724019688 9320550118 4997808062 2672121348
zqccorlinzyxgja 8829885089 2203572986 9703448927 6252154783 7251719592 9367168666
evhwqlfqalnvybdjx 956175712 6104843767 9677470274 3672822835 6064942842 9637266813
nhyv 7047161366 2247958224 9677113772 4145573428 4995340264 1079249456
wxsuzwdrowh 5778431841 864926250 9676014229 1069841395 9673046719 1890515243
fitjegkaobyqicdbrg 5156489567 5712147558 9670465866 4753910444 1832728016 7384911894
xbontmvezcx 1689449727 5813084585 9644971952 7480781743 5988394564 9119532479
zuqdbfun 4635747422 3594708199 9642725167 2057232334 8326389645 6155616666
gf 6049279758 3520882425 9624453750 6285691772 2071412900 261907497
qyyl 8431068960 9689764643 9620937967 461059298 9113881305 5389895
hmlvk 2425561894 974729126 9596635656 6317253594 1208669622 8050844923
pwskvjznyetpsmrhnmypr 8186744175 2161991968 9573473476 259577581 2255418330 526913340
eqpzwbdajwoapbsucjcpg 8048476365 9926193134 9560009665 2622923357 9172209174 1615320620
jhskoeqtrhixkw 4205005366 6140737503 9551362480 5776918663 5237708287 8017275566
lvdzyvnxlgkkdlcyuhptzxxsahl 7849942836 7128827197 9545319676 6342971983 9255039767 159721074
ckm 6988043244 9859017363 9530254012 4643278878 2708823497 5101811305
lzgwifspiijbzyakkpqzmnlfjy 1515315189 7838398420 9524632924 8870204474 8547285450 2013466001
sewfjddoxilogrpt 7840966414 9946249422 9523294304 2733797717 199221680 657433123
qccbkuvcpnwzinvpcrdqqqswubyn 278947629 3752201638 9521617224 5185675501 6046802986 893566716
kkudwogfefymk 8320062175 5969062793 9511525683 4488887131 4440081625 4626690499
km 1303241885 4501292235 9507486970 2381746580 3184071395 8482223701
mdjae 4117980553 2956824037 9498717613 7970896914 4499103954 7755824801
bajckmmjwlbmxzosnlbtgitpovtq 6864093649 4242911855 9478166412 7411113597 8074494851 4876001407
zbgzzajy 751021176 4639871161 9477352453 7172365128 5360592672 3665240399
sfhikezejnlevporqhrfqijrufja 7047908518 4776732006 9472826207 7963362024 8712265699 2255890031
oyppycorgpiyyxmkrwokxamozw 3232032546 8391307303 9450452181 1131595179 4720606067 318441901
ahbqajscdmasjc 7406913840 1231851569 9440782994 7820583435 7170575216 825667735
zxchnkqqaudjqddyss 222585056 9259857923 9420433538 6579520874 9110701686 3221458692
vygaaiqjnqmyhayspd 4700105846 8286891241 9418341292 4406856367 4524703104 2803740583
geejrxnnjsrmbbofs 3636921610 4443134852 9415649838 6516281278 6442902985 249471273
qmdstcbcjyppligsmijnxyheucjt 6336636962 3893632340 9409800125 5129987773 8723736214 4631627394
ikehunolvzgzchxhbgfbcqbo 4814965111 6873335341 9386271565 1862293634 8832814031 7361294362
twomxqqxupxewsoymvgvjmkcs 2640882501 2388319939 9378857869 7474088292 5302761452 580331321
dqdtytvypvx 3629764736 5466737873 9376991300 1609793565 1109603798 3162004127
gkxoyqdnaqmznartyintdfkarnaq 4730262576 2628385252 9368258169 990473969 6639992324 2902320225
hwvsrgzgworpivxfapw 7602209589 8556276682 9344079011 6196198371 7126878657 5958706232
xirgjtdharahsfinzeebwuriai 7804751175 9753384627 9341815932 4344003230 3589905859 941404572
efpwbbqhdtfjb 8857080353 9999960979 9320651061 5740289143 8470108631 896233858
ssnyjxzzvexjtafuseueeuk 4460186068 6444923214 9318764095 4976090674 2077363833 7761869162
hrjmfbnexlzpwdoqkxwpyfdcxnpflg 4200604886 6685806350 9299392983 2317064130 341223054 5615213790
ywyhzcpklfpzgnqzdjwsdpqbjvkwc 462342138 21263294 9284937905 7433425243 2382785752 8388728626
ep 8982967685 8676061866 9281675745 7657281455 2671771557 5721465598
uhfteidsfblbhqpwnhftnrgq 3916873064 9076676723 9258812129 934198137 3204740080 8166553483
ayfdqqkdirzaxeahzpcw 9508968766 1263826295 9244370373 4570677876 8301649982 6905748787
ewlkhtimkyemjlaapgqqkqhrtatv 500671656 6887110526 9244117734 2794816800 2579634892 1575096493
uyviyfqswbwxvcbyhc 6910908878 3845894276 9196298867 2243810727 2463322017 3703439020
cowrvekyukduyfxpogn 1896381991 6130594175 9191347068 1358756952 7594750036 4756387912
madeqlgdu 3464831681 3091641394 9188749241 8983128878 5522413688 8477526149
nnsjrlpzbvwldttyebitg 8532349974 3670687180 9177605569 629925814 6706642363 2366729122
gvbpxrjftgamle 8896414232 7257407497 9175588801 8753286689 7333075301 8647558512
dhpcwgsh 2391356280 9421127623 9161042851 942942629 9525952533 4874325562
ctmewxtvlkwasfpjw 1603384417 6881059136 9145565277 1526889045 1120206582 8442610974
dscsnymzjkgmkme 8850670083 3770131371 9125616312 4339463802 8797631586 102994993
omeiegpsrcybdh 1200251497 7040908269 9120778834 3123163517 6346035196 8998025258
wdofu 2568766961 2592661624 9117076953 5889123577 4220263169 1122092862
nyqlipxymmcxn 3673225114 5052424024 9116143810 9199081199 2471467541 2075658048
ijkechic 1197274136 8132126905 9108283857 3685347888 1719641673 7799819337
pntqkmcrygnxoixelwbvhj 4456792276 1030794616 9104141243 8528878286 2422910104 159559987
deqvlum 6983387568 4311104704 9088476421 8838308496 9773423690 9144324237
mdvyaizbnhfnlydmmnolx 7383930507 3069031921 9083809615 9732296459 6144159347 8053964349
ahsydjircnxiruckckvnttxqahwgev 5193342076 7457941709 9069533135 43659043 5284168085 8081113641
awwxstboepwfydhxofsdewsbhshfh 863752652 6271377294 9066138069 59586277 9291393882 8920957064
gifvrzydvwrhfxnawgepruxnydxwq 5253360890 4738852030 9046376869 3401030893 1306455844 6869799365
kaqggmsfmyxwldglntedyafkhn 6162654789 7676437901 9044426898 9113234687 9004960461 5702542752
vaqgqkalmsfou 938740114 1175614261 9036004869 3183827333 2545932739 1002099158
eavprqlcgopprwrvgtsupo 7366488129 793311757 9023528299 9212552119 6562426789 3213459315
wwtwhlsabrentnqdcjllulsvahhs 3046897892 5340448376 9016628067 7234284287 2098115975 3857820007
zqeqqpzvywhrnpf 3117410481 4176616148 9013292711 7896933861 1844629841 5634351338
qvuwrtr 7074446558 9535322303 8991002163 1916953949 9311856075 7961876566
nxuigyeoijyfgkrkthnucyossof 6336056661 3960899405 8965601484 1936490486 5195713844 6365569588
ljbsnsyojmjrfyfkeil 8652035396 9971385293 8962095164 6688695652 3429890148 686777074
arunk 6526816200 5071225045 8955998892 8108540382 1901589411 1810015121
mjvn 3992935216 8362331678 8948184064 2257795129 6095051148 7481152530
rypoepenpxtpkdgvqyuqhnxstofid 9710776841 2055412110 8947391109 2894868468 6348965386 5955007374
vnwbhdleqjqurqgkn 8388342213 5331765213 8928348558 7494828570 6982990881 6213492741
muxuuwzuhahxuvmmuemqwcdhbvl 2324502825 1094940249 8927651942 3541152014 2776426612 2510352508
iarvvit 2811335345 9953871786 8922657408 8704812717 2798810761 6760529659
ckomqpdhrlbnubrxbdvumoqnblr 3035788753 8926526445 8920003241 6155674559 477462236 1093666169
czfdgaeqmkhabutmv 3140787482 9108509552 8902664134 3599557625 7335068831 4351677491
qzgkmfihhfqx 9823483979 3515983362 8877299848 6546428550 1030390675 8981004342
qeoibsujzvrjlhgdgtexvsqfq 8881062416 8885647335 8865859854 6478760853 6387169217 4642329994
nafuzlefrse 9921487972 6126553252 8864174787 3029401283 2173115460 9848958436
hlfstg 6846903342 9225931247 8856719824 5403281949 596925543 6400965253
mlj 6497975604 3175136846 8843544341 1651027429 4307229925 1691322163
pedcbmsxsnqrtjoysghjcvdqdhg 5630156040 980781715 8840460138 43123586 4695704246 7770216373
nvnwhjctirthgjmepv 7090662951 9337998695 8829781761 7400374153 3448097359 7983279531
cpgvvyfsmboion 2244433480 2348255747 8826288899 9245363666 7977325728 2292896235
rjyngbwujlqifktsduavna 5864843314 9993803030 8794768294 9233614942 7124126661 3018971132
alo 6828713687 494128002 8792140115 6451218387 9474839850 218720984
olcynbzvmsddelfkwkx 9482600664 9348759795 8779696885 5529427127 7273418258 6840316376
zvsj 1852299816 463981516 8756859098 93532871 5706409373 899744731
ujutufvhulefhuysifzsrpg 9334153379 2063547770 8749213227 6372242377 5363008971 522803140
vqvb 216936909 7308917424 8746561244 6322403183 4609128120 264164627
acvlhymfhzirtr 4923036800 8688193490 8742029006 6923693836 7487283032 3876135376
vhxxlfpollibjpklinj 4386627282 762218532 8721248201 4007692258 9852362975 7860800533
kkeuofkcxqgvbkjrtxstlugmvwtj 7970741988 3944576380 8715900835 6851202580 1370047690 149142331
qrurpfqqwe 2180159740 8079307075 8699810475 1367497575 4787221021 8649571978
tgfkrlsbaenno 6286405567 8886547619 8697310750 2481083741 1428065657 3522113534
ioxzkbcdzxtpjvpurcoszg 5373327615 6698600862 8672365859 7017156249 418042321 459962013
mivmfkbxsmqizmkivtvv 9790223746 4687050917 8654677879 4468961670 3265181342 8016954839
ith 5901857174 7169436746 8635743459 5848306489 6987019662 3573606465
pivahfkfuchtefoucjlykpuajdxe 4002124540 6313300039 8623923616 7835379204 667132998 9845262733
egzpwrqcqyqafoieokgucwycpot 7592663068 5596951408 8614673724 2762259639 6702953731 3676885329
ejqnjfkwphlwfepoeqjdm 5573589998 6708993258 8610400315 6464698543 2292165411 5888442015
qmsgbgsdxmyucxbxdflrjxnvgjiofo 3780523520 2654086774 8608589775 4922871715 2645293954 257694472
znkbezzhhyqqhbgbnzicvjuav 9547636130 9753353300 8608016638 4954376518 4396834900 3637130012
qevdjrwgkvkfynvadx 1850579325 4934760103 8597116623 396486378 8919260988 8767978088
mijzzayhozorywss 563631224 4662452775 8594877614 8422483205 7167336522 8334659273
rnkpyyk 4015739316 5011851563 8583596216 4373857794 5600290031 8887809233
plgnmmmnylvcc 7705836291 2841282688 8578288917 7078067373 888342486 1500716567
lrlzgfovgjdnirokcewafahh 4027741277 8609007321 8563088817 7620298454 5366288864 2374666642
klev 3562496185 2415923052 8555985906 1128766287 6293943087 2194031945
mohqurtymifdqthhmdqs 2668690933 1278071716 8554107707 1378104203 2253732543 7666991487
baxartxjyfmtwnrhs 5394540556 8933403795 8545687895 4686468962 21670207 9105762368
icqkvxpqh 5451263481 7817946803 8531135771 3522873038 4105056218 3844826985
bnvqtwczs 4930138348 3115588080 8522809603 4863760471 2086035434 4748257495
vcyishqhfyosf 6062193212 991767942 8500983958 5512463647 8039553221 7567493645
ste 875324323 3537019937 8491510011 2930736314 8434946337 4238734437
piezuymcuokqekemghabzlho 508746843 7826447108 8487179367 3521350643 5561098593 1818898725
rsgksiejwxa 4383023196 7800910380 8480717813 9652833293 5967386779 1635305860
lsnqkyzxpunfmaukhckftibf 25795572 1884564997 8471820800 2834230636 5384370877 8297257719
pukcoycn 4506955364 3339694052 8465680165 4631541186 6360119476 3157999301
ersljshisnid 2526908446 4907793151 8465030834 590335912 9617955744 8427772922
qheexkj 9386154196 5060484574 8459086324 7730588041 9824690437 1262877869
slpxhkmpbkbdkgcltinsrxsxlhcplj 1944260369 2471359821 8454942148 2901485618 9733224435 7455712175
mkpbzaypczkqemzslrgihreqex 6062802186 4868469903 8441498498 9850779167 3051603563 2337691489
fqvgsckp 839808612 642278426 8440026329 6811301269 9993338753 7740764699
yjgcv 352865656 4173171092 8406377942 4185014069 325233095 896248992
jbhnwsbatiyfuwunyh 1484970204 3650256321 8400790653 1195017058 5309927937 85987992
cabysvmcl 1434315794 9356478098 8389340765 1680416365 9152233605 6003310225
ypwlc 5935591932 5294213415 8376790076 5470490138 6284333708 7256392307
cinmvwwuqsjlqgmqwilkg 2144553046 2130220210 8364304689 7366440883 6967383634 5418225852
ltr 3621741318 1044153984 8359807409 3094461912 1115450591 2477027175
gqibd 9778769032 5554808331 8331776230 6323803149 2291196881 6019921306
om 539815128 8288158260 8291143700 3531377945 9709493815 7450816531
ghomxgfymvsgnllgbpfzpbfy 1114705171 2171325007 8279929167 6198887773 7396264683 963963843
zhlaqdegfbiviv 9042351936 5684099939 8273972926 730937973 3488106160 2994285951
lcmkkjevnrltyugfkqbwnxxgn 9197114255 7256430108 8270354799 8528425764 6701829355 9535057406
xokjubhngikcpskzasmgkw 9581861345 7511778484 8261768659 4791124338 8073905390 2916880422
hcgxeqfgtpxyiqdebz 4150850722 5609818128 8261515615 2838091599 3740847831 4484831584
teuiunqvgxvsujffrhwubkuvvkxyc 9723158613 4897263568 8261069781 6152450693 7916725110 1039249567
cvifyrblmwqgjetlrhvamxe 2177607580 6367933971 8249168520 5999480263 9318386349 7482432577
cclrdpksgxzmqsidlzphxxsxlt 3146222428 3974401 8248666610 7216609395 373686672 6901203892
eykac 6176284042 618879127 8233190887 3831358456 475000399 1593463007
uawx 316718359 5794938804 8226884916 2235762635 119613528 1477218034
bxfst 1721256419 9848910111 8220856049 8003949256 1620905068 6775637967
uysalsjvonwakuuulyxytqphnhqbq 7356556852 6359559663 8217478707 5142829487 7305005974 4722559301
hfquenjejlwleqryungvmcd 9861990966 3646419071 8185915056 1230953929 8248248902 1678422705
yqbkylqccgwqoaawojybg 8724700387 7594127576 8168100579 7587643998 6321524187 3921909762
aoftcjjudhrzbidn 224635116 7605207194 8162650661 1763792499 6467561427 8812132302
zidmgpwesipkrxjwnmpwkjmm 3645495301 3131608518 8115569011 2769867138 6282640480 3246511082
cfiknffgylsrwmsvgcgravcybcf 9808164094 2275668894 8112377927 380104869 6174631054 5619266074
sfhcxthnhiiqhv 4190530745 9646624910 8109911045 80500757 4531110217 1124413702
nodjgtxzya 7491376983 1778183773 8088732883 3156827143 5467004908 4202633865
lwdndlpqkqhmjrszrgcavwjvmuh 1447004954 7602864554 8078744785 5567840352 8154063666 7590963602
oglb 6654737538 690168386 8072784779 5499615118 7114438745 5125940311
znkzyjlfnsloxnvygo 3653803579 6563906397 8055402625 9193269659 1750221789 3111685181
pl 4740910138 7210561915 8054594621 6536503406 8874674906 2860784273
mybpoqryrkyahhcethlzev 3751504704 8439600245 8024563577 2976508524 9553807065 1020998883
ieojskslrjxlxera 1983556208 7296250919 8021391204 5644332749 5843328074 2180851762
taxsxss 7662204761 6054951743 8021199306 7349158786 1602887015 8869928419
kevqtvjwmmqzcpwgoggos 1882802934 2087739795 8015277074 289865423 29373532 4539027396
ocofutlibtdswvvmhwof 8376305401 6381644034 8005385691 7333016662 9458254928 304413325
xb 2704782329 8441007545 8003694039 1316518486 6854021745 7742897603
lvrmac 592772749 1136967034 7993239238 2858788586 2051428274 9896820241
jqhdoiupttgdojodlnqdjtg 2651942111 7596515452 7989495928 1835670551 9669819920 5474731557
nvcdctxztqxxlqqocicxltjtlbkn 6082925152 2554430140 7980370490 190715705 1439216372 8508707294
bypmjjxijqeuhpe 5771549301 3271200994 7961202624 3479999625 5743453426 8120381095
ednowljxafqouraf 6198835883 9969943030 7958090494 4933030364 5168091321 2274958065
sriqzrmfdmkmspdpcvx 973814535 8894426839 7949237619 116729105 3869480108 1198701719
jqkem 1760252265 5959958039 7906447199 3040473311 3890043737 5094583537
mimcrvwnkrafkbbgtuqs 4029368722 8129176781 7898245193 4911188371 9955212652 5956928320
cjssoqoozt 5004618788 5939147638 7890807710 2924824026 3959795510 5995214693
lmxhxloqdtczvdibjcvx 8378477553 8405748731 7882024502 7706137560 6055374723 8062916735
bwmofnsfsiqaetnbpf 464831740 7280243452 7857014724 988655405 1661059316 1179718371
fcsenlcpbwuh 7159684759 8439037785 7849114947 7119763119 3192657259 4171597853
u 8120328258 1810000090 7846555079 3008893 1086773709 8336599932
xlweebiuyamodjxjxxpecklselx 2052348897 7822045403 7831493313 1016818216 8468738311 3966470110
blbkkynxuyhc 1860587639 5873004416 7831446053 7074617201 9352399078 9386394550
qoegvxlbagrnloshhslhocquvy 5167319816 1699046652 7818681483 3402119181 4195755087 9649519234
rgittcbq 2472031156 233257902 7805379050 4724296910 3775610479 8594560892
mprfdyypekzouwcysimvvy 3285393742 472361138 7802393469 4297463852 2578828709 3900043165
cbwmgoiwjshpm 3355423097 9078241434 7800746302 7102821310 8820744141 2840530537
lolpkeiwcoxqe 6248865145 1469977661 7788591132 1637904660 7739393121 4719835695
vjdonztzokqtnzb 1741842682 3357405877 7778136571 8520474622 5453023268 279608131
yoeclijigtnwsjzttrdbcdvwwgyuiw 9413100469 9352149833 7765478866 746725354 4432097521 5676201637
ocwrdafdaudhkwfogtkxuzxwdwyk 115363273 9128205548 7761083790 9282245714 7355104905 7756750320
yyf 9669265427 890440326 7756249762 6182309386 6489580961 22978268
bpzipepufn 120372115 8629209827 7750340527 74379184 3342003280 5876425763
jvzbpoyboxcxkuralgvnwteziuhbwp 5693937801 2308134593 7750052119 4632967041 7511078578 8743668671
lsofjeqfwbxfdahflmie 6361728619 9385531009 7748732118 790658651 3471192555 9703795604
gdgqpslzqrxxmur 5311891884 308642447 7700965001 8406448892 9265038282 1697904955
qzusyanuhybqfvytw 6209615254 8095013154 7695108226 2602574419 3496499238 309034555
rhnwkgbcenxomwlnerbetovju 7231239652 3100886352 7691514272 4407333975 2166655538 3118298241
nbqgjnfhjrl 873366416 9593946657 7685899156 5838610563 6665832541 1731628173
qiyqbpzirlrsipupdifgcidixha 7544992235 763381467 7676125747 4278818829 814817140 6276490480
xep 1873620379 3845789301 7673814754 9781352528 4281580452 5639960914
ntxawixy 1471002920 553144747 7651011892 6268015549 9478076995 6455037922
dnpifvtfu 4076539404 47847660 7650273122 9260212903 3821482583 2773606816
kxqjtl 1759014756 412228526 7643957116 4024842020 4481285677 2965582100
hsodaq 7478814004 206985443 7639752149 4652798587 1252324830 4712216121
carflrqrhtrnh 6298972605 1186741659 7637065960 3364567220 549633757 1300782928
jjevsdqjscoegwvnhifmftzzj 8311195840 688086855 7622146776 9304668596 926840886 1703939703
xhuwompsl 5371959575 4484093603 7619253953 4301259322 8976981313 899637179
vcurv 9163912637 8437138199 7611778070 937445039 9815985101 7465088587
utmdrksnmluyuhooqu 3340766256 6630149161 7599153488 5845598395 6533839120 4941342170
aecbyoymjkpjdlhveo 2230524116 8101164971 7569242138 1038954124 3683638522 1839968191
r 8930739729 4097692381 7564032469 3829188174 3888469209 1048138367
gativdcsyzjckfospazdtjdgigev 929069569 2446659574 7562715724 1924849467 3487159594 1873661772
oibbrmbbicyxpzvhmbwhbzm 7259344363 3908637321 7535809032 6564395843 3799801733 1386117250
hxmkajftxxefjlhstcryvmpzom 7897470039 6792777737 7535546307 7002213857 3307301960 7697203123
aqmdhfywyimiqbzwgxshxsm 3928400247 7160101479 7533983353 2529510310 9888128124 1361201243
hkt 7388557451 4808403583 7523886195 5134403165 4613407604 810238519
wjrvvtkqetiqymxhmzzxaddnpe 8407148916 4262881354 7515774743 3408511289 9761294194 302968505
p 8693643255 2851762446 7511537059 3754123997 7623635518 6471591367
mpcniiofutyh 3143843920 2363704201 7511397971 3146272202 2016447017 1983356287
docseoselhhstcryjwsp 2189354832 8315143991 7508236659 507779628 4599473107 5480570114
ftobdlbduyykorkiflcd 5964827752 5521985681 7502090913 7359530554 8726949504 9606120738
tknjlfeptpiknmuexsvalsyw 9080546889 8573068336 7491672853 2714664735 9499828694 7186734590
qfrbbpgxg 3019846779 7958434309 7490645503 949251438 4519165351 6907832859
tdkkfftcifubyniwvxrdktrif 6535445907 4335222567 7472534303 1360176939 4063925552 9148225049
lnf 7559884439 652534431 7471693012 8245872080 83682298 9313275592
tqtfthkippskytscctqzf 4923622660 8474242284 7468706892 36107151 7141926416 4034363370
zhuwqazbnffayeiiceygiyg 2425794695 1812322792 7464122772 2851478450 2975636956 3285678436
mwkwgtivnmqbjiwksffilrzmfmae 1866642752 5189080115 7456175436 5320306345 3318969945 6740019839
hzurjiopgpvevwyqsvz 8974089983 2037999641 7448582670 5985457818 9269430723 5767014047
riamkerwjgechhoianail 3017202139 8361617332 7445692272 6720179899 9411618068 4434839578
lfdt 4376619626 1734672059 7416582004 9923558493 3285083749 5927268839
mf 191583994 9693390831 7413638448 7545862280 574284642 6211029383
qmifwhidnlsdlyjnwfi 6782646006 5023309420 7412589212 7695109510 4030392420 5705332735
peuar 8573254258 229347297 7406045382 1420894873 4043006096 7313416017
mvkssblveddhkyya 9897194350 1073411780 7403932771 8971780264 5608395474 8777542304
fdylcgf 6064867485 2786869775 7376326259 2634728794 6463617055 7508643046
zkkkspndtwxvd 3616057900 1316567363 7362827114 8493685911 8528883438 3556356718
rezk 1748290652 917122711 7354027754 8365574326 6327595680 8928456240
v 3801876492 6012291626 7338305757 813468338 6531180127 2189847126
zryzexkisdsy 2162673012 2465521381 7326481453 5564106770 9355697163 643263050
ccuqlnxxzzkbstqsfjql 3205231028 3681116560 7324054093 3394932959 8466552335 4346416031
bzkgtmgegukfzkjkwxzgivzzzxuhto 5470688740 4586538304 7316970108 6614213404 3702930631 9814856149
fazfweijvwczyahsjmahauupds 5730375332 7968154136 7316811483 2743400937 7408232730 2826518593
zdoejit 6320575463 9345114506 7315419084 7991971537 6638935559 8092126476
kdbiswddddhlikgc 2506994619 2784695007 7313777046 9632530239 2504840638 1260217692
oty 251275567 4881899960 7311898726 8500173892 4232134231 8901896590
blxixyeribcorhygnvmnfy 6865910230 6280457669 7302219370 1442509728 1294026848 2372972566
tjzisfeccmbuifxlbziwckr 9377144430 7664817061 7294902017 1931578323 9798762651 426259263
hehajbhotpe 1714253075 6778122796 7294497275 3411016068 6967683181 2147122298
jecqcajmvmxutmilzojlzhgh 8582506093 3486243947 7286708524 5512774377 518694793 8631467529
olz 4550677753 8713094231 7277451098 9495817986 7514680326 3715624326
muwkdqxxolnczwyzymbst 74618053 263733411 7274681906 3167268087 6414158066 349746417
wdjthnjggzsnzl 4469276256 7907410012 7269347105 8743087480 3961015093 6701348473
ncdylopetpbeusjyyhahxxqzkdzb 9382396621 9610784057 7269162612 8379171463 1130478562 9661624175
zwdeafdwpmmqfrl 4848692016 8063979276 7267485529 178254807 6287817457 9016491431
hipftoojatg 8326434995 1636388874 7256210670 9912305838 7676191097 4959996753
dvlibggkst 9792724347 4080555644 7251352029 2144538841 2589268287 954497779
uyvpqcvidinzttshtu 7554428023 5627406010 7244269370 154764064 559682748 6143023425
urfgehfvmratsmrpaxyyo 7178809398 9568444636 7207449519 2978406261 647369815 2850197912
rwkfgufakaibqmewnwqpzglobahyd 9687751044 8343709739 7196699422 8652467836 7721509770 7791248115
lmpwlqcqobcunpwzvdjtviwx 2851697287 739790435 7190749760 4851577533 2139626527 6705100718
bybhvrcjriqdbxezpzomtcsodlgt 8496236729 9235051706 7173771982 2558859412 1106661168 4768005120
qluywvuxlhqjpvrrftvldvx 8782470612 8097767736 7162655467 3624834450 3037623203 6431431288
twaueb 509329508 2398523782 7149144329 6862517510 6981338877 5044277026
hafkxjwmnjqkwajejhhnw 3068391667 492611329 7099364086 4111104143 6198960895 5438244251
nnenqfryjmqenweqpapeqfvawrp 3419722835 9698860336 7091531264 599908788 6825108079 2007846764
luch 1045161248 9018010661 7076676351 1160468299 4800007853 1434599394
uskcmxfzoantljvwpzkydykjrc 8930668416 7949075299 7064051035 931942374 7427494379 5742886616
l 6884263820 1308909276 7060545372 8097528531 5846069535 3543827249
ofptudslhlqdjcwjywcllggxcfmhd 4669363576 8770377946 7053917200 7171360210 3095236783 2327108975
hbzg 8350011683 5588985619 7051090727 4062726863 6405702292 8316398275
neckmooixaytypffpa 9137839227 8026084881 7022236619 8014180023 4808871819 2256036253
zjy 80669483 5985408082 7005757441 9730953575 3472646612 2898186126
puhivhhfjkfkcjmkmvzxbzdtjjqdyj 9586782617 8727930840 7000621487 5678768736 9433002060 7533712225
pyc 4576711964 2251868074 6987395116 3478203894 5591929651 3411368989
qsktwinde 8719258294 6547632602 6961495449 3768124466 5208346947 1859704314
gpiupaxkwrtvaqegxsctzfohcvykw 6096358815 2339704425 6961102337 224007543 4026011227 1807864929
xsrqjeqgxorneaeyk 6185578024 8418276112 6958943906 5579556535 3074312270 5835507472
xccjxgtfosn 54261378 2202822027 6958691355 1251287775 5126975034 8802619298
web 2062049003 9998510559 6893092667 5960939294 4324554610 5525354621
avlxyeiwtyjtyijfejvlef 9957715152 8863465525 6888209526 3084598905 1180462998 2623715636
hloe 1007305145 9828752109 6880916259 249981916 55532703 2851975037
vfphamjxhkzonsu 9956775034 5495966279 6875270899 8480710940 8237867051 3120148232
thqxmgvcjorvbflhejwldvsws 2756644854 133369394 6864457301 7948656777 9394758320 5496514580
wbemiduumvrwdbymq 831539730 9503949010 6860353341 5311547724 6931210253 1377217068
pzbsgazvgtdahjjnci 7560865537 4719459269 6858579535 6124467538 3933706107 2801153141
ovjouwjkefhgdoinctzgszt 7611658985 4143368280 6838265482 2884176759 4822478424 462896531
gpxtmxdsvkicwgwztlnvvlfr 5811383970 6855316854 6829171070 8700257372 2636903903 2031038675
gfxsxlyfdyfqfeystdculqu 7065710938 9317094321 6823108614 4396276882 1048732522 9768202714
ymwhi 3760436781 8894263458 6808263989 3158603981 6250672644 5384370366
kovjqwhordemmrxddbuz 3279804167 7712384078 6798051956 99968709 967480651 1200018379
ejmcrdstbwezf 3114597912 7165181955 6796731828 4605562944 5605989058 244371510
ljyumosqubozbjpi 9652975489 454408936 6784748570 4167185714 5247301649 3597096903
k 3741935770 5018235311 6776887282 9470046267 1499494850 8891287451
gmznnixrb 607232658 8872138060 6772814088 1817993177 8147778854 5025496709
nhiglvadbpymvx 5397489322 7018019817 6772308287 6510292510 2606048109 4330031020
jfndycavvyhxq 5586811911 2500638698 6770412040 3375878067 3355494185 5244285135
hnid 8669001694 542963621 6765634309 5717991189 8533697529 9898148596
pzspdbnewary 2449658131 6858791407 6764163156 7793024020 6446733590 6352796989
tnmctisgckjohttokyfybruytlrtsa 2866298521 3361170491 6760504412 3537474171 4867221154 4500618347
ytlijesulpmxamhk 6410890623 698468554 6754678440 8736730661 7545090803 6735367851
ier 538038340 8538478406 6751517932 9401590543 3823367783 5265148796
ktvdiahfavuxu 7941317285 5085456814 6708537659 8995273853 132387909 7803041603
zxdac 7869215127 4022690124 6703639810 3457465326 7005241867 5135032918
qwtrcfyk 6242919314 6136477528 6703025615 1593821480 843777622 8405014952
iyirsepdxb 4587683714 7653724021 6678431011 6818719082 5158323303 8354046934
vaprt 9705239901 8886859690 6662385702 1977863953 2213308360 520343793
dxvhlmqxvcknp 3797875962 7191057948 6661490597 4023867763 5991258275 9400751832
smnsn 7571654466 8386539956 6655313568 60893686 4861918819 4917425061
vzfazcdonfyci 8582658149 471136863 6647119104 1120488327 7089369539 8742829912
jebm 2479641662 789447964 6637668475 545133366 7759746890 8735677728
ugw 8373668431 8138381479 6633384445 7417541424 9402853980 8755054267
majuekkpwrsyi 8817331427 8661493212 6603055450 519787102 2423102024 9879614414
pobusesikjndernalmjvf 2787084703 6489119799 6584693064 1178056302 4612904595 8899198783
uaj 3035997837 349679632 6567318716 8956232566 9458960480 6723796310
qjpwrltmufqwrtccecaane 2249331411 1968916521 6555903130 482455915 7505298407 531297120
cttbhgvhduihfoloqrzbtymu 5482459544 6402390678 6513506821 2105941874 2049163499 4516393334
glhooomtkjyavdzgqvdmxazpgakt 6643238829 938284903 6507425512 8888662987 4934792597 3164748208
hu 8716503383 6747222949 6505788946 5077617397 5514664487 6685833508
xmtkwngohnkjfeyyjxtpmodwmvrr 5613509750 4506589528 6505162643 1763271141 811993984 2536734585
qysyhh 4244775981 8499572983 6490434202 4505940929 5898441318 2884631463
hxndmzeggzpzyczjt 543722867 4541721639 6479005084 7920080468 9547023460 6026674615
rxwpifmvxknwofhjlbbyvbcnevakdf 223002741 850004170 6460379953 1899700532 1934398680 9015434392
kdcubng 6111940773 732689874 6452921780 7981816322 6126148073 78921183
hbczswjynjhxkckuf 3590325427 5720501636 6447414322 2653340785 5914274013 7246171617
xybapnrtclbjxlyphwluoar 1900716733 7143821285 6422839570 6819587742 977136841 1711957164
cznqvh 2090005801 1249015721 6415169568 4071610971 9939802032 4833860551
ve 7347947969 6510796673 6394814601 1709119286 7007645728 2053546922
yxdaimizmtoinjpzlneovimxml 3774638424 2418843680 6358533256 249872260 8062555649 6637883714
zcsrwctsbgupfdustkwwwx 4655072066 7439813973 6350418171 2772734631 7488567591 6266777826
jphjcpaaqluaryayblzeu 7411978666 820521880 6345293937 7833776058 7409019260 9293644041
lrubhrpualccvzqsqu 7230298894 8190028658 6337848930 9519061647 6228325920 4039322334
ripdntiyhyknbxiwmoxa 4524744661 2826763212 6321508718 7348144587 9038613515 1451039118
dmbuetssivyuu 8288398065 9614205490 6315265610 2076560142 6538024350 2897892193
gc 9586825846 7406769875 6289023349 2576244167 9815293461 9812632270
zyap 7636463476 7804718024 6267534917 7158326664 4995253652 3917443972
xswafercfka 6450590964 483564702 6240162740 4101116681 2497388219 7842598727
zmfdqbdptldvvbbzlwsmoohbuovpg 90193263 2545936288 6222889149 14174845 827957767 5843292277
rfq 1548775854 1157849245 6222035621 9018873884 8399885180 873242390
cbmsuqrsxxgaw 6914614831 2021773888 6220622223 9508258119 5636459547 553788420
xodggxozw 9915565966 209431082 6216199182 1529269170 1787170542 9265725348
ifkhfdhmzduzctoeaavouwyh 6006346847 9621964770 6212274186 2072527344 558189418 9474888029
cfzghaoibuncxsuelywnqxohknizz 4035604489 9528946973 6199896629 5017638772 8394310356 7869561580
goumrdkanuyxfzzjlgrebmtrjnsb 2427110672 3827069303 6199261362 8685005367 959950628 8903044744
bmcxkpmewle 2484915056 7440114904 6191701794 5251603130 2844443577 6374853167
ibuwpjcwdgijqhistwkg 3326452123 5287447975 6177843746 5485020187 700750480 354474480
uvqxdipuuhnbbfwatpj 498420716 2698538774 6163517684 7266815739 6793068815 2557722799
mvzdsmskwadxshkqj 5058251598 9913090583 6141587346 1130414317 5947019942 6958247747
kwcddjvumwrvbxvhk 522901567 2773870071 6127115625 6738692612 6015673959 1547066917
fu 7941616137 2584424692 6117452873 7785006510 8244544846 3234204571
fooqdegbcbnacqoxg 2668830563 5762208562 6105393241 5018329217 5604059257 2053892485
hoaaneldgamhuqkgrjunrdiz 8412410838 2616623848 6099757372 9940767413 4572993186 8044155194
ucyhyxncbzvhqjhfmtdbfarxh 2567087968 9834959398 6087183027 9373846540 7045605769 4628503578
nbeidgqwk 1308730133 2576014611 6085811652 5380916972 3807592630 4954086196
ayosetytamvmwwaafsisijxufkbvwr 1368072515 5614342873 6069383419 1062508728 3931054005 4313181251
smqhdavvrfiqmr 6545462950 4788305802 6067018595 9376522117 6568423744 7880865414
lyvntnvlmsyjglcyse 2780188750 5485547168 6043159147 5985972559 9536804531 3692536921
nouanozbtzmrhvwiwrzmzrxsuix 1103886705 235019491 6035138332 7058158377 477003324 5551611259
wfwtintyinoxzvlarkbai 614301125 9198628711 6031744802 2316020477 4264123764 3876018063
kzp 7036242435 858357022 6031075421 4695358063 4482371316 6300957490
prpvkgemaqwerdskdukvjqjjeq 981014166 7688306250 6026718519 3483665188 3382880449 9767168400
obcvaeskugsxfhotnrxfhmphjloyqg 1035498913 3405316058 6015546074 5121498074 3320832071 2724768224
yxzzdhzutojafyehx 2217392402 2696964876 6008957063 4695972498 666734337 9223948052
hj 6328911589 7343184603 6003217994 72569693 7999156760 2197528405
abwojscnkjfrbq 4649426159 7713240695 5988749244 560025076 1080173769 5478775393
swdvlsvajwhepwkbsaogxxspbwlf 5070764637 7233623447 5973715825 6827147060 2337829406 5947376245
rntotaubdji 6624333610 8471869313 5967908722 7920736057 1758695561 5990041982
hckodszvcye 5062670773 5091864714 5953351453 7645698477 8074646775 2343628227
fjjmwduejeelnysjpqbfazwoj 406724519 5054808094 5947517392 313983362 5429787634 5806688148
mkkydlxneo 778652283 241752172 5946126561 1578704730 3235273572 5585203308
qdxcksuznewmsnjrumkm 965757544 1389464331 5928118295 8131046713 1781272834 1253628350
zyhlnqtxwinfhvxnr 17131486 4514255641 5909674607 7647122398 3015304045 6710887481
jcyaibfcqkmooswlhnvl 7733789324 8791039833 5909078645 6047474358 4575426911 7651221101
klkbyryjswxg 577680892 8002798344 5908062387 7681028580 7621564919 1626889812
gmdtzgawigkeex 599956376 1031916297 5904408468 2109891847 5679612416 9348085774
vaovqxahwxascpgiw 4033886162 6867838307 5899301052 9330184756 8686128470 4608079469
yntnikaewgdykteplzsvyqe 9145322263 3800962713 5884158349 9292754606 1137311500 6853060819
ionhdztqpvplxjzn 3003921793 2416673421 5882176702 8893177662 6874522326 6726518605
mqdlxipzvzpafidzbxljw 9798196094 3640813771 5878357460 8251838197 3099430745 4093523165
czgqku 2766031056 2937384224 5863091643 8819782771 4131137825 9031978452
anueostltmahyxqdykbxtzmd 5609270750 7152012332 5853665757 8526984969 1491605682 4500898947
zeqs 1185369887 6324048819 5850968618 6961448593 7459672015 5891023659
kpwtnlhxvvuvlhitrat 3998617491 953116809 5848632177 6210796235 3596484471 556280081
fxxsnavsctjlj 4257014322 264849048 5840127762 6018344 5306393940 9812158142
imt 4129860479 1925206112 5835248461 3858692217 7324226050 6589546691
upktngurplgqplndodbuhlyanfd 2120404253 878829955 5817274336 5113787437 48129211 4403718440
js 1370500794 4691450163 5809595495 2307927181 8964392939 5425587817
mmoirbkbumknesjsjtdkxciqi 9571735437 8629867388 5806307691 7957481471 2957585874 418278699
ykmdclftfmlqcamrqns 3010660523 6375815106 5791673590 8732595068 1861823748 1660685480
yygu 5664605810 9008256850 5784640855 8881020526 7899698574 4826495875
ltwwbemjshbvwa 9188695729 6676391647 5779564685 7056089536 849646122 644173751
dqfdmcdfapejvbobplhm 2891785228 4138732268 5752059109 3123762125 2697415100 9247611327
gagwhiejzjhahafnatl 789534272 2877741063 5744292768 669143227 8929738279 8821628324
thwektywcfiudgvxw 8305319638 7927206884 5736155310 6328804844 4964806727 6148150400
gqfl 9596538510 2699625545 5727937975 4931455823 7589949834 240076009
gjboxxoifd 5735684860 4236750082 5723505253 9025086156 5685988279 9633435160
vm 3034315994 9578460554 5719775186 8414975860 4261320592 5244878855
gyyctxdyoktrisvciu 5184516142 4406872223 5703328795 9809521794 2431076238 5556238249
tquagbnewjvg 8014967164 6573046695 5699212295 4137053293 9680278558 7130883268
obfrxkufsxrxvyucbavrqa 7771470090 9817740851 5694728665 621433806 9465664140 3176211226
psjkjkhefnmruaascidwxmoetzox 569292868 9978274337 5693051136 3318002425 7312625529 5470104452
kjbabgnlkeatmggfqkqmswnjtyc 1309943797 2833091707 5663126198 3481821025 8619192078 7749772823
mqhktztpabnoje 7717019561 5871439072 5647678568 7192774247 9216913695 2301846043
qzzezlrmxsoghcdtlkadevlphcorne 8394609849 1121688313 5632146163 4474010579 7701270855 5754696891
cnfyqqtbtxjfrh 2966124433 5820064624 5613961735 3068490243 8885838811 3740139624
wznoqckjfijgzxfdq 1844606539 2986644837 5608684966 8392426896 1558247818 363322798
vyp 5284059376 5959296347 5574341171 6173691201 6722661944 5565364375
mdlgtbqlyaiddntgshrmrnlershe 4594046496 8937645071 5568525079 419128035 596370626 4728238226
rvsbg 2663782765 9815871796 5545618044 6050722150 361837001 7568813091
jpueiguv 7202829530 8892525026 5533284175 8388923248 2521882158 2676458040
poufxleolg 8487022124 8897006504 5525855739 8579987368 1039523195 7108077550
jkyvak 5832126634 2285521274 5505909107 592171315 5405279302 7981934659
hlhwqmceglovcoasp 294044556 8585262974 5484572658 1700002829 3777228511 9408449723
tuukliweiulyjmntljhsju 9523856404 5426890101 5457765663 3016286756 3403128177 248500753
ivsivj 6393082600 9465937813 5451340934 5041657779 1438637390 1387270176
wzkyhxhkqmqxt 9285931579 7673719609 5449807711 1029898380 3940656054 712011178
kcpoewfzgjmyjtsrc 1932096466 7242416635 5438991788 5390586594 629558928 5282936825
omadzljaqq 3305795523 3286574708 5436106147 4523808067 391839855 9314802298
jysuosernedzqxjq 8119482669 2722845582 5434364750 4327683967 6127674702 7170168080
rqhgikcj 8765390287 880598449 5427324060 1603447768 743907861 1353806818
kmyombusssobe 1880354715 3736992225 5421348080 6347782472 4688144775 9318418627
mhfxttprttwomasquybml 6845748871 2888672343 5409939891 3250781117 8470155258 6552861848
etdruieyrqfkazqmptbxfbofgewch 6419435978 7008410741 5408268988 6557010052 1019284591 3412515021
aaozvyaido 36234527 2471099668 5402887818 7426509825 3428460047 7083195711
vvzaxyfljhrfjjsvgj 1419576201 971942857 5391150586 8489686121 5847441174 8010857891
sjwduyvs 6860845637 144713765 5382004676 1534752025 909859482 290778957
jqngunyukkk 9284516186 9683195172 5377988562 2675752884 8674124934 3205599003
yhfhvv 642351670 4843054057 5363697264 8333665991 6577477637 7342104212
fdbmvbvcalykxionxbr 7031948491 6348240947 5356296923 4936116372 8463038731 9729344980
wvpcljohpnvoby 9569335 8209122987 5332571936 4794862667 125362114 5762706703
wydlsgwjdhfgrxpm 1044530444 6870946184 5302906079 4159277867 6646356300 3946447546
cczkigulfecdandmfairutad 4704984058 914352933 5300377442 9226591886 7787715641 5103561561
vlzvbhbyljjluffvejcvzzzicfrfv 7870895705 353901061 5300061114 6902823185 702266983 1965542754
xfbihhplqdkzmkpbybvgnfruftxjbg 2953824679 5610808436 5295863620 908225474 7591168494 9126349925
tenjwonw 1017747986 6928932482 5225119847 3089925059 7894665104 6849287598
cfd 9282672980 8219878967 5224217997 2925319248 1357297151 6519024602
saitwxmehqghjaug 5789655101 2059692465 5207731327 9594198845 3061133095 9573819462
vjliohlwxpsgtfymvpeacfdfqwu 4698380826 1050344294 5196758784 7307388654 7830016436 5629842418
hadxsdqsazverfzdg 7673275706 6713496015 5194650380 7286058099 7373852730 7665736291
ygaravuryvncunrydxyoiim 6277944625 5482261490 5190022567 4502885643 8178132319 8949828378
ogxvrychad 1201056864 1787259778 5188991862 3237679595 418224665 8394051774
bjyifjwze 9524869564 3940842255 5188198264 8541782393 9299033675 7231456497
qygiqteakedrbmahwuyuxwknwjzeg 8851052477 1176954622 5182590718 6961283384 1590994262 9481948761
arupgok 2117964166 4061017604 5179721432 1941321716 2280659908 6863394101
uruglr 7926070756 5286984825 5179479109 5051622920 8299757075 645620833
ymbcvlxggfjwudoxiur 3718937144 4291133822 5162539101 6146620889 3763667168 3801475133
plvpyxtbzcgkscphvfii 3720870503 3269165352 5133503701 5559320557 8214339669 9445327710
donr 4099735451 480040759 5130477658 9749076701 1386211470 3219333407
tiuwegyuisfxckalsfbnyhnifqkzlb 7934080543 2358089262 5102757084 5687625109 3520660662 1872162897
jnazbentmscohhdunrcoxq 1922937677 3776043131 5080255455 7058811200 7535543301 6253832902
xhn 1886814147 942867111 5074489887 7775997187 790528234 8425877946
wccujbajs 8971797367 18561775 5067162420 8923827889 1330338451 7855511465
ejsndjmpadtatkvwqu 4816366662 7201657504 5049209809 6780740485 2246203895 4208019057
imvmonbmcnjfskgomkorkgjv 980680756 9273355846 5045113827 1052852282 8130123666 477814989
gwpxskiqxchoampx 2902276459 1461907073 5044440830 4233649161 849297983 8509260933
faugxipecjrhhzkmq 8166939386 9907180649 5044261820 7523386788 3018878682 2326826823
akjpmqvseoovdqg 7929851217 6672236605 5037120676 3626177771 8679660553 3448124328
vfygjjz 7440630168 9140381238 5036062152 464652806 2780163364 2136840677
pdmzhzcarauac 837968662 5499335815 5028380705 8351142239 1554675508 3138526103
hrunmmedrxkg 7146374840 4386962253 5026288334 2941033266 4562579500 4735944773
amwi 6618023236 6402710657 5019456787 3069067238 768784620 3414281920
ekmxwndmvvcjwcwsnxh 1504979698 8905607374 5014204006 7441068624 4291385342 8664520555
kvvfmkttcnnwkchhzqwas 5440076942 9925344764 5011559503 9992258141 4794631454 437068658
usxqwamf 9258333897 7333296267 4957507619 9796284502 5306789264 5937031371
okqoueum 8798232918 8202537685 4953135462 3892844639 6791011437 9016837854
hzegfoplf 7088360715 4372668629 4948408497 1467202069 7270751455 7224438233
qgxajo 4770025135 5245431210 4942593064 1326383350 5425680076 6341809406
wqwgtlevsqcnxjwiqboqytlwkk 7755450788 8542119795 4939821107 5590829886 5573465540 8116683783
yrasmoropp 6279482044 261100537 4904636669 555774704 1955673071 1596835058
fhdgmvkl 4177048934 5105185362 4902607787 2578969685 3735131581 2527967925
dubrpo 9906399009 2285657032 4868981340 9281647200 2189693463 3768928990
iyvukugbmvzaxyexriplm 6564653065 1850423997 4862855798 2323356897 7984329984 4963096689
yacvctpobtgl 5350348524 2110504764 4831879457 1512559608 7466192024 4329836467
omhzqhufbiuadpenkpjgcz 8813336509 12312104 4824271139 4633551702 2538792874 298147843
iaro 2252064733 7566951468 4812298165 2327935634 1693490249 9353923854
ee 2682969570 8207794960 4792191534 7469760443 8273549396 1678522366
pgtpmpdyjvmtddgdmtmvsclmwx 7214660818 3716466619 4759961618 5869869903 5366414164 3745155673
nwjjzxeconojperanpftjfy 9352420894 9958368278 4743497207 6227038790 6196168697 1871650326
pqphzkndsaikugkvokbjzcztnpip 8535715688 5044400502 4738386783 1344806643 6469107788 4633803314
gccahttmcltwcnffgicdyqcfjr 71524216 5197133711 4732840687 4918857695 8430424901 1655793948
hyoadrpgkgwwxpkyxzlcy 2243128668 1252443081 4730305738 386651260 4425154640 2795455021
istetvmjz 8883840184 2629508196 4725281403 55490926 1990736040 5038801089
sdnlfkdecbnsqaicm 181726327 4860906798 4708488142 6483295808 6523251439 8193265530
lqmjdrxnefzezzvqeqtxutblazx 7027599746 8153589488 4700020573 6353290417 5266669167 5400074793
yupxufkxlqsnkgolsvdmjamjqealpa 5221534809 9410747852 4693103663 8303700796 6563576307 5419862498
iytqpchxakjoo 8594574367 7779224469 4685435020 9875398222 9500590276 7787078056
fyptjniljbgufoeysfli 4497917942 7341913565 4679991987 6146848541 9965112498 7239464148
rhokorxgaopaqpzfthtqmogupi 8954181092 2394157531 4676920243 6295359537 3142897659 7091692493
zjsfcumkspziadgqbcoklfcuy 409609145 6207057326 4664562702 8138902279 9781249242 3777054971
hse 5711275684 8096058541 4657880364 188360639 3609568701 4520918853
tdjhdlgwcrywojloct 9036519348 2610363544 4646884851 9318082431 4301692557 1790562766
aidtlzgsochcqazdurucqivqqh 2512868976 8361724336 4645370115 854776602 4934824856 6786206004
sfghfdcistkvrtshdoqflj 3772024354 3081232721 4615639305 7968906705 7585335069 5821752729
jkalmstbqctjmoimtkcbf 9125428653 2742742391 4613611531 2573929490 1709624668 1843010531
opgejvxmijvfwqkiylykyvujjqkaft 5139351427 9269851445 4605772361 1176050587 8272428927 9586557605
qryklfxkvrgsovlwcmp 7537353860 9294531212 4601306475 1756954025 3749846889 4761234790
igkj 6041424621 2035498164 4597374965 3350400269 4592451495 6204133020
snwzgnbalztdofutxbbtlrabuy 5668030389 4583610088 4596793807 4516351798 5555102331 6692751920
vgpv 5942529805 5334809663 4594437309 549521487 770773531 3585425336
jerhcacixppjlsoe 1267571426 1270792420 4592749926 5282826708 6903050264 9917208286
gslhuokhzeffwlawzc 2015937451 9810725960 4591001925 3652246671 9335874578 400531447
vycokqzbtymjta 582149682 3675799886 4587649529 2255979614 2793736753 4032848094
tjhekuiwaby 9784390167 1908405802 4560736789 5441029056 953412014 4722211825
wmafefcklruabxgbioxrmwalldsel 8639296428 2928040092 4558607562 8761406722 2278855993 6036527941
xvlzlwshlxwdhtyoqv 9836523035 6415256124 4535456108 8621155853 7536619703 9755305856
ntqchkuspgwqwfqwfhlzzld 5077176430 9931336430 4530516132 3853375960 8755037810 3668037010
vfsccdoqt 6498383295 5698666607 4521240459 2881956394 175394519 735502342
kksvn 1017808112 3689394419 4517760798 4351146507 4943609292 2605127923
gzroiknsruzqbuiwlk 2146215492 1626292400 4494080381 1843565233 3919419212 9811015970
amaipcyyyycphdocawgxk 589542067 9155344921 4491423309 3010452466 8433308739 2181845310
mrglgusasnwgmedqbexrxip 8983489468 4148328476 4460197181 9945937028 2119098793 2108858413
awztthyqmjtkcpvcgjmliu 3314468068 3428407885 4454621588 4732854440 5526805300 6698554731
tqzlekzfixfhnhb 6068092458 9198866809 4450588390 3642719172 3457056120 523125336
epcyjgdcqxofgckwpbqhqwckvnhz 1847400051 4571296917 4442156664 3823501269 8474773842 1041667368
szlsnmvwcpnxbtqyxcgsehvgsjnhta 4867663581 3626622931 4429823726 7039541963 8373414937 7989950753
zbcbkauhmtlw 2179145989 1542473701 4427425486 2619340775 3095870147 3387355750
gyjtfoednsdhkeexihhlf 2435028735 764470790 4420937046 3773535671 978219694 8335853074
eyzw 4096253089 1518067818 4413967846 3092856202 2757748687 5088772451
ahhiukpkrbnwwoymw 3382882131 1264189473 4403432931 5374732484 7577979236 4524009407
bqpttplhrzkvljueewogpsflecvvq 3429872687 9132236127 4394339194 8464134728 9992415113 3301804652
rlfji 3222428025 2993764470 4374955449 7984806900 3356460660 2772332996
bavvrlv 2585781407 5081380866 4360900697 7412144610 6241834242 4622246476
lovyzahhbhpscqqjhnoaayhao 5424024120 7351500315 4354421544 1451199466 9595907215 3741511100
ne 7107998588 9136915979 4332128248 2999725634 5002820485 5876412906
tuhrvckniigdtzhujhgclzqlurtjdb 8090515105 5643071172 4319169314 7484256973 293887421 7210434800
ml 3173091689 1376158366 4301275400 5535556343 3990346635 9060319835
ri 3452056251 4062513524 4281640500 4172506430 2445015326 418278697
agsknnmwqvsmokealcqrlkld 8288502343 3572336056 4280005668 7186254886 8155393710 8594071993
bptmgmxfraksf 533424435 8874966812 4275842051 6058475675 6227473996 2967711819
meooqsgyemhihczisggkqonkmr 3233296087 2578496180 4247595635 3934250799 2686971350 1891315835
y 5549572990 7852956370 4247369042 4830787986 6650017149 2035833671
jcm 9665263899 1353044301 4236594499 4528588755 8112634157 3452641349
tevvnmypwrmorlrcxlhmjmiob 7599499443 967395081 4230680720 6534315714 510106643 3157798723
yvwkrtkkpkxi 6426864683 2184838584 4215363691 2087994180 1741365601 7204599265
wpcnzboalymcikxbrvusg 8021623003 3070814211 4214137102 7181836336 3130077662 5947774905
tt 3840294116 7518964925 4210408052 2920038753 4343111471 9562865946
nupwenyuwzkrjjfkhhfjqowpk 8524043211 5507474147 4203008336 4486216896 7812058532 1228301796
jllwcyquhggbbtyjghrzvaldict 8685228961 283929965 4194770755 1466825221 9068393436 392758299
hgoppnifvzmnoxc 8463311061 4406427262 4181743164 919931353 6327006300 4006970303
fewvewugezsvwgbropqiyupspvwnm 511241146 5295187274 4170256073 8029723177 7877662398 9615842205
qftnbnblppgbkbzhhinqijcsbhv 9009011975 8441545903 4169422248 1598101419 7690225230 157180011
funwedhotuozeuwqohayeeahjnk 1466346576 4913237686 4160531970 3274173961 2517490343 5013425940
ibxpqglznsmouxmy 4991580655 4985223416 4156426578 8459417714 9743451032 8364469005
prcjrklsrhtghppdllv 1802954751 9149815405 4151766685 8401951920 2520334440 8624908927
pvdrtgjfujaongntskj 419880213 9476990254 4145186928 3190510913 6345115906 396986787
ponesmzr 1120307764 6511753691 4143883616 2411416434 9079044981 5737988977
yienlmuqg 642745311 7895803798 4108168757 2817229434 3050317170 3487280194
wpj 129522766 5727856436 4105307004 1963860196 3646509025 5466629873
eaqkzqb 7607737982 7407400846 4096917871 5861180923 2685350117 3968567197
eihqupiejwjthjanyoakwdlzmjcv 6120317442 1670293568 4089891730 8263723576 4116241384 6302264712
np 8717500606 4596471994 4079766119 4069886377 6806788725 8843545316
ikoep 4524292952 7056682709 4069246334 861364280 2972523653 1885032558
glbwwezf 2516426777 62638781 4045550736 4455843229 3119841510 4618457851
usablkdeyavpdhbzcdxtgqmygg 4486955634 2058820383 4036550262 4632859759 8512485412 5344194399
bhyfrwqrbwyuxawumxkf 4568303872 2804120585 4035343591 9197628506 847698773 7740613092
mifn 7834388979 4232447420 4030584147 8998331897 8538137074 94185134
nirbspofydyizbixdfp 7340737596 6981368937 4021395471 6775712996 8596951731 56662221
grnbjigzqmgplqlxyyvlbfphvsvrw 2491284335 6792854101 4018891448 8696524132 7334242492 7609259238
ylqm 2102921670 9243979650 4003387769 7097062043 8186336485 4299196799
mehogxxjqebuzurzidsxlhpnzu 1090078171 7281175135 4001105683 8598789775 9694123588 7748875322
zpeyqpjesqxqpq 3819205382 816203852 3983410116 8766405202 5588656676 6412629584
nljlscnmyjckofsxxtyn 3879419312 4419574895 3969985066 2272859515 9679065647 8268854504
uwhinnburofvuz 1268189804 2200284671 3962960387 2822556376 9798275242 1938803349
datgfxzv 8519804278 2810243318 3942404469 6515155231 9198695038 5199069364
cveqfpfqkqsqodk 7390722577 9676121843 3942372475 9399972246 6520398842 8325424528
qlynczhrmoudzzzqpt 1144058054 3171136090 3941650367 2678362380 3870003937 2239280996
muow 8284304819 9588067826 3934959361 6609612194 4162953699 4512446854
awieitroxbkcrowcbffigvlx 7366715578 8951181980 3920765843 5964883742 2772982702 436713959
cnjmzkuvddruodepxbvaqmqgywu 262623943 5896809299 3918143452 2042879663 6739073851 3682933330
uzzrijga 6009007448 8567077101 3912587762 320172154 6771071824 1703576439
oglftmd 634012285 8706143710 3908665478 6697781148 2550365740 9951380486
jnuaxcpktehmaussrjnoyrssb 3157132726 589800250 3903465656 4915031279 8896213742 3083888460
urdqxxmnyurpsypvtfiwdunrvyevdt 8749819878 2337579406 3899808456 2759978735 4570478840 3157754155
dhyzqytmsbr 558314164 3588070887 3885424200 5142144885 8483904933 3099738020
alnxjhoqycdsmbvdyecmjwy 9392980109 7954284604 3871068503 772344013 8188990326 4462509437
ypmghmogmeqfygakxhkndo 75176630 5363978596 3857724430 9316164747 8176099820 2783456037
yrrhoacjanffptbkolgqegn 6346715836 4452874173 3854770959 6649829155 1350671767 504467359
fmr 2936382572 4917202367 3837050587 91474565 1255198251 3418404509
ynorhpmewvhfzrnkxyx 7577201482 5242211025 3822513936 604972053 9093555109 283002567
leisbaioksgoqt 2235301463 3667156807 3814004843 5571393801 2372846756 4711565546
xgcsqrvwakotqkesx 3819547872 8182999639 3806793428 4130959916 6590146051 7759048151
vzulnpdcnmrtwpvcmxanlsiqvuxui 9576813368 7891698743 3797464317 6327733335 709147496 562408889
tparjxshmkuhrqwwswrfelwobza 1542474453 8277941781 3767765062 2555230459 2991650059 8426292616
dkpiroywikr 4653638105 5193405874 3759038448 8760872596 2642356908 5893174126
mij 2147317195 4633012914 3756778349 3737334275 300727295 5985151356
toirjavtrbuji 39826328 8228836372 3746202668 4138626478 8720917924 994453985
xsjfldcpshsasthwpfvxpyzo 2642328942 2820889036 3740205137 7648359436 7326924992 3600729106
fbcxufubxefuqihsdapzmvhy 1836495016 408610283 3729684751 4786121673 2365452982 4178757768
lykeqcva 4860502463 1958623320 3717582789 3779042147 4818662876 9396346475
fiyneylximfim 8578211258 3182370651 3710028510 7207655594 3887600446 5628326632
xlxlpnuucbumyocqlioxyrqcpvgetu 1284342787 4203465851 3695857459 1482443616 6554282641 9107288973
clswkmlaykupznlp 1463808657 9208607476 3689184928 3728231011 6197425034 9514767376
hfxyzeiauefbtdhgzkwgej 7973377017 3797467865 3685421545 4307005735 9576923034 3477951170
bpuvieoktsoqjbjosvpaidyqwnroed 1725852806 1730805413 3683988764 6000244866 3066197946 4362667575
ygtxur 5534482222 6741873943 3683797887 2835399567 3369983225 938442523
uviehrlpceeww 9903812606 6776209244 3676734626 2859404887 2066126116 5001044670
ouscfimxmmiuwkxpk 5823345789 8681725812 3666980971 9282589780 666077510 4397160879
aypqunxiwpubdlu 448511583 600666248 3663243557 3467523476 9971180591 9651602409
vogstnfyrccswnbpuxtgspqaibjndo 8114563700 1019647465 3656169380 9321431019 7900135315 6703952140
saqjej 6578309699 3574885346 3653404034 9271900914 3143250375 5098135081
tppwqwrqddfirajhcgn 8643806741 742111222 3643509658 3727478706 5938216699 3436162719
thypbyqaepzinbcbspafvtcx 7467945958 3295751337 3632906622 6842441887 5507275922 3139058561
sbeco 1953283117 3942306999 3628668247 3818936437 9050269965 7154827336
gtkabdh 3028801827 4255177395 3600123967 8112142623 9006051659 8057544670
phnnrqkwshopzwvycoqgfskbogu 9078744518 3134291359 3574880677 7587608497 4899622554 8768390787
lvdplvq 268985908 4884271154 3562926456 3554686154 6081248849 8148075300
dqhmrccyaaiwsswmk 1843512989 237442757 3562016415 2645931351 8493874101 2640906991
nsftvuqylbhzifcmqgdovyrpbrv 7929574600 1688995374 3553685409 916168486 9504553563 1329723570
kw 8225912616 4980767413 3549163529 1124674125 902970325 9298026962
mdi 6038642790 5571307833 3543905414 7405262775 9714438810 5664439882
rqesiyznatqhvxbxxxcsnn 8529982072 6570105782 3542072675 2176178694 3358826451 4973445896
xyqtt 1001548923 7274317182 3537302147 659006957 274432117 1776570315
ns 5769341310 5302757874 3526920457 1410580524 1721944992 897793778
bjwx 8618308321 3913586503 3524532720 4966923277 4020999580 7504130514
vasmwucp 5833064416 5003848033 3524419113 1365621015 5496774794 1062685668
acsvtotlegzxkmbsmepgsikvonnpc 493013069 2404906090 3522193695 1105196761 9826395538 1580750681
cfhqybnq 7475758196 5081278171 3521273832 7128775420 941137187 9106508907
yrfztv 6349104099 5370892869 3518362070 8491299129 8345941381 2395113308
ipzkszsongpwximmanooyjazxwkty 7344284324 3731621558 3486327641 6461216144 3977974099 2787284164
trsxckufwxmworjtk 902414130 6950618101 3485000929 3111128306 2353712850 4421336920
dmboihzzyhwqzi 4313876557 4721300292 3472303900 8199946067 7877298099 1896504169
wxdwdpbcqpl 3499557346 6842256801 3471810848 1015997392 5990903523 3060162260
lksbuijimnsesedfsc 727320695 9940163774 3451682438 7821325777 6624780986 5010598171
ydllpmibjavuebp 7763613632 5208389969 3436813221 6633028730 2367756009 3858716816
tpopgvwpjekznvmnihaiwyfq 1433410037 672338577 3419627512 3191715716 3107969907 9085278417
miijzerkpmmudeuooegelcgjtjjf 3030057283 3106723598 3417299978 3877918563 5524441782 6404506856
inuita 8936103112 3197416534 3415771928 849872168 9501445869 7523792077
icfacdwcwssdwaojabndq 7685507264 6152802066 3411992289 9403636295 1254785337 6248350309
osgmoa 4722903327 961110873 3395174893 5667912280 1911347862 4459818997
jbloyplbsjsbwuvlqw 6856576053 211871485 3393060106 6984178675 5058564210 5111349622
sgadctejaexzmnoibltepm 1300679658 8315575659 3390334911 9013245851 5740082662 3593517503
kuun 3092809259 8083003323 3374958307 5496054610 5297186296 2814619573
sjocmhnqewhlpuaglavfvfqzsez 9168814628 212099159 3357217389 1912582561 3721240218 6620084228
ocrkzmohqgtpuwwgbxjfdendfkuakw 4364283685 4930720479 3354772588 3323069073 5689202493 8408250930
lmcdmpahqo 2275359957 9519596468 3344466555 8805699801 8297459143 2811198236
hqmregirwbdmqnpzzzwjimm 210262758 6412916261 3343272374 2627208951 846776012 2768824143
yijumxvkjc 2167509071 7426327008 3333473558 1891601126 6636266430 4709433541
ihyxxzthkfe 586279684 470024046 3331243989 8928924492 829326684 453027316
epzwaehzwlwdvkkgnyggc 1286156114 871788709 3327863744 7213192258 1621294271 6809770435
gmwmybwjcdjkuflkvvy 3222577915 1493611759 3325640769 5785674765 9403607164 4605320047
qqdgztn 1840003453 9564721897 3319435721 8354644077 7950730002 8777895980
endgxolgnxgwiavuvbhwqlutdhi 9592883402 3914323650 3311383220 5365782669 2915318740 6863109741
dpbrtfwihlenpymzj 5799380223 5974876065 3282068322 6171852928 3628028208 6675328393
xkvzfy 6744370024 2418802625 3275520063 63329461 7453021475 7114623114
jfzqcnkyryjuqlcblclrhxjxxmraxa 4979315204 3916092951 3269902850 3833587182 9574566629 2260294556
zilerlxvyjdbcnazn 3836574045 1947555643 3269503664 15534375 2944733663 9162873139
rxavufuuzvk 3800231624 8453098824 3268348087 198085164 5663854552 2705767045
ubkbqjsuniydmatge 9328962714 839800569 3266124560 1152085943 3990842797 4217555648
xjihowbaapxvxlcucalibaioazbgbr 9811004601 752209833 3259247963 7284027835 4649054921 3673880668
fbswnukpvzowkodlb 1224822792 8109059224 3254679979 8943360952 3334005586 3792050712
ofl 4613652649 4554508824 3253892971 9005065742 8010149329 3583302700
nqrqnbrvlobyvijt 4218686681 2298174710 3244492815 2369453875 3568731386 9925154229
wvnphyqjmvfzl 3294657701 618228255 3239965555 2093430774 7407426367 4955062922
hjmgslcyguwopnfuanguith 2440710650 8255065646 3235711852 8933217554 6476034995 2831396369
igma 8054232494 4501096865 3231343254 6450737863 5839678680 780661164
opyorogczfwretorbkcsaka 6388892162 8139222571 3202032328 4083632756 8588239246 5295932565
ihccgkbyhtlorhfenqba 9456926935 1040268443 3188260006 6115543804 3786271990 6846325529
vnubtmpbhyj 6298326554 1479413038 3162001900 7282684460 4373380343 4530879931
on 809098963 4111178685 3161590439 940243431 4892117941 1462105498
hafgsaupggfba 7970245695 4389257927 3120853398 4532696849 8529798606 549543718
kerzryvglwcbbqgtqmdfuad 3241105930 4114081236 3118214587 4914382247 6485416485 5436959137
djvuabkgylkzvnvqhwkxmup 4199365472 8436527882 3113940800 9019569391 7194345726 6964017849
vdqfzganz 3633769903 8156638465 3101406558 4620461699 4459021159 5367532501
nuz 2931877166 842862755 3098806501 8455784508 5405718068 2276432003
vi 7974662905 4946268019 3076077861 3928907881 9539913391 6883745120
jmfkbgnopcolcm 1216629562 3053501205 3070295699 8033196277 6391622553 6437719708
itfbafqkbhmal 6761023019 2182131778 3063122119 333995497 2340417349 9909680081
snmdtdjrllsbl 3516741319 9383682555 3057305525 3449347967 4264703788 8788056780
wzfpyvpggijgrbesyjkbgbefyrl 8389717907 2914278053 3052857490 9623323301 1763362361 8172455362
xfqmbzmudnolibbgtxtqec 7240916516 1398115217 3048471779 127914649 4752160270 2512393251
ejigqwc 6566225171 630224831 3027866796 8677733485 8795270131 2819472759
evcfkwqymqcvjcrivkyrujknnj 6692161258 7368231451 3020232672 1186099569 114762489 7652423194
fenzzscx 3081521902 611261036 2988684660 561363396 4373585876 7579869358
wmzfsmglojjmuaqfvvig 3584868830 7903974124 2983081929 3829050836 5326941349 8940980428
n 2460339284 4044949051 2973321721 7586286690 7254224182 8175983771
pftavuaqpclkfpfhfoddkcmymawz 2226177290 836223124 2959656302 9464499864 4320784872 2018729058
oellgbvvcfwizvdsztgzolzjtqdlri 5099580915 6911400396 2951075227 1680575860 8594878592 6640218279
izyaeteluyuwzpnrpubd 4623541544 8390473144 2938023132 7087370371 4058778324 784743053
kilxggmlvf 7020877275 535335624 2933920482 4589976107 6054207063 6738009096
wvksmvcndnoahguhgdipdct 3220736061 852790413 2917555013 2393335630 8560595534 1562722125
keqwfjsnbtzoejgsy 8051535023 5012253255 2910180701 2597416501 2205607406 1961896795
wrohc 5419088200 8870159831 2904451385 1297486923 2820967515 3018431549
wxskyqbhlklwvxkakwl 995139449 1639338823 2901852180 4545299478 3635852709 958390917
ptptalnpfkxxrakookkcorj 716320473 3718473442 2900224081 2648519284 355460266 3511036318
uecnxpanjstfhxpunnwfxtxadmpc 5932021433 1424101977 2893740166 9780692610 5164553925 7072082223
sblrqbjemaegoubyvquouhjtpfiti 7859092145 4675664566 2889575682 2838907093 2211993842 7474643092
kduzcownjgcpkwt 6587895457 6242849917 2885696648 7105476662 5946932462 5849870781
tcmpoz 6046003299 8423898299 2882485633 3877905805 2225774328 5323432706
sjzvwcedgad 8594216365 5504372846 2880101185 1132601865 8983294067 3300329273
bpztzpkbrpetehmqigvposw 443686461 8088390760 2873502919 3229614066 7288054087 8591464667
sugqjwimaoqqsgiyrsxufavgbwc 9243378481 2440656946 2862392089 5707486533 1267495390 7323897972
tpoxaplhfbhwdxlicboyoyuzocjgw 5051061219 1353816536 2829450206 9684625887 4716967605 7181177396
eybiaiaibxqjzbpk 821977785 2356710776 2814500436 5958450517 2512302010 9398192278
zwrggptbqngnudotcisvvkzktnbz 8882261916 1577955555 2812856453 8577009011 6405493794 5211075638
yndneuaeodk 4920678469 3947470580 2767875330 3426020224 1474385538 7861651424
ntiq 5307803196 6450347763 2761717917 9573416243 4331159063 1095844601
vsqtxmtprwhbjonptmvkgiwary 4783429928 910233174 2760354311 4772177956 264471848 1351093258
rhmngwebyqhanotljpkjtzvrcmr 8051031459 2404513769 2759257975 9202851633 9963298949 2831656772
ntumspmpkzablzrelszecp 3869324739 5453441627 2748974901 3983311257 9087703490 7049138527
jjlfaphpjgiesddcvaxyaqbuap 3265967910 5654038748 2744823659 2256048777 641272819 8983378638
coooyshdoyakamfcpkxkmdd 9281975956 2054802180 2741806282 190877377 1023026981 3740304642
uryhlwzaqtwgpvnknogkawkily 5989840608 9391624359 2721288182 6636761654 9538075869 5993076343
gpbwnxzqkgokfocpsnzxuitd 6708429249 6574636944 2703739193 283360833 5930475773 8193028632
rexumtndtmhcjgostp 3200631247 9490407839 2695421516 8313192475 7075646279 3779582548
xxhztakoekxxldyhfyqzyd 1117059824 5664295820 2693754371 3051870290 5006997337 8248045633
potgmgsexvedwsudzgfhrajfa 5933503019 576779734 2693356266 8689546169 876108359 1713693056
vbtxojtoqphmpjvgy 7052509450 2270209080 2681137693 2584782944 210842385 2239214252
ewaapvbvwmemysenh 7067642044 2971098530 2671290717 3969717753 6920877722 6912869377
cgwboadtohpivnndslfvpi 2587010532 7787734730 2662335709 7286528717 755818034 3954108719
tohfnlvcesan 7827834004 2512383692 2645944268 9787044555 8298434547 8960648763
pfffsgsdemkob 3864828612 7003483718 2639783524 5798687578 1880279179 1240730368
itojjpjqmrzboqlicn 2208658928 5488017342 2632819676 5310978608 207440809 6623518107
ynnujqrzlzyelik 8142438841 6013203971 2623836341 9392939206 8793661341 5548819908
nfejiwrstojnbsxlozkaaullhw 3571578243 860181166 2611120084 7839931691 9057157637 7987686540
xskqwyjqp 1171478320 7609948605 2600839361 5586156165 7289084613 3383654088
tqrzchhpkwwz 5135819233 644028171 2599674674 4080618284 4705786918 3601942802
esldsfqocfkec 8030886586 6899094419 2596152302 7679554417 2740132336 1669139457
haautnutuyintwfkkksfkew 1482764891 8305040155 2593592870 7698940350 7557877795 5108348183
mowcxxwelceldpgdmyokzjaov 5230554643 5153015538 2588496701 1302916298 7877730767 4121991751
ptkhfytl 9084407973 8777465349 2587924331 9818170850 3520816279 7680213682
omfxiweokzvx 9805235092 2269875273 2583132762 3859615047 6257008763 6560517271
rpastqzr 9817411623 4598658657 2574270166 2464850937 5924771289 3149488725
aoiidwaonndpbscztgcucsyntvh 2140115803 8589828360 2570916217 9683324414 5950364797 6801954574
fshsgippuchgx 2867107531 3331125286 2561806310 5070488843 7137493168 3025096933
gbzhilfnihgnsv 8236764057 3380032935 2527580130 2584670263 7520430058 9710493404
gfnjzsemeaoavo 7861819932 5271119976 2518272342 9843309599 5229838220 4346412028
bx 7711986272 3335668763 2506244269 9605147539 4951381685 4407678315
zgrntxxs 8138732220 427655471 2499596404 9497222555 156618184 5755675310
cmhn 3245776524 3633576948 2499190818 6765862156 3398610460 6909183104
tkts 5952731423 8271293404 2476904522 6733003567 4994983984 9050387383
stmwdanvwayiznsi 8299118574 8726852729 2473661515 9390406773 777150957 7750940918
kgpmxminvyfyds 27730119 5679353654 2473387319 9444710815 79005179 3820516054
khkujfobzheuzuniuwrunzzh 8978594323 2796741130 2472383409 6829761326 7580300724 6280488980
xeqqtctbzuryiixwjpqi 974759026 5448558310 2472212209 2123304571 5968500000 8108934726
iqgpivqnbkfhc 4387774131 2711768302 2468185544 9746807283 4423137265 1516278540
swopcmxdhywpt 3145539946 4045246259 2464523429 6647626557 1878643591 4204607205
grkakwp 4155971405 9907842051 2462964381 7953318568 6784211272 5884987646
kpvyazmlpojbz 4363611952 49631341 2462925115 7764549100 4430030133 1949552960
khdqvwc 1426736981 2949040584 2444032025 4087401789 7139959946 7165363578
zoslrfutopbrdqdp 1136048258 2454031057 2438817103 3191990681 4332568746 2493242694
cikmgzinw 8613101520 5257643794 2438476679 3043003619 9711227330 596383790
shsf 9734442571 6363269958 2435130396 3901464527 4087778451 8651134665
zpwhwta 505636353 6395669300 2420841164 4664897444 8072898669 2042135498
ehghphhu 3489153679 3898100971 2411370435 9368630096 3944222985 660570063
bhzanbfjettuhz 4762579683 8033205867 2397344754 2447162362 4860993567 1718530063
sdjgdcnma 6847942086 1358608843 2381568604 6569967388 4098624253 8048350494
dmhguvtgmgnsgqcxkwnnlmqdijzaea 5886773604 9419870875 2378193181 8504476526 5135497681 3445512331
yzhsdcdinkusuwksrod 747995583 7893731561 2368084144 8179792018 8959910671 5993805698
xtgbtlhjquzrniwyrbpkfyt 4200783252 1476742915 2365880335 1103741503 3077289640 3712209625
bp 2082568965 4194281852 2350631936 1318448807 6698159643 7419922250
vfutw 6391908487 7979050287 2336643038 270715097 147258702 2302571665
pxzxiuvmnnbnxmgpkwffsgthqwvl 2610397720 8123390888 2336279237 5262324749 9074677555 7514715001
rtgraiqasqecnskevchisnowua 7760313113 7756005114 2318719950 3851524318 5785599243 4263018167
ze 3427327013 6061558521 2310380802 1406070813 7819794493 7364117489
oo 1026812603 2116857511 2279989458 8794524243 4808129927 2410121731
pzvxkgqbpdhybdfdpewxdgcndcfc 8748312516 3031190039 2266187763 861642351 2765932018 2406580263
nedrrkvfechvktaefckwtomwldh 2735177367 5023498850 2258779795 8914211733 8235237624 5495603350
qetmojswchkxjltwgyqnjvyfrmt 7974451720 1868257262 2248213671 339627403 1288760041 962501923
bydbkvsawcgusvyofratngrwveohs 2821384499 9117676441 2244272815 5804087085 2825703224 1900859841
dasaasiniyrade 3926215865 3041920267 2230994396 2767424993 9493133035 7985343952
cgadwktdsdahmdg 5694814620 3810973729 2229238291 9323778280 3595754390 5278059654
vnerwhnkyelvycagsosjkakmmc 7745490060 9154019169 2218044113 4568735937 2322108347 2681570622
xvnphvensikqukowaijxcmpnrndch 281127696 3326981850 2217014711 5869168065 3254781987 9028078444
zhdorfefqdaqnzzcdedmpyc 1645272662 2291294423 2194532102 5635141146 5771173289 7016000587
ghougcsniessiiutamyxb 5197909125 7212199064 2185812155 7494825449 3702134993 3840887769
w 6889952951 2320326418 2180648304 794682576 7533534132 7685029910
ehzkfzjfy 1835485288 998903549 2176940439 4659643917 9316010323 5103865136
wnxuwsnyfa 8428071039 247802250 2170970913 4228696834 8773504755 6340876556
swizhnvqfaowqzdjnamiv 1387855931 8986701106 2167811673 5602565611 180620661 6582188609
ybhqsbylfbqyevocuapctjsgwt 753332730 3635033940 2150475643 5954565191 7872135755 9611405084
bjjnzdlgnjcqdkzbtajmqftrutn 6154534338 2955988655 2119269722 8481656214 6153058944 5886030076
jgwxtpz 645759689 5412701380 2118494387 6826162763 6989378403 9805694651
eml 6296639367 9382777600 2117985123 9498155396 4838845239 3464874004
rq 3637788824 2848819924 2114272183 8758509803 3729353244 9891830908
razgzdxksaurvxtm 4264275961 9561032242 2107798301 2485440515 5447199330 7664716044
uexybfvdiktajhcgmmvfcciyfpjw 9318294929 4666930588 2106322154 1161947375 9621279092 6314955437
cudighsjjpemxoalsnyupdtk 7137379685 8106481590 2091521723 8444743177 9748200110 9979725238
cbxdklwpzvzmx 7918399109 8809521943 2085179247 2651156462 1846969819 1196675094
nmpvyqulfsraceax 7322976980 6102360538 2080322245 8745665329 141205277 8343988896
aoqizscpsqscofcxeljibtmrqle 2112831282 9415699270 2077802732 461775666 3304067673 6520560253
kwbxryavborkqgrbpijjxsvu 689552170 9929762294 2077566827 5843863071 8087214022 2188534632
gmnueqyqlgyigpucssevqqsag 4262688721 6351644591 2065715773 4260940070 396002533 9901758843
xplgzrwxwgvktssibcxzhlrazvry 7060358263 5261579057 2053313507 3341932551 5312353580 6891955543
qqdnzcfdtjtailhqaovhfqxrnfqt 4060929807 6423739553 2048464645 6375708364 1977258520 6355929845
nlskcplyt 7013217367 6784476114 2029909253 4272859412 6352490756 1040091091
albjlrrfjckgvasebr 5841133955 7696123159 2022065224 207133755 5892933319 9526980016
sjbn 1416931561 979960265 2020996026 4497172971 2059287174 4436670388
fjiuj 9350527474 1571517995 2018792473 8189032454 1639079200 8425490290
hsfahunghbjcvnhzupfoxlszd 2168125100 8274239877 2017551914 9569689486 6857432846 1421908059
yo 3115688733 2257883358 2017367932 9044609631 2457996454 1328383488
bafyrawrtkgnzoefeomhqqe 6972587857 1408118181 1986049640 9688427828 8645058755 1124985225
ndfgeiezbpbrcltcxpllxpurjgozot 7449958110 9773753990 1973125610 98269919 4004850373 3881782342
hgg 6326412515 4125957553 1952059746 2428813658 9047346038 8578362921
ypzdkiliff 7779923217 443894972 1949593195 1632916565 310381522 6121533096
cbt 9599650589 678783265 1942715671 2429647552 3914491447 9944274344
yegbmb 1909839541 2948332737 1931414597 5771796074 5749529546 5081645428
bqgevyjhb 83240490 2727415371 1909290123 8588561311 2047314363 7510822911
scwmutcihvgactxuhvmlfadwqwpt 4064364147 9720124329 1891681605 933542499 5568698566 2346555700
nmkcibna 4381640529 5256110708 1874175486 2963812650 9659022602 3178379076
blqznbccqpgncqkvwyh 603376225 3765902788 1867191393 7748453828 4348595259 552805942
rlgosf 8928795935 9000989358 1860665672 1145632556 228268371 2898653820
ambakdufkomldgjzcgqvlpoqpezabt 3679440030 367806727 1856215840 1548943040 2130373471 8056660561
cgmnqrkbgafodoernxknrdmtmah 9406243001 8366267336 1845787138 5649021871 3355051645 8742736010
ejatnzyopmrydgumdcmz 4522776745 5804886752 1838279974 2707428558 8076858013 328214545
oyyopkaskperkhryzoherludmhne 9697025119 6668749491 1834699661 7526287891 1140983213 9602524369
ad 7156427345 3814878924 1814737744 5392199602 5674337976 1989155296
dhypbirtyjupscjboh 8570959933 6679522105 1813619704 3824339771 9507324343 926938507
rogalnxhdlx 6164186052 3284098591 1811457382 8278265473 4833033051 6753016012
stgdmushvfowoadcdf 555106586 7278365771 1809367691 9708911064 7209425484 1767683011
haxggovt 3114843095 4295481328 1803060838 5145720923 2595044135 4185858709
gjegybkjep 5860478195 6110697412 1803043299 9864932955 4010832367 2751808842
hervmcrqetmfijvnjsm 9946549851 4042127545 1799860053 8983909845 2095382793 3920825813
ogzxayngcftkg 430297626 3618717286 1791906576 7848196782 7895769881 6931793926
xipdspkatghelnrrnxugvgkogjdy 5250733486 6344685893 1775469096 1694758344 2164623913 9409246474
awcp 353669613 8123498288 1772829766 7316150643 9754089651 4235257913
sivtplj 7738163359 4082797427 1766358665 8382732907 6505179279 7094654214
hvhhswhgypneajjlpoi 6714494148 6157449092 1762954023 9281482972 9982816438 1543819442
fmobpbvwbsbk 5619699246 8983748612 1754340841 4525439050 9105470964 4466415724
muubbcziycdsyaidekjtj 9483769435 2810697619 1752342736 4718925268 9859105516 2472809337
unicrtnvbctoncqxer 1570808216 2625470128 1745506822 1613012243 2658485482 2336541685
afyaxlyyzuuyq 17855848 5116666519 1717845680 2355997484 2288722030 8459151624
cgkeijrawxrywvlpmwiarzoc 5347495344 8531552553 1717344597 2240142925 733332802 4537580897
yhmciyrmaflxxhyzkfngdvj 2646359213 6775399245 1716051288 446936748 2203025362 2049650103
c 9913880889 7426027682 1708850946 3936512378 7144894296 1592267507
jewl 6827411800 4494615172 1639073599 4909789424 5903601011 3505834684
vqnrfiuu 101699789 5618498979 1613132557 4430906461 935565389 3482964786
utqxsvijmvxxmnsyltktvqo 8163875473 3548587335 1584274316 2008296619 5499023760 9724367191
xtlwagtqfmjorzhzrrkxayrrtyqn 6662260976 5593979308 1578131275 5615929725 7486722073 1303206323
nrwdtjsfagmppttlycygnvjpdrp 2956960343 7717279485 1559774408 1742928435 3175648818 9866449150
qedwqex 4846319038 1773600573 1552004743 868866239 6563226513 7303094145
vvktimevqefwkzaazcj 1069803361 3480323586 1551434963 4323092260 3564964900 4388045565
pdaaqf 5791983403 8431008086 1545927257 3415523396 483508227 1973538685
ovmzu 654645132 9501960018 1543468790 8756671671 9731396934 7257836990
feqohrveyebcpi 5435933704 2427697324 1537503501 5558783559 4313932150 5376991464
yqdey 812903874 1603440453 1522673424 4289105453 8555851914 4501295854
qlforhkpamlnbwmtpv 456655947 4273992230 1522016735 8813681077 2531480204 8824308477
ikparickdyndqumbjqgjdcpovhipo 2875194809 1865926111 1511585618 1837203387 2765600426 1515087685
rdta 6715620649 4919513921 1510105612 9858184212 9138515274 2862240806
gmkyse 68791767 9947787254 1506877579 3415281709 9374871051 4983244442
huqtqvhutcxuisx 2317543960 6760933647 1499957375 4107790349 352752358 622353811
b 5980172116 205159042 1495497228 8025740422 1074341587 5096930176
qqblismtiobklngkl 2875073323 8926030624 1461471954 6194130126 9962128781 7939774812
rsgftsbwnwybbxqvcrgdzqvfjof 3809502922 3291544845 1453332301 5890463258 4664809568 575346274
omjfaqbkriml 5123434075 7002002405 1433839752 5483367422 1721131718 3938504881
jzzl 4274769482 1876003936 1426773372 6420562384 8180311269 7656383988
dtryqok 590943513 2376422446 1408830169 7000749416 8689970264 5011536439
zmyfpsowuvnz 2229437453 5199342067 1378931669 401863330 818281966 4576906055
qvouwhigaclksgbcpzydmtsrq 5073261888 1839981786 1378809497 7807694024 7517964776 5381731736
shhevw 4649829054 5941251440 1335612443 2732009515 3854441643 6877750498
lkllzrwkvythd 3158015443 5538719896 1299795311 5438830673 1900602024 5013542528
tizowy 6019913203 1279960889 1290139407 4196173091 8325211439 7836133426
vdtpjyjkkknivhjxdxrve 4436813700 3935527111 1287491157 9217929935 274664779 7951802211
gfgashybeqzqnxmqknqbbxj 3335178788 8362726977 1287426568 3213018276 6255633053 3653641190
esbdmlyocap 4196362775 8647650230 1286693140 3660278678 2931596450 6064402869
lbtejlkgjv 5910833647 8055353389 1275874019 2243132473 4844299421 3184136461
siyrapdqm 1923251255 7689346931 1258016519 6047955499 5405229974 2101614258
oacxfrn 2138863545 2069308692 1251972586 5642724379 3334600659 4565323288
oklyobanqhuejyhcfuzy 6415195053 2345489277 1248275069 1028197296 4704748135 9046093053
ugrntjtvcvapyyjiziudojc 6762125744 7259711584 1242850897 7102317476 9877679926 9647272556
yarxqegdle 1954054905 3650676176 1205122410 6785982795 5722001181 100778538
xtt 88536477 8489537523 1198093104 117804075 4943817793 9469216137
ovemtzbqzigijzxb 1810206539 6469647772 1187659201 9541941754 4045039117 6394952037
umavfzdeuregucwqu 3662274048 7086543091 1186770767 8352981041 8964041322 4716736420
jcqatobhqsdzigj 3585897293 5074647949 1180760752 6715883923 5543453832 2675037955
hhqsskts 2598217674 9714106867 1177714087 2839231355 9442199493 5163942861
ydwwxwvzmspfgpdv 7657408715 1639007640 1173724672 5472535557 3291226533 5056668968
krpxedngjfu 1140599258 4883968624 1173462385 9890991529 3805079694 3441811383
odrgg 5835486026 9612510522 1166817043 7994320387 8812850800 3052649804
aszykkssaocjvsyajw 686996573 5805999778 1156928161 577994729 1556325831 8027640450
hdwvfephfoddwlugu 7386286488 2459457203 1139979414 5632751493 9067182654 7501766760
iowlykxuadupokijibjpb 9942783580 5176967937 1137406273 7432897181 2022407612 7386826698
rhjchgcrykbcgpgudheiztfkaulgo 6064800145 4454951905 1131925555 9563678437 1931516340 7392894636
yberjgrrhupaqjonqxpccssaxrlxlr 1585377401 5756923556 1120431624 6508915452 4549841887 9484630616
gv 3991070210 570494638 1103875504 7709407408 2959393952 3173410390
d 6146504727 5699954782 1101900939 7993558309 1826529361 3420129669
bivatdmme 187578543 3660155439 1083371060 6694074159 7843285707 4059924250
jsjsdoazqfrf 3448080562 4436296963 1039285399 6043528608 6828713755 3827563151
oendvqdmlmlvjl 8631563351 3526017311 1037617721 6779981747 1742197043 5479333038
mzxrhudzhwoviigg 4165141413 2217722885 1015095487 1535789211 6303784339 7842056860
ivjmtqymtkfbhfo 9783394421 3975672569 1014499743 1921256036 9654016172 8940962452
hhhhdp 4891059741 5267989914 1010103248 1424000147 4524395367 2033222110
ydhneocevorqcnnictervjbfug 9302837184 3777758954 1006839456 7261381735 6372213589 3512358062
qajxusgvkfukcaaxsryjxinvmk 2021588009 1981301557 1001487835 8505357800 638100655 7541461367
depbmyxjns 5069659759 4055219502 971916498 6050677712 6863007423 4349260307
bojaotdsabwpjzeq 7338388487 9084822849 952726743 9086300927 2325351969 8260582473
tnwttnzsbykpawafxxnjcatw 1290882525 4035666454 949134484 7343741825 9326060805 1352938634
mvszvzkmuigdpzxdb 5445701997 7973416670 938485558 3021971050 1162123765 6414866021
e 4890395435 4314014998 931489297 7986212631 2182848353 4284028038
hdlpitjy 3981339711 3075169066 924676244 3755039033 1820568709 55778932
qgiryu 7992538342 7452292660 903957347 5470479261 48413793 1884193777
cxnotqdmmreiyhqloalmp 5059050383 503976404 903503215 6824260964 4604347866 9483210900
ulvkktgtudbkxvimoe 3080832750 2165477609 898540979 2126230792 4183080947 9933664858
cbniaejgxmxteoduup 2697503451 2868301121 893191459 1921410341 9373699852 5123430203
cqarickpuru 3328862146 6676718281 892021582 2336243974 1591806855 7817315677
hwocauhzdbem 6547530971 9332441120 889286856 6618261714 2098458061 5401681504
oatzmekuxngkikwj 2762135 9280778166 879104625 5160411844 3553667984 8665027807
dfdikmmefozcvcppmmmfiymksafp 1661173060 1261998979 877638951 7879723770 4319318885 1343418517
kcuccvhummpzxuyux 4022427183 9711538973 864587793 1236414722 9961822722 9033576950
mtlargcaczpnsusxjfitxjczqye 5592378192 4130402796 853335404 4588213313 5632980777 6747359962
nwaoamsggadvrqds 9487548620 8861209366 842042861 2463575059 5041962795 6444173841
wspvbjnyc 7672757320 8319171586 819782508 205331947 7636294998 7353415618
kiyujej 8794356257 3287605659 815550914 7388656750 5523418255 3215327982
ovuwywwfk 1621259935 5988612384 812414199 3004116943 3732292680 4834505706
gvsnunqbfhfwbrhlmjulqij 398239911 9133546599 800729080 9913058581 3209515337 47243203
pvawralebtyegyrcxahtkhl 1924536079 542092334 796687341 4442888676 2252265908 818884204
kxdirubdrxbr 8810236481 3336896924 794945571 8235724339 6939598830 4886668543
shojwgyerozifjevjrgd 3128772257 9265625613 783380068 4453193465 9345991134 9311832791
qbgcpqtockpshdjmeuadvui 3468009397 6002077794 767586049 8465363017 993635381 8332890768
ksesgbq 8263691054 4887572626 732151930 1080691297 9930686874 7755330319
dz 6048736825 7458902092 728264829 1900244716 8277545616 5545697581
zexssprbhedo 7412388873 8833829599 717067705 2998673842 2516640107 4899909441
ybytfmoqivtbonvgqzysoawujqhen 4248436232 6141517783 704466879 5710136901 4074203296 1086421832
jqzbdnswonimqnqhxxygltewt 8404052955 8197986466 687567647 7064854965 674458715 2427456503
pfbwzicsjmndmiozbl 2778174608 1158384010 663836263 4136446775 6603734586 2411929838
qgrodfiupousclpblro 6293810385 382776534 648769167 7462049682 310445266 4111156602
sxnpyiqsxota 9916459912 9168432528 647900967 5471898261 4520223346 4450689996
nvhwqrzuczcmzwwfeamfvdgrlxrix 5808787216 9267619024 642609778 4796403418 9970415589 1616935430
vzsbwua 8805427104 1825298848 642184176 2357331709 9336206383 4679161375
cqgbtggifdxqjqcsjeycqsz 1006808388 3336270641 619559733 1522321157 5211771828 6119187308
txzasaykksg 9592151948 5262142842 614046153 1894482324 4407793677 6534601897
yyajkewttlyqcijmhql 8738547078 7852173851 605994549 7478939497 5178454996 3016131207
iawsrzufyhaqdogpfpnjzl 8787501611 2514554966 603735666 1563679349 5404801981 4553162952
uboeucbsmpcmckewdwclxw 4336538493 9303538800 590596406 9755495392 9510915555 7009920510
dxcpafehktylwmfsmwxnxn 8328557561 9017434639 584689379 5038804122 4097473331 7486601324
epkxosfltgxlxlocikxn 9964051351 2053170194 570198428 537897143 7041753619 4701053026
eldq 2997783731 979473541 566917852 1854515705 6509677901 277645538
ygktcjtxmbzmxpg 908456165 7684176908 554307378 2206965558 8779367148 9783612841
jbgsehrpv 1281418921 1987556261 544095280 6537209860 4736396089 9120949420
gngyyfmuoaccjwrpf 659663992 146792419 531118019 5198177005 3203948422 2684308902
nbupycofbsr 5659649096 3194767339 520882789 708826646 484350860 5336831728
el 3261773301 1049384580 519780159 7841693869 1976068136 1515923985
sfrrdcsjuoipetmtlfamyetdcvmd 2238247205 9537733713 506731058 6465324012 7346182220 6773586991
orzuhajodulraereklwrlaigfxr 9535452182 827504407 499008968 4761379998 6790420093 9846048025
dd 1563953755 3883306339 484576267 7543484816 5875886017 3445995676
hnrtirkhukioyelojitsbznw 5546360413 6030369279 469706882 3237906119 7241409979 9066459367
wujjmt 6862083921 2158823053 467872209 645822666 1305312679 4425092142
yxh 4815099764 8824384944 465422673 9329097362 1985138877 8521770192
qsrjkwfkix 114968986 235468589 455299430 4375662528 466538122 5313795152
ohludnagghpitdgytudlsefzjtyghu 4995622589 563766404 448795310 3562129589 7768108501 6031327513
qqijdigowatqsdfkcpvo 4578183709 9938518650 440725439 9247007833 9575683928 3615436300
kpwsmzhwfzrqxautikaohfhdely 8995106067 19751941 431411781 9705650629 4914864165 6322655915
mlezzzpnzzmexpykga 3191168100 8797181646 408245279 9253018469 27073139 3449717030
rbt 5836183334 2626129087 406896268 2123426539 5411495348 2409407771
uyncimyg 7047641115 7465783225 398053495 1161539893 1892882779 3631690829
eimkgqbheqavfs 6338246150 5486257555 376311912 5409379118 4554569879 4403187194
jiktcfwquuddkfslhex 2533082970 4580101268 374955863 8791367007 6472659710 3305721277
ukiydstducpwjpauqbfjpgsmkd 1682976212 1746302347 356939052 5512758151 6008323918 1882163858
hydmnfwpgruuxktkszesiifwzgbrmw 3932317092 5111784781 355033903 4408748307 8718034387 1672135124
olqijzvccxupgbsgsf 1130795131 9010843168 347890202 9171343221 8130259930 1751835203
dbqvvlgqjeeli 1134947553 2819385458 342537093 3749399083 1176412801 3493540441
dppxniygtjpydvasvxaixdtttzb 8925977802 583015869 339740074 3697559788 9103365796 2756289674
aisrpyimnbiu 1034572010 2423670544 328384444 9308367060 5656041741 3237922240
phicuwvkzfnnbjnqlmmy 7199910214 9950529120 320928343 1781716265 3274648992 3365085473
fwwrmgwuol 9325769153 9742617743 296598337 7870059866 8805342032 7294376617
ppysctwtkojxnxkzszirycbo 5609121856 5214809415 273776586 7268825988 6579985405 1417227071
wvmiqhswcxpgbwtrerfndvyvqpuwd 4091037600 4972976520 262668982 7656800121 6123676629 8694914169
zearuqxqrfggtywwe 2360774737 563682352 239998375 6286488191 882054843 4876460560
ungqkkopkjwx 4154945026 6061281154 237161191 6042672110 9546852943 2884507545
ktukk 8193842785 932704819 235757503 2470322757 4004237888 1011000770
evcvhiwrptfbntmcyonwakycnpuq 4902899346 9853480181 217005262 9800487787 7217454601 6809078524
ptpvcohznmibrxtqjj 1246948146 2198358349 206289916 4818338504 9189720283 8641486537
bxyijkdjkj 4155827600 2145139610 197201587 1602253518 4314520074 7360578749
eshqtgzfwaivi 366940654 3196355512 150888796 9610540967 2969110483 2558418955
bfenstyqpsfumgxcoreoherqsgy 3359663854 4615603110 149175331 2536231021 4943810544 7268132083
ck 8481441697 6595039063 147806866 43895604 7797574276 8055981332
ablmrlicyzm 7679970992 1976534880 123147389 8267082598 4991150253 213837048
svrtwix 2557176721 7540079004 116632708 805658721 3818883514 2638494711
apgxresapvgdl 5503813867 6373340453 109752034 3156109926 8053514983 8477280996
sryklk 4527023025 4444316700 85622062 4362096218 7865147536 7736514878
qiocezq 3531530424 8704704445 85001767 7377536895 3608315531 8933588436
fmmdyuvmetzhfopjhtbxrbwye 6226187072 1027452942 81881824 1703144991 5533594333 2777706305
nhbseze 7971366508 5950966019 70053113 6598348697 2665631346 3719093818
kzvhqcbvjfdotguwrepnwk 9414836926 8317334875 17237998 8855054531 4199125321 2408443028
mtvbqjwihzcibsjnbfgs 1800849702 7300759573 4118444 7380211039 8473270741 7042655954
