1000 766
cwpnatglptzpqsdefxhopitijanbtj 9202693842 1985966489 2415353267 7921955686 6275009028 9993307688
xtizlytrpvkmowfkpz 128237125 885761972 4049891326 8960483124 7734182965 9990569578
gwsjhsc 3755296282 6709654096 3320203784 4852014679 1840254845 9990353477
hityuzddqvwpuazdtniyauydohd 8856853142 4469218886 2807809911 156449448 7937357706 9990265434
eatdgqxkqqhvuejghkcfs 5111914195 1339122145 2091428324 7166767160 426999627 9982971264
apjgmpbcupximdcscrnvsojqapehgp 8318219734 521428536 3401822869 2494566444 2545666507 9982930666
rfuxxzcbbnqvduxraybtim 1577438363 383854528 4622840379 5777066573 5774471212 9945268464
pkgbdzoqmqcykrf 5101541651 9357559377 5034293392 4007541251 6669143302 9933833838
amy 4369654069 1965688833 4455119615 7448180584 7055778174 9926254357
fgwfsgdcdxncdxtkbrdgggwkeyys 8378605413 7971125838 1082835499 5407120262 9486126253 9920921916
xabkeiokuyxubshcyatvwelbct 7311535316 5368443747 9211271692 5708976689 5320915558 9920561534
whhqogaecgjfgv 1272440659 6994609291 3088670571 6289376413 6570843491 9918594680
jjxujnjtjmwxbqxjjtzyoficloh 957061737 7145956723 8735938650 5565505824 7170529186 9895587887
opmuzfakgotbuaqbdgrvkanxotxmg 7207623878 6868862657 4647358681 5374254737 3520548089 9876696876
szoruloibh 5084080258 8560386302 4453154180 1511370048 8386974747 9869953810
uystxdelgmeyzcwsaqlrtej 660224619 242797096 4577377199 9363008554 2711314744 9865874779
guezsogfpuyonruclafkigfbv 4714792344 5169132699 2936930179 3987136891 5920874664 9843947910
vipettymobfexkhrmxplsorzfoqqmh 3614076287 5117475694 5209152070 9747698960 3039781654 9825074666
vifeidfxusvwfugzqnuk 6821485728 8489844457 4158242923 8500537704 6559039184 9800682006
xynw 3842196048 8325986555 4033103006 6837155364 385537660 9796648614
mpsilbtbwammwpdapsyhwabkz 5349235850 5553375390 9824632367 7051236084 6827558309 9779635724
quwmbuyolmacrm 8448455639 9609067508 5664042453 4269746426 2826307193 9772591687
wmmfocqubfjqhmkybuiijnhnos 2474741758 9795051417 2312864385 2547555130 8246853467 9731858275
psljbmnybwwynfnlzvuglvc 3519887295 879774700 207239367 9854433010 1746037857 9731042621
tdcwibacaeqvtqjrrdpdkmpvwm 2957183273 9358757809 642557592 7327725646 4609670013 9710746129
bmfmoemxrtzuwckdonswjvkfttlerh 8267332508 5207845479 844377851 5618850944 1960223699 9695472097
fkvcfmarhwcbjefcghjusndp 848303296 3741750764 4999960031 7989608517 2688948005 9689085495
w 2021810196 7918981827 4979787215 5876203457 3813091181 9673985139
hvlvtqrlqjpf 5491792352 1433207609 2536514999 1344927317 1641715617 9673245889
jzsqip 9001950769 674147668 2409003846 6155044531 2560025953 9659990683
fnnvmthtndx 7486894924 7118002848 2501142024 5591350312 790693512 9626325221
epkelohryehccuscdk 3274845024 3727199177 4577885409 8312279870 2370412303 9608711741
qhxqqtwyyxsehoszafemftgam 7214143484 5644057405 908023517 8569483502 2240992138 9594513026
szdpruuzluedapomagbp 5567621858 3917438500 5401336440 5426824711 2674427378 9592701404
ljmflkzzxxainupntdgrafgxsnxwec 2067588579 5406793190 8572611478 7596343160 8549711296 9589881931
avakfwwnl 4121674214 1244890260 6271206675 5105527116 6718760156 9582232979
lwkawaywhdzkfcmgtb 8017008766 8286926613 7547279879 4905219659 9571662313 9549533411
kdqawtgpnyevghegqa 4871915608 1923911842 2853382386 4658472484 750042563 9547739802
ysrwfzjapnvveopoktiqxtwsbkfrs 8909805476 9011808960 9353972775 7780745295 7357629391 9537126097
fikcdn 5349670736 7653461522 1227981041 9893715113 4384586594 9532426022
bggufebpcivzcvuuwswqmksnk 1261119322 3127525946 5563945052 3442742705 4797642535 9521901017
rmybo 8982559046 9190480438 8409860922 9385180774 2769094049 9488253363
zuyyqrtbznpet 5815618953 250644285 3322452658 5605588828 8895424457 9483757885
gflrcfpmucooazven 28229344 1451595850 122999801 5453707329 5687695146 9453232801
dtshvhtpwroewkpmzsraxfmzinov 3995611918 8019237998 4050939705 1191300411 5514067969 9444145922
drqxcbfirelzntyztlq 1489722990 4246909722 484565378 3670555525 9516299690 9439235324
matbeodambnpgbfiumyt 2047884010 7340194812 8366234415 437967949 8482604832 9437707008
xaztbbmxjrllqiwpzkmomn 7273297305 9850821490 4897302944 2148361387 2995301738 9433327249
jpilakvadixzuapjfbsgswq 5542248356 5142672728 8841070865 4012676213 1508031259 9406877423
rbgn 88512366 2547432891 6892441414 1162678357 7177618449 9370527386
kupikhdijnpfr 7307026503 574118352 2927926503 2324838768 2339899943 9361257545
ooajtqiu 4846062903 2024607615 8010881099 6316013811 4683546774 9356045574
lrvtwgkdfjnt 9468311513 339319870 3033565945 7306969664 6532254677 9336875240
elgkqpoeimuibrxwcbvcv 139467229 8229528715 5074550722 3606521067 6874786064 9325675447
fpq 8389974840 1514536019 503579131 7281385688 568239051 9314045806
kacg 1655034974 8478443145 8071949720 8445502224 5257298966 9304840045
uaaqneexkmtdliasll 4344503473 3103340903 7225465373 5477949414 48468508 9302727191
cbfwxq 5848118709 2398459984 7684892709 3713342395 9368872257 9302588819
kwjjjiqynqkfpguckergqab 6482908122 34931315 5054924271 4224287163 1875106746 9302538905
bevvzpzzcz 6749719666 3994245902 8545388914 6170063160 3505188613 9283416222
hftarmjdtonm 9544303138 3801519140 433960350 1760587032 3159456413 9281924394
uvkghjvpadhwgfqsjdnofawqntu 7531430445 9912860976 845514820 8813112957 2587043280 9275403875
nlezasyy 5554187114 514526543 9053676068 7489990728 6071828852 9256409057
iomznarzqafhjxd 6875848671 1372746349 6664330212 9424043805 8472114512 9207780838
fmdixofpxagnmounomjizbnub 9790994307 4572178148 304629538 6708232001 7078834075 9200244443
jlksoglkmflxjqijnbrzfbxslipdum 8755033244 9690017564 3253599751 9994943692 2728664877 9199631892
jmtmkc 9597846569 2842822110 1265259926 8295847826 7318859110 9178628353
enjxjttgqcypreab 8378375628 2924851991 6865650826 5353680535 542884348 9172615535
jhucffwhuklsltyswoyssfp 2565764357 7975137187 4358864179 8998235353 4509651713 9167313160
lecumbtqfqqsiihdwbxawmybdxp 797428587 9260876447 4724132423 8879598094 2663115780 9167139706
othzqvaajbunnfzhwouceoy 8672986059 8234726711 517009968 9112558504 2809276231 9160377170
ofdwenqmoxfbdip 4684203116 1228234313 3253573882 7810039882 472176847 9148717501
jpx 5556195319 577608935 3172264380 9738363741 9230388977 9146198134
wsrobixaypfym 7903642894 3337319789 5584553785 4337995837 6271588473 9144530139
udtybhakgeh 2353949368 5767915306 6200052950 1094837279 219865476 9138287869
tbszccaedgraefxltupxrog 9656913520 6283776184 6430208398 2487386040 2696427075 9137981662
fm 6798159311 3318887881 5494827854 7674811506 509875275 9121666669
hexzne 6319243069 7731017760 9339298091 2205181656 1642453361 9117305784
rnfwhuxc 7850051502 6361496087 5332881431 9359274532 7504670290 9103581044
nqhjmdt 9853805187 3002526154 8601316742 7448284084 5493369346 9095266173
yoeyosqelrpvhtoggjtes 2732260099 7098614999 2540906408 2582489062 4973037110 9082696178
quzcmfjeqwjgcpyiz 8622345969 3817762455 3279252167 6907658422 2798417146 9082264499
gtacgsaxzuphwhgpvbxdqag 6515940291 9959293282 8834045759 6430660637 669058522 9056964102
altamsfztjklywrn 4666211965 1666632117 7161267233 7212791817 856518096 9051493274
qnvrgsitgfyuffwxmt 5311001861 6782642097 1890857414 385113198 3646599081 9038220409
ccqqkelzmzcfexudnphcl 335604003 6940480208 5683998609 2708603133 4408494914 9024341332
driefsbtcrixnndpxkompafvmz 7292660899 1018193331 6696344332 2723728625 6495788973 9020971826
hnpimxicmmy 9470562675 6672285699 9493481837 6117795827 2866860703 9018507982
xubtstpyabsriejt 8748078937 3701279594 1682097988 512757799 8492354453 9014305453
tzkhqpstnwwmdlnbvgq 3772748423 962393755 9556651188 4369908753 8344885253 8995675040
sekaasrqwgejpahpothsrk 2000263547 5593195665 6879846995 9312174897 5905331585 8990925357
itpacozkrrcomymdlsvdqagnukzft 8596924105 1152538932 2206180224 4081465218 798885218 8987850128
gvefqllqcawztjawnmarkhndyzbdpd 1764620757 352532731 718279283 8715807614 5290289535 8977264213
afnww 1869322064 93184940 6892144231 7437983898 7373427432 8973645462
kvbsysxcigjqjugcpywyineytbay 2358573799 9388072271 6682437870 2588897394 7008244326 8962952391
zcljisozvopghyovenaohjkpvoz 437587941 3665106782 7066116459 5299884544 5565597181 8941697573
vdivjkstmlcj 6730012926 5726142552 8480086347 1532952142 8692959787 8938161892
jmbflutzerdeasocljy 6375248565 4201470184 5561988615 5633110940 6994731988 8924814393
mbihulredkp 7931611284 9420329959 7846397120 4583175062 1488211040 8917839209
mzkeyipnwgwldkshmzvsnmgsy 6740588353 7091997510 128421071 4424420920 7487820594 8899218235
vbv 2291472128 4404906089 2744085243 8476718050 887283015 8893994247
iktqujxgbnritzllfvf 4619204534 5235270865 5775248937 7647127613 8549983150 8869760559
kpsaxnqomjo 7057833209 1764382589 8417730924 3857178399 9359635731 8859801773
netznmhunsceji 1051799591 1067005206 9347483871 8134224536 7565521316 8844355719
krurzdvch 5124163810 9081633759 629021463 8101234712 4344696037 8842010410
gzwmbsdaxnengfbtcky 335587754 7783499995 3843615842 7360623567 1435829430 8836428944
vnb 2556377554 2301138292 8143965345 9426215951 4148581016 8824671440
dtzwe 4848086328 2517672351 8773054752 5325065758 8685388858 8817525714
zyqindqsjntigycequcbcoq 9481974932 1861344379 7844752509 9173226043 8230867734 8813132935
jol 9631875723 7377864325 1359732534 2332361696 5975349782 8806392200
vxkccstmplkpckrfvinujjfagfrbqr 6111545152 9342078418 7305281860 9269406421 9210897841 8804584278
oepqpwnydnuhpscp 6586082389 3007367931 5756839691 2148357888 434862371 8771683460
buncatyowerlwzkvauarar 6863251018 5485411171 7506103923 6948684125 6067767557 8767555089
yuiovvczkusz 4831563584 6241285379 7445965671 7892008138 9309762144 8765480722
lrlpqtjdrk 3196795513 8518167123 2179147277 9141994224 254132137 8748562242
qppyftvqfrwekqucdqp 2633681043 7939894638 8476051112 1400570025 3118253525 8744039458
vwngkteioetusnl 767933936 7752989483 8459538901 9482494873 3105758081 8719202696
gxivtxrxungjxarizwh 9276001739 7042775557 6126760699 4750647882 1910622004 8718685878
vmxm 7951167972 5003018661 2640624764 2313420255 6042536640 8711986951
sxnyackwbvzrdaxldqpguvovb 8744048584 2569430385 1666557 2645759373 6009274540 8708219604
fqrfeaumesbmfbpldhycadghucs 5621495031 2642938639 1930928209 7087138089 1858881584 8646468817
ryjhduasragmv 6223203646 5450672276 2052522629 1857449938 9338031721 8645174231
msgwpshgczmwckolmbxtqqkwas 6804774651 7669072630 3251754138 1668641163 8070108132 8630540215
rxdej 1134698351 5740706889 9416169661 1901002617 6673525601 8628765452
g 5781445222 4557737381 9671441381 5970779833 8691714909 8584259561
zedvzkosotdxgvqekqzendtlpbnodt 8739475710 4641649345 2027802075 1194392410 9803004710 8584201645
icfoxvbyguhdbutmhssfr 24472240 8861974738 3435506356 5849875762 2716541201 8579578034
odgbfsqpq 7848774067 5457653205 5887958394 4415562806 1942999684 8576983578
uinq 7009893912 7283332927 403641606 3270664943 8770340316 8566804769
xjmspyhcvarxotbiqkwewthkszp 6216371978 776516826 7166636575 8498073837 6854173876 8557434652
qvvsxghfgdnlkhbyhsw 4100407347 280233212 864493921 7093875681 8185702968 8533254132
agalczkjqsctgvkcaszveqqgruxkr 6885308372 1728575313 248240379 1030165887 4499054158 8531076950
gcykxkwvbihvwoilxebanls 3279025270 9287059237 6967846412 3660806067 6856875784 8522523667
celnpjnntkqawdurkurbhneepdng 3634492540 9096070920 6767774493 5094794630 2688537728 8517576806
hubflevmugmziqlarbpk 4081117533 5429770374 360909354 3362394664 2587250277 8505712901
jdkkoordfcljltl 3798641205 7653060044 1435620904 4594837618 9227245720 8491552398
wg 1513560168 7770992030 9487037217 9540685498 9464416741 8480118041
jwvsheny 977552073 1109290804 4635455647 7370456494 6858482924 8473308286
dwftvpvmmojazy 1761009865 3610554463 937967980 6589329696 2201307824 8463018903
koa 9166779975 1762291808 8422052822 7243817998 812841096 8460675381
hcanjckpnablsqwozuiobnkec 4638336543 8876790064 2207500216 978182862 4586915660 8433563854
xnbdjhiavvyynjhnjhj 4583219429 3442890924 9538608209 4950767616 5163939212 8410936870
kzdhqgyenonfjsneevxemheshpvlbr 1130632104 4771931621 6169861801 9666083501 4274158353 8394435277
oyqxsvfnrbdxykbndh 2896893185 4743288761 5028041765 7305283779 8612453964 8391152942
p 6132417786 6543831685 5009620415 5742718208 809601479 8390553575
pfwxp 1400108882 2462950031 7272293771 299857089 4404423189 8376389137
hkygjtibdw 1509277510 6543650986 853571718 1469487634 1616552595 8371984866
fitptqijqbnhgkdmotjmkjn 8091145334 3144268384 3742984610 5273663634 5460885418 8339831479
yuboygpjtuorrehyrohhq 8719778573 8899936895 4551448339 8598574364 3203162011 8326126292
irsndqfddpjom 288443442 7617175517 61009405 8959558263 8123611443 8326095656
ttxlhrhujwafdnvvso 9802681441 5753679685 633442658 3508390000 6155269258 8325104500
fcuntqfkbuoopdrkjmlm 8230692605 8180196397 8897680947 5811038592 5588003779 8315891724
xmnwjkfuainbntrlmmtfi 1903551264 2327805029 7008233744 8988092421 8583759740 8306727906
sdfmbf 4570775936 4487100120 3636590296 5887280829 8437489001 8290816015
jekntofnxgramxzciwzuq 3199175597 2528362824 7975732473 1720276144 4362561514 8281672049
dmcefeziutqtwhdtrnggqgtuyxumo 631909406 983988439 5430715442 3958966970 7830286009 8277284797
hrhbtaarwqjl 3422235052 5319680934 8045740092 6679866355 1010841079 8276565047
uqqkvhrovoadivjibchvav 9541313440 1739908848 8269161602 1298638750 9955347271 8269201085
qidokdajmn 7992198205 8133425080 28462823 7887982220 8883871484 8263646555
jngdwxfylhynn 9258916098 3396300777 7938613069 8403743759 2358093312 8255434522
kngolwckejhpkc 7128779427 1522947567 1877954260 3645042003 9635090339 8243574927
wpgphvjmcyjqrrcijsldwi 2095038160 9443043476 6087549430 1105912012 1504511194 8229929768
uaegnkucihva 4898342942 9973984902 8322438644 2015033507 5384769709 8191049762
fbugafnxoxkprxtskemmh 2571915511 4049246243 7320689984 9838131366 2527499428 8168235926
invethhuxvqhosmnrhtdbecknblcl 8771773858 4898026728 9668234782 5733207359 9119125817 8162684934
xkkefmjduznusvrrwqblhuqw 3607803705 7768788035 6536472307 8546605980 3552798568 8158113732
ndssrpumvtmhxvykijjuxih 999160978 40172880 8150897005 8645044957 8816417147 8153468285
tdqi 4186570683 9076155721 1299295306 54324062 556136573 8117962194
fdpyztcriqxw 3015344269 3396272471 5955299970 5085292082 7854133828 8111596247
jwleazalby 8783167562 6733660696 3066832317 5106120826 3014056328 8103524109
ndqqzxctrrixkqpgdbbnypjjdmcpxh 6154177296 6392368033 1611443922 2007137301 8446491205 8099243156
czqeneyrdlmmeekwqlznqsgyce 5855226181 3484335941 4643572952 1103243980 2329657323 8072720993
lclqpptfrabahhmejglfdpudcmxy 6473728773 3538842875 8148706142 5443538064 9905736826 8050920509
ldvecnmaguzgpzurgxhuzscj 6877149785 5991286078 2514439718 9601398969 8250044580 8038139184
vjlqse 7473011394 4381026491 9112371275 935876511 9850614299 8032887293
suqenxe 2995180902 9026628099 9943065578 5959444034 7034983796 8030474248
fniwocuikiwqnipphmfayyye 4380033449 6778263968 8264675 4442832560 2817570630 8022989622
popgmeogytjtkd 9619525081 37671809 1800804071 9238768155 6058616142 8005786168
zlbrzyfovymeizyhllft 6444542548 1327623277 2194980592 8544182828 7230463846 8003379121
dfx 3114350284 1953170014 9033492530 6424363216 5423778729 8001752578
rfhywmesmw 1643807143 5920416398 8899298780 6296359430 2757262373 7996080336
tnvm 4193753111 1602482006 8446942067 2136673995 6367646844 7995666548
bifbeipznswoxqmltyhezrenzvabe 4475102635 6085275694 5014371282 8327574199 5075907388 7986794694
konzmskfcmiwyn 7618371349 8999852254 2172713786 6294046733 1140918738 7979237412
iaummdulcyngtyuoonflmchr 8593311128 8698407746 8697524566 5530500020 2038540618 7977549940
pbepdirk 5336643657 4638881960 4750521597 6914500757 252825188 7970775135
dkgurtyrkqqmchxrjsjwpcsmjd 2951049119 9044115907 9980525325 6093618480 8414715404 7969477374
ycxofjryhzenabxas 1894773523 138017594 5186200238 4625816661 7781319880 7962297204
onuolimxkpfkdzojdhgzvrsbq 9017315490 1747032 4490622444 2369921121 4413700124 7960020085
wwzgd 2952624885 2502332255 8545247969 9154201358 1695300135 7931645201
saqagw 907624725 4783011801 2763839277 1239716217 8809587304 7924515830
lrkcpftrtfpebermbdcruaqmxnnvnu 3972403584 393255010 7360912562 5562096747 9963051332 7923274571
ledzh 821129976 726683660 7731892847 5513532941 4713547597 7906183394
odwecuvnpumzmwu 4396822676 4780087017 543606511 6933987105 4367801921 7901483001
xnvfyoboyfndpklwg 7731268333 2833146576 5942012810 5768681673 3225900168 7897048312
rnhksjrnemkkydcrtqqbpzez 2051884464 83448619 9123267058 7095662130 9607024565 7890660569
lybguyhffpfyxukuw 1830781687 8187502374 9696091729 860679601 674199951 7889737679
efihsgvraphlzmlh 5412443409 2042234863 1494232529 6648172121 2157046308 7880862133
ootgkpjeksuconuozbiwpbrcpl 8308875704 2836177085 1014014765 1811939129 1615675148 7878216472
gviyczrkgvmsd 8454634484 9610405889 2118422666 3263127282 9580543427 7857705477
zniqbzhszkumbdr 5332760515 2131891927 7812620295 7403766412 709229289 7856734099
dbykbrmxsobewbrgsfagvx 5830657773 2334636230 999385405 7518942787 3040905636 7852012442
ennfmkyw 8730866216 762160 6042927477 1293125488 5874333769 7851697435
bgjoon 9832140163 6457055521 9667443569 3220010284 4417991842 7850904923
jnjwcsfri 4915386785 5140608474 6929109342 6163459871 3543038357 7841696347
fgqnjifrdiowelrrcjfnmugetcnyxb 4272000477 2246389794 9951207965 6019139540 3759591327 7829713538
ubo 1557729806 6273423010 1855816751 3196592332 6779123686 7821961907
k 140861409 294976134 4765087991 4613424773 9544891492 7821312030
pypbgotkxeecc 8031043251 4619291190 5205358389 5901199595 2571910647 7811356207
dwdfnlbadeiecylmjzem 1336411169 9530611291 4814446629 6703793962 2814081527 7810262205
qcm 8214784032 637547402 67078095 5126241631 770468056 7805624285
opjgfodfckijepgj 8076168638 6782377877 2255584781 9053813530 519183002 7795969517
ocqslfvoxfpfcm 255000340 4301079612 6044861709 1422638303 1172068272 7793889600
uddjvtrdorci 7018190576 1811912864 93275657 2375597515 3339226094 7784951588
fcexuvowvonynwbjiejaneqkvg 9173650392 3847190102 2469902727 2145832103 4154223099 7781053179
wizfadxpjbswheltqqrwotwzivdyk 4734656555 754245238 5214175553 5369221764 7301232755 7749280663
dehodqnkpeqqoiqwrcsrinm 8623102163 9444619578 9640324362 8257972793 461343871 7717659676
swbktiggebwvrtdgfh 3832887171 449081436 284177239 7886655041 3556474973 7712120405
ngnpqfivottcubpfmfyeqpzkte 6299305033 9958952528 820100983 6581757932 5952093441 7707464483
fabnqsgfqvdlytskxmiqgtn 6736147773 2244619 58060722 9069858346 2531129032 7696759332
zcvbumfbjio 4926823094 435791980 9510056809 6179868268 4675670240 7686549977
zqzbaiyloqizbembtskwvtvwnfmclc 6596364887 6059139647 3460727868 5307696233 4104651425 7674728762
cyzydkwzipajpoxgzbn 8604730022 9598664969 4922442840 3024142175 506595745 7671261474
kgpyibhogtpgacvdyhpxmjrvf 8600084169 2375915562 2219375830 4531890923 4002717768 7657529926
bloylmmddqdno 6786631590 3256795760 4592030481 5891440210 3456740541 7648795520
vuxudpdutqbblkoqohecytvwmv 4455594845 9924697451 2088807073 4966591692 36010734 7647331993
bjntyrtmohswyuvopreouiy 6923689615 1077256768 4268388663 1069066007 726925826 7646106165
tnosbphh 1870041182 6090849284 568835368 704111967 556746948 7642499273
etdisvmfqhchbzokhfzrxofciafema 8052406452 2063287516 5088477641 211880144 507892747 7630171323
xnkwmuocnzw 7310733418 733473157 5225054108 3958406057 3883879834 7624785293
pnxcfwhixxjsdfwywewxomsqynszm 7805813299 8230045890 8098923671 4505843503 8259924657 7622477639
djbxxgtkpnmpupoutjdregoryc 5683496751 4595400749 5963745668 9170899783 9648748105 7599316665
bwsxzsacdqfshvlc 5413604339 1398219773 3280147182 4349596015 1756773854 7570661273
mszswimspxilaanenbbpdbay 4405994575 136860945 7909666332 1489221279 6377346495 7523206147
pllwjspeaxezayjrrqahtk 9735461409 3858998916 278457017 6097148985 8195247165 7516753949
mzifcfgzjhyikhvwafgej 6149452766 9455844925 5037903740 2251686934 3363185404 7478214728
fkl 1201977580 6451063593 1576423964 7038324809 4689422696 7468478198
kjkeqrbnbwcwenpufqubqcjc 194322079 729645205 2631280596 8488904136 7055318289 7414017500
qgmy 2139240493 1356818589 5229763928 5522756146 2264833248 7394641608
ipevcbqktftijdzfspgyncgmloo 9361140075 4071905625 5156576984 5140216344 7468635006 7381451917
khpfavjmmhqzuqpeegqipeld 8024173422 5992622375 8892748452 1089304237 4267511165 7373665042
ymqyfbihbyiypnwqtgbnf 6260464144 1853037456 9084600619 820133753 6492022063 7364700105
qrdqltoxmwqgrfdjpnldohkvsfdwou 5220207502 9782855032 5092689675 9188718140 4633831625 7362296516
hzokbjfwyomydiarrylkumj 1664139965 836264313 2550674123 1327871247 3100312020 7362004960
wmkmpenboegqznypncawtyirum 608798748 8997231793 4000182860 7744106455 8223555036 7352115314
saeevpbkzlkzwbtcae 3715073196 3569709062 8853744483 8826930310 6744114848 7337663832
kpvfjqcqckbcixwrwvn 1318294679 7930367944 1650934410 1831928746 9798612585 7335457977
cxqczsvypjnkckacovejegudoxw 322028654 3171987655 7775345629 893384273 4368676732 7317899793
xygybwwkiskeitpxapk 540343733 2302472888 9195451200 7830415025 8074977430 7310798445
yduiuhgtjbjjiseax 8113502550 6101013561 4537827963 4488207618 9883390207 7303232752
xecxuesdfycyvfjzfktth 4641945634 4631897185 5749213001 8135233826 1040753602 7289739833
tvgdccmqpceglxhtsgu 6701258983 5650706819 2466444304 9715736040 785283761 7284259693
prn 3838953292 6403630751 8585665709 9632968017 7230689211 7246216246
vusxnnwprfwwxchu 7285174741 2555928543 7501436000 136750360 4510730912 7245547246
xqyefrnstjxxdkloel 3871725254 4490999626 7152851560 114844824 1062690081 7242936196
dstwhq 1918133070 685113121 5084179396 4018265765 3463785872 7208279017
lvyidmjkndxtukjpzw 9796659118 5506615978 6016531544 2453992743 8055344422 7207384559
pfzrdwgytxikjbfktsivvazp 1815279113 3572197269 4261665510 6780577003 3446234409 7171071534
rwplgaaxnvovuhkydou 7727130385 797959309 6824210439 286880405 8686767251 7149382882
nvszfmsaaludhxwdliykykpdx 5561493208 7290679824 6842028266 5308425872 9209291099 7137160835
waqdikmtilzabdzk 9631755504 6244832938 4102397284 3164785979 9638433306 7135946141
ffgmex 3383389127 9921801962 4591029971 9285833575 3740617659 7132391377
abdxlemkqgmlvddgzdnujzearh 725449096 2931073487 6617910707 8243936868 2647671247 7124161500
dmpasgyrcumkkxw 5340329182 3876945526 6965110479 3096007398 8104673462 7100711340
xyezwvkvarduqcqhqunqqguawjcb 3551754903 5931052298 3237849616 3822073587 3917191046 7092799188
otgvaheazpwpopk 4854943933 6186381036 2763338388 9022259451 6621557063 7090978530
licjpoprz 6042662116 8999601604 87068096 3736012947 9124902292 7083995321
aqsydvumkczrmjopmcmxwpxgr 6894255988 8250831858 8429358103 3594867216 6066161607 7039044914
cjfhuxttlxrckko 1876807238 2419920756 9265442426 3221904292 753256026 7027410772
yjlivgfonpwibocqc 5633910865 8275015754 4923850672 8251960353 4425531649 7017702125
wrrolqibqlt 6416081561 1446419408 3319945463 4321922810 1157579863 7013827999
vfyyspllcoozxin 5646934015 8930165191 822725987 2844432504 522610620 6999671152
ixmjnkjzttblappkrsiqwje 4325342738 4009497804 5643567761 7681469551 1322404617 6995460878
wjnixnnuxgnjeuiwyvhm 5424336025 6597615630 7192111087 5434581917 7243291100 6994206326
gnyvljquvtgowfeaazpcbuc 4780230510 3558294048 156652857 8439650251 1858039635 6987119091
dsnjecizx 3744146536 7424059846 8158999849 715214864 4453304592 6979019024
uhictiwxrfgnwjisuowwnt 1147104991 4233697405 6580567678 3012884351 883363351 6959705904
nvadfasrxllytpznpfaveubljyu 3597838632 8960487476 6194854285 8869441420 6946685333 6955155886
rwrjnxeivrjijknbm 2442296511 4057980596 3636246244 11770548 2972470576 6949608507
rtiba 762451216 9661602989 8102013543 8827700492 5361831754 6941310427
bpgynpihjtbuinmesrhsqgkksgef 2763589161 9139600816 5181959381 3509924972 5284819785 6916621052
ldrdbjwnmxpvxnsyrwrbxqmbzeu 1092329177 3781997824 2072316908 9931439907 422816085 6903936514
phmjjwthig 400432064 4004620444 9407899986 9104733393 4701871807 6901591822
crhndzgtuy 5035759101 9036915593 3915264510 8224040666 1410127121 6901281082
mtragqxsaibgfeomkgpkqbvwxhwnu 7991383304 1069661806 9958796473 4239778413 1511149482 6898187427
doqysqn 6460792031 6683097143 5970035607 7130420601 9022764688 6857679916
bncrgrfdgnemvejefgmwsegua 9273778813 642508002 6427539232 8828413288 6873735315 6842438764
sbmzoqtpklnjtek 9832455428 4313205547 4227297722 7425019289 7773016415 6833034452
dv 9819611917 2248430688 5163396616 6711864418 8758258161 6831124861
uazxquftbkhnq 9066953932 2461920017 2932647938 5138878741 7753454779 6828197531
zjfboxguhduyocoobttcefiq 2518339202 660837441 3240762012 6630542170 7540305948 6822391960
mjkrouggatjrwsmmzxznf 7075426268 3548702519 3700804346 1361889902 7291785687 6806877305
pyaqdtdcglkgced 1917633474 6347161133 8668160755 9641506692 9771405963 6801853675
ufanyoyh 1135951610 1586487581 7994131793 5560644693 7489141174 6795991900
hkodkiyalqjmezhtz 6738908679 7846244645 5852343756 262652938 3822734003 6793250609
ukcfnhritsitrxqokafcz 5141010552 6084731620 8913645828 8532623814 6318716797 6788155481
dxovomqtiplkpjhvwhmrucrd 1083617697 9718544833 1196754735 1877270064 8622103009 6778913030
wvqfbmqygisjjavmbtggzwotvmt 9075652628 9212902002 5461493868 1229820926 9584784458 6765728071
gwsijguwvyqohgq 8382789874 5825516214 3612374785 7178442148 2252613473 6752502348
enzlrcoqwtneuhywtxwobfncxaekid 2493822590 2977427695 3715385321 1399756045 7935829424 6746312817
wfhldgsquhn 587068402 4720008351 9746992831 6835697741 8218341073 6741277827
wsmxzfeacpgsqkxhbvxavvftyufl 6297921821 5486557589 7489632204 7167107391 5253737249 6735476348
dmnd 2213635970 7283079065 698349344 4537052300 5578558116 6717832271
ufvtczwwjbybepsy 4613816730 6302010329 1053243547 5462054861 1339770529 6716553942
tfdewpigohxskuuqjvc 1107884547 7086984565 5825265355 9618023047 1441136740 6714479827
ewzdzxwpmk 4273556412 6261276723 56376605 2740175959 8542996060 6683697962
lvqpnatgcbvyavxbs 9873656097 8251409597 2899010384 47734413 6078820714 6671180312
opwy 5630254788 8023850028 3892507013 8596574450 8446934815 6657828750
kn 5214795515 738298592 5440565198 8866286850 7442037189 6657507537
flagjojctipiajpghrnjtdc 5414846494 8309391713 8628728110 5845088739 8230213882 6604425859
wrumruiy 3396543906 616025387 8089728023 3169899980 7492006966 6601981446
wvogvdeib 3337750995 4247225971 6648472853 9774136069 8261001585 6585556218
xcqjp 6154711865 5018290481 929734017 6191190894 7095228360 6582007175
ja 7565651689 4567796773 8552861641 6375001172 521223241 6556353729
ppedreziduemdlnhlddzr 7025752961 1515029991 1332178128 6488558974 3771517241 6538692062
rbrjtqhscldtkasjlgw 9317376481 5465594092 176528947 1168460478 9038385004 6535246807
qsuxlkalvajwtgzveeluwcj 9355414059 4384166108 8484827217 3137769063 3912669459 6526928536
dxp 2748249682 9564678319 9546193419 7805198364 1571712100 6523840690
lmtrd 5865227477 1197989599 2588844710 1163470050 2993965323 6510169683
javdrvfuctpyfo 4909696387 182285322 6373949394 6370496138 104587492 6506930810
nimqacgmpipbfrmouzcbdhkuxnboz 2589948374 9206732613 7625370532 5695447050 7225842649 6488045773
qqwyfwjgqtbnngrhwb 5671602689 9282090076 2486994412 2160983452 8689947138 6462758555
nwhqutndoiuevpwvoaippdnql 5729965362 4138692281 7509801577 7490935005 3761393930 6448860307
xxzwtxjxajeicvkj 9190014703 9578332774 7120772080 1024566699 7130503602 6432399512
qnodcmljxknyxycstslolttxvpdirc 6470417360 526625424 4320252003 2630760348 1934091341 6432294289
zaepronjmzxpggakgqlehcdvodgw 9699653899 9553015998 8245927739 7945340384 5938823771 6431949814
iy 2060863556 8099666460 712296343 5359261008 8244035400 6431946750
bljgppipgtfzds 9238134065 7467151453 4518685424 2346970002 6042697004 6431345198
tlfveyyburini 2596498495 8051742417 1967960099 1740226399 8224368933 6426163260
sbdnzpzhpveaqoujylykasiciovmem 3012167673 6224996058 42617611 252674593 7221805629 6425996879
rxcidfofcfuxdvtppjzhwmpauinsy 2356377840 4212032470 79176254 6484756899 7581778255 6394781633
lrjtargflcd 294849008 6825547246 3258325559 7739978300 6060001810 6360827880
jwoojpsurgppm 806732984 7195813183 108371844 969014226 4856643177 6356852134
spemnqrdveixlrndkrdmboo 9848136083 3180220025 7058085972 6746378199 3265651532 6331824801
nyznipyplkxpsmewtefc 6137647350 3998798175 5964895501 9620305270 6198288932 6326307947
ejxissvoacf 6524384485 9351076106 8012577917 6682791461 7913476857 6323579000
wztjofwxoyvaksuxn 2012511120 2111338030 3091088069 657119600 1676116722 6323265016
lobmypfgaqmwjrtgkqdqmvjezt 3004969359 4571051090 4920331502 3091231861 9622726337 6317810803
zpryiwxaxttucksfehhxhmagj 8993277012 8520189028 3401974502 7370916583 1178157568 6308842748
uiutfzxrntt 4770081840 6127773480 2056277142 1094273161 321304351 6305215319
jdwdzcgixrtodlmlai 6074209836 9026498634 7248024176 6295447703 3300958622 6276028080
hnvgqnwyoxupibforamzrv 3270760747 9289786428 9407917681 5673865516 2195060884 6256352537
hgflcvqlcviokrrrelpggk 5802481923 1626969647 6015431483 1608293197 6763837544 6255981817
dhspclynt 4868474529 8179828385 4863766793 936566787 8985744202 6252723222
s 3720882865 1063970080 3987855747 2174705204 8675215099 6246921609
iadydztepxphkmwxajaltatnmymm 9638538758 5697989724 3967476993 2789964807 6767670891 6226999671
weak 3171344366 4104444920 6656239970 8082253804 9874194038 6225812909
tfjchztdkedxtasfhfcagdefdxl 9361267789 1191420591 653633511 3415690668 9079497084 6207485864
ckr 9515618300 6110199886 5978908339 4592771071 3978654549 6196304753
bnkqtdw 3115677449 9124906293 2333428126 5046133015 8379388464 6186151259
wseatvm 5731447523 9459301174 7837607735 5221055272 9260438045 6183521822
ktxylcrejldqmzrqyxwgyhdt 191425197 728278007 7490278152 6003492244 3289343262 6180632339
hdygewynteeeflcoeaqbmasqgcfhd 9010728643 9689608160 2499109706 4136950657 5613204207 6173077134
imygfptehkwlywcabink 7466206381 2166777947 1779528064 2633648293 4601497149 6163586679
cdxeorqtqdudhxvsicxhhkak 7805182907 9287399762 4293948285 8335929762 6562872617 6162577143
wxumrutl 1743551005 8192888035 1113519034 6984980780 6993442801 6161407498
ahsihftzztwmqcqoohrr 8548400895 3061728595 8625483822 1533473637 8312883270 6132311509
uojglmjyedubqmfjlfxmcayjboi 7724737582 349001089 1907725374 2706231257 1183928689 6128237169
taulpzpejpywkvbe 6350844614 765514316 4603338926 8303784921 6954326392 6124098958
zlqbxbfwndzpivbtjdhnsqxtfyxejq 4419498104 2279665759 3402683001 2703690130 8239476066 6118263142
kimmuvidtwtncp 284243602 1763460068 7134881795 5034206206 1807508157 6096666863
tnqnrhjfwfndldbrtyvchwvq 751407833 3432283736 3927899358 7509625438 3690775534 6081709516
c 7862616181 9081440636 156918995 7306871031 1567019508 6061198414
wxyfjgwjreotjwehrimwnjnqepmm 9524362109 7639833111 5442416400 8668074879 8526928719 6061194575
lpptzxpgitrfnyc 402399310 1013026862 9395046534 8000986798 6984353640 6055355459
rbqlenwpdbcfehhfq 5273649320 2543638231 2494595929 9622426079 1072281980 6044675515
hhfvkbdupuvllrnhzwnujnbfbzn 9918936601 4366704452 3892134534 2263674755 5063466477 6042750982
fiitgse 7025792315 6985137185 3024748314 7390240067 2643716761 6035814274
jphnfpxdupggfxu 5994116281 2666139356 1154424669 5813219018 9146320389 6028471983
ftsdnkrcbdtqrcofcf 4288129047 5678579310 6213775938 4481067950 742009256 6016293094
azmmpfapgowalfesuykrqxsxeyj 5998914712 6848014043 8135002098 4958828790 1718681779 6006973564
iynzglkkygovbwnehlaevosbww 9140022056 8612214065 2207092107 661324190 8352665033 5980441701
imwlx 455716939 9572919734 3184301319 2495715548 6744582541 5973747636
xxncklntexokwextnwswmnnisdibw 7830887335 1151816908 9849510637 6428349015 3274779127 5971739972
lrjozedavpsbagmr 755401958 4704485370 1981380978 5327103176 7175168961 5971411492
qaehhlatdsydwtaxbgcajxhrelpli 1412968454 4552518663 2347867848 6201715925 2347853372 5961545933
vmvfweapv 6783969226 9367196126 2580922469 8707044952 2797325044 5954876148
ocdricvlcloactdu 9481947254 6494208872 1707051475 2454272970 3166584896 5923105401
nnuiedolkqfqcbwo 5403552225 1895080227 455372416 343401429 1830847360 5892984876
aehgckrjkwvzpyveizw 6654353069 8385433003 3033651686 5409244117 1370765961 5870358175
ivibmthhwxbvqgikauebgolebpslv 4801816749 3424917146 3406187707 733326053 4535518359 5857454476
jorkqooudfwfwpkgepexf 5982626404 2813623725 598969079 8406878082 4583452212 5841396248
dqpeutwltutcwtzaquvydmsn 6277606618 7073696824 6021489769 8017370769 1393426998 5839326241
lwptalanzzajaynblghpmiv 4933949601 8811211637 7326947446 881069516 7385175316 5827023944
xuhhhacw 9407662229 5507359482 2190057015 445140209 2950835069 5820347568
abcalzjvdookotmo 5164556851 278654982 6825061278 6027637220 9007913602 5808482003
sfipuqdyzxvzrfecsdspwmsh 1913834898 3060502172 7298713324 9496118976 6391480572 5797348750
dcnxqygwdikgxaw 8442792023 7253872719 5231859471 7921230147 3539519651 5787641754
upz 4168472652 3288942645 916226335 5983586327 4600059835 5785844386
ynpzputjbibbevwxrpy 5829008425 8146502838 3306983412 8530802688 6931664129 5776630368
zxtsdbqafpfsdo 805961329 9502433543 4097101208 6994728638 7898875184 5757442025
erzdwkttznlvhqau 8191056986 5090214014 3713931133 9322972302 5083146904 5748769051
xypvuo 4504940529 1844996536 1053720132 501108779 7215333298 5743966812
pzvpzjxav 58619411 2601222550 6152932951 2747011267 2653071926 5728484611
friajkgdexrrjtxpgamoqwtooejsio 4289153671 5073468354 2694341661 268166280 247534266 5722855409
zanlkzscbwewjubpo 997984939 858166185 3598441780 4837196511 8301822061 5709365059
rfpweuotxwntdgvbwkspiftthjysb 4039488302 6223676929 9940963410 6823052981 6213496339 5706134044
zhgvonsfcizaagqphdduymve 3812987919 987527253 8920733831 6503652410 4798765685 5697313949
tjjbme 5419953891 6341772629 5039840890 3464549189 3318234593 5692104958
fwircwpflaw 4275547672 8790551671 1059969527 9329492982 7872058885 5690814943
xprazahhyvlktkbrfyexy 8746948107 3627097413 821478078 6058700418 7958764500 5671965888
ekwmtew 5534707681 1183666914 8175891987 7929105448 792955322 5657792367
jjfradrynveuthzwvhmafgxnmvcbqm 3277606319 3046306783 1945413530 2531943287 8541562817 5648233688
ksijrszraniqlcnfwsjcvbccusmy 6120261129 8937369429 2912553019 756915012 2131360876 5646121182
oxspkvqtmj 8418631536 2121870138 8653790500 5229130327 3516949364 5641100702
kxyiqdufnvc 8006761604 9202432043 5526653192 8354178521 8085434124 5636436736
kvcrvjyp 423151591 2289627411 9687859689 2958298753 9172945652 5625740593
ikvzivkuuhtbqvjro 3336510585 2630669676 7327225463 7087410608 2504407312 5617573032
denuhyrnzkdddlnjqlkhp 1257783213 1726991416 2040820561 4420009600 4431419521 5613554819
azt 5962694283 3998257714 4448213883 3681400805 9986980059 5612329430
jhlatmredaysflrgaqmrm 6097375097 5663063540 2020008148 8369320653 9294549390 5586046604
kkeivahdjueovyjgnsiluugpiv 1682636299 1558860372 9347939852 6622422781 3748955301 5583202830
kr 8125135601 4924168406 9491155781 2839253260 734265924 5575184243
qfdlavhrwsnnmdrxbpzohowj 4776840298 4891217546 4546290749 9622910868 5087766391 5573673025
aglsxaphhcvkktfbhat 1562089203 1734878006 8250809764 4405330467 9131504894 5570011568
uwdwuwqofwdtzxvawxcozfbmffj 4520682307 7785691830 4250064610 7896401090 7516176499 5564212657
wajdilommkgosprvijwca 1823588279 7096771193 2319719720 56304204 4551302715 5559409759
unlurduhgorcsqsdvfjehtfqqgcl 6016660104 9836618162 8523047841 6678727141 3079396440 5557456329
ruueapyqjoanbrroxzbzgwfoxdxx 9622117260 2954378359 4339093128 2775927815 4286009784 5551115127
wwhkmmqcmqg 1196391197 7917137489 8430029191 941764757 485873890 5546593699
fsyrbbdonjdxiaajiwkitzikeace 7749278084 8500411590 7867199922 5248660226 4216237365 5546319732
auxq 8868832581 9478273089 321512353 7647961154 1529926109 5534346567
gfdyawmzaulmytgzpv 885984675 3528302195 7581088019 6449360634 2512084406 5524371685
uvnznimudyaphdiqyztwtcbtdbqej 8964556424 6193871948 2178159059 3438998179 5136493044 5521361067
wxpbpwciqzpnvhsxxivomlwuck 7512619861 2175642338 9486464013 8111187186 6066547333 5474222607
qzsvklnrmteziiddvne 8378742544 9892954293 7205854863 4485569768 3791053254 5466796138
cvtbyn 574348248 6893299174 795815872 784317799 2350062285 5459420191
tjceojroswrobfauinbzmnldkx 5501309914 4205951950 115015253 346432146 433234071 5456870930
urowsfmmuucizswgkhprdem 7607620623 2221598190 6947051381 8243395166 11412848 5451281089
zohwcxgaxkfxciesjqcgvivda 6120159595 8747191019 6842040959 9997012335 269190018 5417106309
fldulzdeuq 5953051963 1576952878 822301490 948790207 3276547289 5414680515
vwrvopxmvpmdfgupvgw 995164377 1007631249 118458176 5163354231 604122764 5408635881
cmruuadmlwotxbxdlzzmkfth 4384858593 732359 536008545 663177037 5559533098 5407409421
eqhkuwzefaasigyjeo 7345637591 9606481541 5503527927 444031988 2849939869 5390950800
aqkltwm 6345279011 8618020857 9269523997 9956817866 4277592684 5383082473
dlavjnzzugyxvpqyeuocahglutt 7725344243 4900481214 7951796955 995747526 2746648437 5378180566
mdoyisahqnsrmqrozeyvdqfuujk 8379912166 7491549475 9880936575 2745620719 6133716697 5377457637
slrwssknfhfdysnjdqvpnlptjk 8968036047 3662191158 6898170654 2002787492 8842913708 5369283201
nvuwz 4992161389 1835291550 4035700488 7393774108 6105314511 5364402785
qrirgvmpjafqwmivqaxknz 9806892439 1889489209 6312900608 8694149278 7977635229 5363886772
wfugzzc 2762805635 1155988675 4255290536 5681414100 6382684153 5360948248
crpzkrtntujc 8216561735 9440913382 119923520 4328256021 684111265 5353864944
vbcsjdelotjexivnezcunpucljmm 2635991319 3430005124 3197365736 5007808861 812183211 5345724661
fcwuztujnzcvm 1687426610 825428200 9436029230 8075232796 7503647165 5339652897
rdtnwcadjhrfyrebezawfbwzzjgv 3379389331 5369981270 7341733491 5793002645 7306476449 5313538537
fnlqa 1844756414 213276450 9884870244 7925593816 4471865170 5297405120
ysusabpddwcigmkwedl 6946019744 859997187 6919228680 5742664826 3655384697 5295553032
sbwl 5559055376 3716742001 9057115291 4116737019 8305831631 5288683752
rhtwigvyymsfdb 4732868294 5400161107 7625647506 7882150060 3198067340 5288418109
fefleefpmurpiq 3079235762 640325952 4528785959 3976998432 2881526186 5263381527
vmqon 431499671 6675335218 3354133038 7698097243 713120439 5261688519
hfddjwxyqzihftsnoeaoydpvbcn 8814810834 8402835133 2557683439 8413980563 4211001074 5260988482
qyhzwxokxfjlrgdqrcvorkzfo 6811922723 7317481148 7596311461 5913203669 2291365793 5232824853
awqproqaqeq 3294445652 2406508485 8956329382 157921949 6906855098 5203996876
knyggf 3429206251 5037544272 9884097025 5220202717 2745422545 5191741080
hlwikqbykuhejczadp 6523118089 1252639790 5537011903 96327096 5809372326 5191541996
nmuuwipla 4579760141 2466568037 1547747151 1806034888 4807958500 5168475645
plmkebzonqkqjxi 9090635643 744957650 5567974153 6983064640 5557883643 5164362430
av 5098190299 2409259465 633158593 1878799176 8431140481 5162623504
hhdcbmaextip 7258667268 2951925403 7657852380 6866999196 8097307213 5158408157
svhpjnwvkfmfyakwgbhdrdn 5725124226 3778001006 4910798745 6727581635 4722019448 5158152372
zkyqhvnncy 2536386499 4617255448 9724455688 9033605186 9494835335 5150056660
prnscinckfwwvzlgcleatojqxl 147589318 6906383264 2470164116 9530274426 5318405670 5131911646
xupcnkeijnyhffrbityccwhirvq 1957190158 3690334925 5234965866 5460079811 3012802822 5129296492
hojtkyspxzq 1130493459 3445372333 2819812577 5082861346 2773799882 5122161242
bawrxzmxjcposvtnqpsaijvv 6585085635 2308426297 6130032095 8999436908 7099550929 5120562035
umu 198260639 6500971960 4112216894 9168294835 8384824398 5118006504
ogzsebplcjwpylngplqizber 1867158772 3933471489 8450746879 4320082269 724189825 5111283824
ueqbgbcgdqqumbepfpretf 2044778252 7326769327 9291306118 2894656174 1005554954 5101120650
ejqmzkuwfzbgirldkptmiaopnflh 1758048231 1489066802 9702828200 712901502 3172268888 5088806912
qjhfwpottolene 2277966142 9066076044 1598609557 6782087025 5344201378 5080875560
ilpcftumvanmvzrkvlxbsyub 5087566221 1922138456 709876740 5625373296 8647257832 5071557622
qpvllvr 6765770468 1270784110 3602095893 6624937871 5951590825 5062183704
grfmcocahnwqqcs 4051221586 6963353037 8481202528 6963555535 3431647490 5050657490
bwjczb 2339497822 1224398637 1534614539 7361462763 777953908 5046898366
ggrhlwqqkcxxejbpm 5117466782 2792278522 5445211035 8192644763 1610909112 5037877699
krvtdjdrtnyirjrkbznmmvkimu 3894773633 3194866397 2260855923 8997892965 8950372549 5032975908
mmtpkaxpdbeeyjdopcefrkhkxw 6386495282 5721516249 5662150475 1766283257 344767895 5021294496
jckmbfwb 1926194533 4028208063 7192664226 7165294010 464291481 5016580180
jkjqxeefy 6694704703 2935079107 9071311235 8116190552 5002886664 4999377887
lqdgqnzhjvuuumepivrkhcxwugsi 8917613197 6313368399 6098743842 231768624 436901378 4985196461
thkxrdsogcpsjhwcqnvaa 9777779307 5220030477 9231876875 1692428850 5598085515 4977570828
orotzfwna 8473503484 3511078429 4523298496 5393021406 4859541923 4957056246
uzhnimcplmawodlkfi 620434518 9905979751 458663912 6342301866 2904435883 4956675765
zccqvlnmnpeiwvojyayrr 744588509 7370164260 5671206665 6066703521 2556225226 4949085166
nojloazboprcbhpsdexzkpnh 6114706370 8248010070 60393781 7811106730 7317415524 4946683453
wdyny 1197328283 8532984838 9598727758 3170378048 3302494684 4934084673
o 9808428900 9833192920 6913648614 3096985406 9549713720 4930279739
xwgdjohthccdeymapslqkbaeux 1462121034 7681358017 2332856526 1391065439 1344210921 4890344824
uticsuhrmfxh 1448815104 9487224120 7607539036 922882008 2582896171 4880969310
tlfrprirkdwvqjdwvygjropfamu 2839951527 1924364267 6639917099 4684264872 2012366694 4875888344
pvmuwaervodii 2787151540 6723283612 2518555234 1943322914 2497079246 4874173355
lzpavdgovdmnwkgsluiflgjubceoa 7947841742 6035482896 1594809682 2374619153 8574878387 4873240406
dligmrybydplgfrmjopvesetm 5610838491 9829085539 3478416415 5828110883 5590240058 4873175692
jhsbxvkwhbgwncmaxavndecjnrwnj 1234998223 9703456560 7710768467 1833693444 9165765642 4872949831
zqifjninuk 8152795415 7513685956 9306060878 3209980011 4687729793 4867886113
quab 326996519 5722087241 2455448740 4419604151 9879825960 4861147823
woamrseoufvjqcndvtrms 7938844560 1551405084 8701335399 929096715 4847558007 4846536073
ocdsqrwyi 915045226 1813554643 1735841291 7058739927 5944479866 4839733690
wn 4975187023 5546169007 7158312453 7453599774 1116831626 4838814775
nysp 3077175754 1294990957 6080812892 2546899750 7144262816 4821970446
siiamfubadckrcpxjuuseazhiiv 6006574512 4562858346 9878440752 643632105 1954646748 4815722548
ayepbumrwwlcancx 5755180051 991682543 9255258847 6695879192 1119452946 4805551064
tgxp 4132745047 7773514912 9998282807 7963237761 7630502364 4802756953
xngyz 3852186002 576353614 8049901044 2261998841 1727885527 4801996382
b 3728157405 8520112483 4846038227 1224444524 2678815488 4798798900
aftks 997400326 8835321760 6427390578 7806675676 6842140213 4785413084
skiqsrynrwvyqephylacpc 5435687852 7140341768 6554567263 4205614237 6273869463 4779990139
ndujmuxqhysedqetcoupiea 4612789062 9870525543 1813551822 3069507345 444015038 4775563859
vthfxguzqvqo 3318881326 3093683719 1605542764 6238262010 3907804287 4770317541
cssanndhuesjlqteaidaujvwbxgnqd 3867746374 5727332497 3858368820 4697318662 1276606999 4768776256
atqkuabjyczyotuoxfptkb 8147461589 4357592488 7867671169 5771942049 6144721182 4736514306
aauiiwbeyryvomgvmqh 3309117707 4316687577 8066677353 4671430969 5141129870 4720589126
goglklaqyhlwffyyogogyzrcca 3439428605 5358133403 6055182477 9445198566 3177216537 4713907813
lkoiagmkaajtugpmqwqqyjp 5360346360 7465744854 2820199147 4554949854 652987768 4710611002
ywsppowozmzmmdzoqfkuhhkribl 5385312762 5680448642 2889676795 8345634255 2910973514 4709058453
jngnffcjk 6176229845 3834210326 1564458385 9647528137 402327096 4698580064
nazttpswvjypwbyzd 580490066 9683333041 9104782915 1571757598 3702862703 4697002882
ajvmqrz 3128809598 6290601278 5778605439 7548129000 7163668083 4691381371
ubkcyejjqwkivyfzxffekhvbuiws 3041929013 964207123 5246499734 6010347753 1078366136 4688915270
otjukx 200554847 4271357373 5680348424 6358096497 6689431403 4685271933
klstalmyhokdxlgczpyckepubsnl 6230129030 8917944139 9258270482 1705916031 3326804841 4662762810
nwkbmsscyw 7110660743 2284533462 5014820229 6199740330 9781921579 4640386425
nkhtdnuo 791693363 6591348688 5104892555 6838661795 7510101508 4638887654
vvlzyhyvgzwzjjduzi 5810976586 8955151277 4492644142 5377946377 7358535122 4617092530
jssdahptl 4330163519 1317810795 8470256106 75835282 5908156415 4610443689
pjsm 970620827 8127836827 4314040626 6106159450 5088979597 4600891680
tghwrfwpocqplt 3475389008 3155094669 1546147832 40940702 3160135450 4593877992
sxaxqlbv 8924191058 5096031714 1440677446 4724801639 5971876846 4592680808
owvzxx 2994504672 8218434805 4787471510 1753181795 7162688210 4590445302
rulxb 4769284410 5497890466 5414301893 6675686835 8786175191 4574942906
zvetvpzqmhtwmf 1210862365 8310102446 91889326 8280745466 8261936673 4556442516
lqjbwqtqnbnormsu 404960919 47095829 9668232987 6089572427 9299820203 4554513478
qudslnycascfyfmqugmjc 7822497344 1828237871 3583233286 5128601910 8188609513 4546649556
rbslwemhiiwzfexbfle 6949539342 5573471951 6706550718 8562610782 5838330669 4544582276
xymmkzcmokxwmptofprwdaizmxuq 6004741351 3469459832 3982247378 9462792250 2317987483 4538047301
umpkglsm 2851998607 6713359442 5393649475 9525301198 2978515386 4529953989
d 7260700720 1879366596 1268846234 4457802880 9136414478 4519541383
svqggbhafhnzgnk 8917863361 7412930540 3625543772 9221964621 5723372203 4504173382
kuwoionajca 1165126268 2002982185 4608915577 5024906713 1366371620 4502161599
vhzzfddskfevtazhdzvoaelit 5138850723 9382464541 1215928152 5077589110 1246797816 4488078913
bbmiubviigutnrcwjozleucvtqprix 1707589682 9333962174 1390111338 4553953857 1972845883 4476097893
kxutwnaetww 2717099313 428348412 283613723 8898780897 5462163943 4472784645
ujkriurro 2129982239 8142434675 4614472678 6730138095 2858103220 4452680253
erabaspmyrkzkfxyqaurxknbfqhc 9896478414 2559244547 2061141471 4314840772 513034537 4449173982
wykonsgxnaiptsrlhoss 9515155545 9396674160 2655045328 8090141432 451859248 4412700349
hcjiawpbtwgbsbjjnwtsdnfchwwlh 2500138502 2736751758 6368094566 1873164380 3991034740 4394144932
qvqomwzxnybvqo 4490719351 7813885254 3382089463 1440784294 8608169669 4364274407
vlntvxptjypbw 4467022743 3923335435 1744148845 8298759915 2870656214 4360638320
zkioxqjvfnxhhamikqvsgstdbbis 6269809376 5342630048 2647087581 7779777857 3627865614 4340132565
zmxfgtpweahpvyxwfr 3611255294 9006107151 3179065112 5860587143 6306150690 4338956112
qloebrtvlaeyugaih 5836510235 9900617239 1428783955 6223763039 3717911490 4338632485
mxshxwxdfspprb 8324049011 7831347398 2839709943 6812805057 104296712 4331894586
gvsxyojupixhsczbjeuf 7425539883 6501276927 6639023908 1812042664 2000368507 4317719658
gmwetuefoygttqfyftvowzwjcxssm 8787732829 7097604461 6622999846 5285183769 2583244376 4316729997
khwyxza 9280423063 9678896934 5660595440 3734102033 6658545171 4306973040
sajpl 8435297269 7200447068 5627824211 3234784630 9656632865 4305158721
odxmeumkbgglzetxpjlalsnmkt 4401109865 2120589540 7553568171 5577008666 9032710337 4293307600
larqck 9206890812 6682570833 1145533428 8431506095 2792251580 4290054630
a 6624980813 2137541047 1713322439 8747662146 2404067599 4280445161
arprr 2440441607 5433411077 4037754467 66641811 379479533 4273185031
tt 3987955815 5845193822 4928147806 2213538297 8361132609 4272994858
ztc 4725190131 4890159746 1458580457 1499772174 3801323994 4259879828
rkpz 8039853339 1718348792 2216436579 5707294554 4189760508 4258985743
wxchymtniqcttrvsazbbmopysbr 6310470974 1224754465 846634294 9086739678 7640643933 4249870998
bowus 8941929137 573060638 774980293 5858826367 8357621246 4238874451
pjyzyjkgxmbedajvvf 2363597716 272839933 3429245032 1242866945 2230901604 4234107347
gaibq 9694192456 6256569989 2917586398 187385864 1066108062 4220554246
rrzsmqjokvqunb 3925162814 5336997684 7239355557 8811037478 7248074142 4209348588
vcprcgestlhkrvwt 167272198 7930170861 9170380899 3147540425 9662587927 4203003249
fvlp 5574620733 5760982846 3312988630 868078409 9805324357 4179768676
tqfzfvm 370888568 6156276696 9233975488 6466866613 3355305113 4178794439
eyebophmjjtixfxniqoshimstdfp 7911799710 6331843031 4810871299 2929005563 5721374052 4147932728
gbkpjxdpruolctlhtqjjwymbu 2779979301 5712045145 6189214641 4606450348 3203303898 4109668475
zgsqjheytjfnuqefhifm 3492578517 1494841792 2556533859 3920462371 5941713282 4098392553
kapdamog 7710088860 4880713515 4519904956 8901147360 3281731667 4077626666
anhvdgvsbwnwrwhblqzgewgqmmfyk 252007435 2185808211 1530497239 7003858088 5089603562 4068432291
linexxn 7948387052 221538102 7079019001 3657662726 4745007614 4062018141
mrvoviqkndhcocvok 8398534924 486599110 6871542017 8526789429 3872612477 4025466979
xp 3719901350 4093137041 1753696314 642779790 7740600460 4014317416
vfylexhnlqe 2423656329 6351250166 4105144023 8057010669 7324562582 4001148763
stnpqnpkfjpdaiinxmovikmcahzcx 6241179367 991504665 699148758 4232722322 332443750 3993163854
dencuexymjxwgtigzhdworqljvjwn 5002887751 4096924639 1917899220 8583834087 6333632127 3982966652
gkbo 9801279249 410881751 4758582565 9916979562 3467695397 3965565976
lolwrygn 4558554056 5128191375 3088990985 8292016350 9672906847 3960076078
gc 4419473833 7680607572 9464632058 9254762523 5811161679 3959726794
aayhsplulurmzao 7810419417 2556011272 2393849216 2763436345 3705136710 3925183085
ttiruzkulswlvr 325197662 21846605 4859079315 341141460 3678292987 3891072805
qelvzlomqfxudwgtfolxkiagwu 9001314856 1720425847 4066275474 1114472810 735490664 3874578979
yzdmvdqbfohknr 9384567742 2000611044 3949413476 9485316949 1236342603 3852098897
brprrveevunhqju 1043123850 5991584222 7289480369 6357582535 3977901711 3851124968
fzyteotnv 4115425102 4240970552 4327496352 5471337088 940569324 3846009703
mcvpneholuunjtexctujsc 3561244973 2981211913 9242650456 4201077722 6518606209 3841003308
zvwmdn 7707715103 5999755340 9598882622 3248968229 5889837352 3837725805
rb 3740505817 781021374 519290158 1417276273 5858325545 3837130045
fjcgnghoxmcrwjggwopoqig 6171334959 8957838269 5672023623 4687872351 3806787427 3833873344
vvhockvxrbj 4978691830 7669041601 9080877901 1876259004 249234925 3822373683
zwhovdggxlbfkjoihvxgltewjblmlb 6790807480 7520967171 4967121136 1452281077 6101785720 3806027051
fa 3874011308 1106481254 5022167162 3669308330 9051264231 3805053200
paymxnvmvueespgya 8621244891 5964781754 2542777141 4406885099 866648310 3778974763
jxovcixazplxavdbgzzfdoqesg 3844008651 1096029411 8023042800 7797201459 525332369 3776448725
tkogla 5207904728 2569692216 1390079002 4985515635 1012921028 3765109948
bfpong 5478475609 1415896068 1832298083 7448143751 2660921521 3761606457
hnb 8135407558 9387576543 2058355291 2443324661 6903044839 3728702434
hphvhfkfgpoigof 3722408372 3669057527 7878395844 3812710956 917535287 3716814592
wemmconnxhtzzxqxihbiliqohs 7336704542 998306046 1296357562 4001851906 9108385834 3706929661
sijwf 8484342264 6735195149 1223584726 7709308372 2851308512 3698361427
sv 9401704219 4179965353 3733626021 22032056 3090999827 3673641151
oufteepks 9316242322 6329568499 584481343 214430844 4132364104 3654945143
orb 3660522874 4365578728 3258680422 5624658223 5591418513 3650565517
byuzmpknpwqetafyauilyxyven 2954006792 6169256475 4958756794 2912428647 6297491115 3648675046
ltcmvnolszmizcaafgqunzwaykyc 114709299 3793955089 8355461360 7399278398 5684274234 3634087625
jhcpfpgsxtrlqzubsljrsqpwd 7867352201 8723843874 3086303322 9440242203 2411842249 3633066389
etouckykboidlgjh 1755488109 358577540 2947048187 8722676007 2174427706 3624095270
skfupjepcgtdcsoudx 6656253810 8420807829 5363558826 3171412265 3964160025 3623107566
uwvmwd 4523108274 6062377955 6920287514 1615171304 2235417528 3608665370
oy 4570727131 9550284972 7436039445 9454037770 7442485897 3596186605
xrbaydjhtxybckjqaxs 5093789816 7866191340 1672520578 767671082 5014867709 3588104336
wwtybnllghqkuxyxoq 5572396597 8817151887 1584624648 2023040991 8994919015 3536780152
snhwgmiqxbgjlhl 4629238029 7823078006 1810282705 855602854 6329329120 3511144201
kvjgeuwwawu 6920647222 3535203486 2186565804 4536388862 6440330569 3508158656
v 3378773094 2720391374 613439283 7530591841 8180404948 3507676675
hyughoghumypgfvvagzqbq 5107709001 3515986820 754445703 6012032749 4811748658 3507177766
q 1335781269 7440832440 8094075915 4829396587 6451062880 3504852353
omphvqvbtabgeubqlbqsrijp 5858407165 8678439391 9610187055 8375397170 4585826312 3489871429
xiuyx 518248199 5600691847 9960050553 3413346994 2994526622 3465581877
yyfsaxnzafrqahno 900076570 5148316340 6380155102 8532200378 6807960274 3463362958
szluncqnjsyqsjuiyisihpmfp 6441713552 8383665327 8366293257 3425441483 8656622396 3457607289
tjlse 1885216582 789030480 5094165889 8867093609 7431050305 3451193852
fejphpgvrkfwrcuvcvtukzhykxqvwa 8744452467 7595295661 8904397287 3340942484 4898145620 3439195020
eqhmxplygyxragsahyrgcmxejvewci 8548605454 146629214 2031531942 6665815100 7131170474 3424338644
ujetwpwkfyzrflroukudikudixigr 5849956189 3090546518 3889160593 5087272760 3620133346 3422238235
hcoktpgrqzpwmldtfu 2236407165 2157731632 4549709112 6470450821 5162982306 3414524364
bhbtyyrwrcbnkxui 5126078565 3151284486 6837721684 3923535423 3584214685 3408933814
sjekqasoqywpdrqrch 7690008841 5308779259 7544041517 456569926 3408752114 3405266513
eemqcgkplwfdbqhfxaxweaubisipe 6556287532 8170472261 9023972586 5538601835 2406691238 3399186174
qnhiusrflclfjhlmequ 5752022455 6965696961 7498784227 671118004 7034446878 3377000525
jtunvokaxlnwemgjhtiuvelwved 688101315 4222765388 4714789043 4333059783 5629216796 3361388785
xoyagbemzwavpvi 6223091575 4633645156 886850817 2234807331 2636296229 3341534477
ie 9399982139 4520937035 6704345331 7862756346 3660766895 3337552682
logyzwkpydzwgn 6074477454 797053927 720785010 6499831 1872624005 3314912643
zsiaujawbowb 469346373 998610184 8142804015 3350738038 9135352167 3308476717
rtshdnnkdehsmowzunblppmxr 5570631398 9791720409 1154661007 3499642320 6527133295 3288743656
xfa 1874718216 1768478759 3579819048 5044353377 599609973 3285716199
tzomdrpazxmqyektqcvghpqbtrpms 7170886469 3385995720 6521235834 4121803490 8980949967 3275011628
zdslwwxgfcqjtfmlquilwem 6839839529 8199838341 8071278182 2394136265 5059675567 3274817004
zxmrvvxmelmaqtdzeqweigrajei 733979201 1569263692 4179990331 8313131726 8904605325 3273378030
aehsiwcqvvb 1116936672 8354604525 7361973730 2665810133 3332333576 3268235062
kpwuagrjdlavs 439469927 3807210729 355908476 3684276623 2660521460 3258460936
wobzsjrsmcxpac 1791417803 1882407446 281672611 926823861 2722878991 3248073876
igvc 6586355587 2868117435 6897407946 8353273824 4005936927 3243147389
cvhbdshszwxcpvuuiyoxxo 1544577462 5414629394 9719147913 4109783692 897508067 3236065171
xqjgjbtdfizjuitoztzdqmyucfveo 3513696373 5279579377 9082238603 913714450 5143356518 3234149969
tohoqywwvrd 8409317062 4872437824 6221037445 7792531657 9986084639 3227698220
deizefzdzp 1888309971 5863244185 439138676 9310073682 8225610514 3220426198
fzjzmzlmihtnbilzhwywqkbkvv 4223963005 4560348786 5076868925 6582084065 6700689255 3211678268
tmjtxthucrwaonvciu 620255533 934759567 3184115344 4957798786 2080311305 3206092289
oendnuoqwdhbxwosqsizskaiafe 296392924 4375957057 9980894624 4027613657 9334705547 3178403851
njlbizalemoorrzcq 7208060591 3200043718 5739585086 6209179105 3151211993 3157923554
hwqd 4824228210 1436575430 1180628251 5927858577 2101816435 3148434811
hvfubsvhoovu 8168318407 7218532864 7213091973 5006487260 5596170848 3136788947
j 2736954467 6994765238 9857605798 692062642 4517954337 3132698983
kkfichquajjovbfaemjf 5002750126 5501633058 8395779618 7308417111 4852118993 3120007869
nuhafcupbmozizpdm 550588479 9587995870 4870404727 287433241 2112860698 3118885002
qppibztcayhvuy 8004170833 7803488032 9494317476 3240425903 7765455198 3118030590
xulwwelq 9979521223 6983746839 2025345093 9293824029 258218398 3116247797
avjspeitmzdwtsauqckuhsww 2043591093 8218712766 1151646113 6341948417 6951696209 3114737713
tpapvrhmvoavpqsfjpdljdo 4580059016 2561599094 2105729988 9706069504 9182452490 3114029274
lvkszgj 7676029909 6280438240 9614971674 4713037596 9916151780 3108835938
kpgivfiku 3540062600 6830054643 4279688648 7897275198 6607063364 3095502439
qyoxpmmnecagkv 9561433538 7246396822 5856960508 8915591395 9151465987 3094818386
omtwhnolipqgv 3054331593 2188397882 9455851823 2809138860 6200962898 3066422922
jx 6277900653 8558955955 1870686094 6525305252 7765771638 3066005117
nyoyrqvlmvbploskxaceccewxrtwa 3709669175 9401672334 407226024 8778763773 809780518 3061956857
krcrv 4780985688 3696690299 4153413212 364867232 1510987550 3054847704
jugqyuxtnyglh 3304954896 4204637683 6695748541 764947868 8827264285 3053962710
mmwukdejnfszwgwzg 4888741278 7150390218 1767243142 6815141752 3661408123 3050722072
whbtophgxbxvmfsxtvsgbolqr 6858196596 3783767841 9666340113 4092799158 5305779699 3045576508
grutmsiimgoyozbtqp 3185358502 2856412968 6160487637 9925652436 5370938751 3040157571
uzwonloyiblqwejzlvflpe 5889360234 8411538505 7222258767 2492588332 9949050545 3032696707
bspla 31158594 45180805 9118406750 1530803345 1523072115 3016775344
pqnlw 7831311437 2454332584 717159804 1396336579 3590691665 3009007136
svhwjxbezfyifiyxabzjibiysepp 1496589864 4243339576 583462430 716378838 3634551593 2982225289
jkadfhmvkxzilzmyhsjjcgcx 79557704 8409424856 2024441808 5706847821 8408492289 2982038438
zemcugffzb 5837200710 8865902626 3007725574 7820946849 8274627652 2976589420
ailbxazjdt 2282858377 3322028523 427181825 1687360736 6335583267 2958960995
dnkuekhmjssrdfiyttbzpvqn 5065562742 4076190061 7718487384 9996130337 8529085453 2940274527
myzvlwezrf 36203357 7552286009 1217353280 7335233800 7752367996 2932895387
do 1245074686 8994489460 2869989842 8739153724 4898596396 2924653968
vczezkewfxzpgck 7903753272 5527433478 4289937934 2441306399 648358642 2917038964
oogqrtlpdwgh 3903049995 8562415535 4913973942 3777270224 8045393367 2916331182
tdgnnkzsyxlcs 1640910535 7832068982 7772227448 5091360577 2717729143 2899373173
xqvplzozidng 8436626094 829182462 2978714352 8040517840 2477781728 2890811498
zicd 8972286613 9419777494 7952155069 6648034372 3635484864 2888760258
jjydnvzcvvdmifhrgdfhbvr 8967606351 4106632087 1810268794 7102095846 4760135193 2888209849
yfkclgyhvvhparkjtiuk 2538437265 131192174 2728072467 3391048520 2353390696 2877474134
ro 81029914 1841617148 4281158385 6691629823 3357371659 2866879381
kxng 7907174249 4770999699 9509228355 9422241768 7496498838 2856669704
esxpjgplq 4176451078 918583210 4796072906 9061305717 7222167101 2796687220
pbaawzlyjpnmg 2098383689 3420474826 1373790559 1543743685 7126961011 2788292900
qtsutoxstqgrpb 2371809554 8193546436 2781455280 7420783636 3413431675 2766381426
dcsk 8372430790 5000396643 8149279271 2805488476 6364732372 2757553454
duivahvugxhueqy 8879026670 7544247842 4891330691 5485654343 2430302788 2751989287
orx 6545084030 2559271680 2959186652 2814699659 768939088 2728731894
ytrjgym 7365563064 4929715685 5679814839 1480490091 8423747909 2727240481
ukubutfnueolbtzjwfwsdtat 182529274 8088358133 2795643957 3758892672 3699966357 2725011982
azyfjmrlqe 1519754784 4004181493 2403821819 5957947719 8224249156 2724034456
oelknhxqmaeqorohu 5088492738 5789101521 859967647 3575179678 2334192336 2712581256
vccgecmgjxyemhrulyqcdutkvcjnq 554867347 9317899246 5255311461 3739194675 4728699805 2699170562
irhplcvhmxnyhquhztecl 5459533071 6931726545 336065369 7382445944 8937448833 2696822536
aypixloujooljifukadmy 3902701333 2479156706 3769634788 7339921969 5922127923 2674180048
lkailopnj 7028444039 8281968935 4044563654 4086260055 6078397944 2665424326
ziyttiqrcx 8258212726 5901426996 4197411919 1027842039 5359475776 2642215831
prccxdmoxxiwcaxszapmdwgxgruzfa 2140192274 6618077305 6514936605 7213989064 9924827491 2635814585
cbfcpqoy 2794565531 3983313351 4448424528 188802877 6955652043 2635009751
sfejrlxqxbfvhwsxtushh 2948401611 5708792450 6318378470 4592056132 4741543574 2628571890
ztccarltegxsdaxuiigcstkvge 7173052577 4288776378 8330942961 7650630399 4416884066 2627996193
gwkzduassxxhmot 9932479434 1736373351 370983489 8852159447 9156412529 2601775440
qtraxtmbkbkrmcvcrdwblfeaklgom 3986469718 7175680288 8881947653 8849627639 1259783265 2598074365
xvzzhqvdczrcekvcfnu 5331241237 8580239442 8541626844 3272071427 1255403688 2592812576
kmhfcreehhbtjfaztvnzzy 1814019358 6060892238 4486906410 9052462132 9546100275 2581209411
feushpjnuynhyzpshmgckuionb 4995746614 454727349 6002410304 7949672500 8049620944 2579742973
wuphgwxmjabewdighgymksfuj 3083771988 956734540 196062101 6065225407 9308121904 2576804516
ffvgnjfhnaqdbcdhasggngew 8219173258 2450834461 9182624254 1430377580 9892929921 2571220439
vlkbxx 6243185372 9761511100 8233287947 3472924906 9337219056 2560591708
vhanbwvdokysxowbeszijlvejdyuv 3603312273 5822963147 2435018000 1247282920 8896313557 2557580611
pssdvlwpswv 5133763648 5901191049 8578124437 5738735299 2970054990 2556554038
zduesqctyrpdbtgiutizxsynosem 4699966871 8228007900 6553520406 6323953783 9770023334 2529802148
zpmjajfrzsev 1102212136 8980694994 9940519771 163209281 9560494422 2525364488
kgbrxiajfmkhvefoumkptdayinoa 2342106541 726357731 7767546727 9560523678 1907737577 2520822788
gdjvuuvzkadx 2373930798 903275714 3101152764 7495706820 2150574319 2518664381
fszdfyhfgjtqfyghzpfyao 1316980358 462078060 7489669041 4039199175 4419562496 2510766676
fulwcwisduxvxxzxvdpmuzraz 1942632626 770257972 341120020 7906350989 4277816752 2503501587
kqptgnispdxwecqanpiisssjwdn 5512967557 5444441776 4447794989 9713782523 1997697310 2502777702
fedehmx 1486712070 2182648717 2267355266 6277021522 6523130512 2488797236
nx 137379170 2709963574 6267681959 8011556580 22155632 2483359491
tjgqzryrtcjkhsjgx 290058623 4471162209 290909696 8255910239 5445797442 2480947182
qqmhdwkdykzsnwqrvbqgx 3513943755 5374503493 2548016094 4812546040 7951014419 2470899840
eqndomtflowzrzludl 4795876267 9131614833 9854117229 1143558986 2846804733 2468394042
txoophsnxgtttapdjxtsk 4189368297 1371233771 50783113 3229010654 1241623964 2452519191
drptjtjwzlikuvgx 2491584739 1805138214 1873510598 572348408 8627851225 2431652079
kbjnyhldnkvctgkaziqturfcuil 918827285 7784194982 4274739840 9066928587 862977785 2430770388
ogtvfoslqtoz 8224638454 7153303247 1645404181 4588350943 8005372891 2426217365
ikn 5088293601 7097008443 692754338 7780046320 5909166366 2424940789
fiokhxevkmwmzjyzllxwwikgv 3721185310 4340017120 226796631 5186780753 2947747219 2423487369
myzmmzyrupnhmlbkusdlmiyqrrefc 5001060219 2632394655 2411503624 2451087429 5986422428 2418811300
yctpeaoky 4092034490 1464521812 9520729196 6293539799 2274400791 2418405750
fomldvenpdyny 2321458227 6344572104 8663146150 3498879191 3200887590 2406442861
kfnbfuqfnmdc 4962188055 2923189680 4155600772 5628024816 1229647958 2401406527
hviwuyllflvsszzmlsorfkteolrk 808004547 7306647461 950089846 2176812254 1361899401 2390772015
jfplp 8051477474 827932701 7597152309 8637753066 9093197742 2382543507
kiwvvvmqkeaudlu 6994276380 9456404265 4148545881 4196250813 969403199 2377903638
uardl 7251437551 9473094931 5329151790 5024976253 8428041406 2368737952
gyzacmgg 1942843037 7408564751 1236767698 5272511023 6961324396 2366455008
n 233432893 8413744716 6305188263 5276050006 5178330270 2360966848
mhwpcdpsbzmujqyjpocfedyrnk 3055899417 4026052824 2965603893 4573709006 6801300643 2357652993
hbymztngydbenscomfv 4025092524 1683722647 3833736727 9456456652 9998442360 2348747073
nroltmarvmnc 5886001718 779166168 21975135 399528088 8223904015 2334051429
axw 661057744 8591614271 3834090713 6075537347 4248985652 2327069978
pdxkuwnhypxmhcchzfnlvyemu 3046277904 3201088659 4233325125 5860947744 9100712780 2323395375
qzjfuzy 5237727427 9959184352 3496704854 6619085120 9648567781 2317691567
nlvhtumcmlsjufoxwjm 7034394148 5884055759 9340164954 9624556841 9068543934 2312714143
nnlacjvwnq 937228249 7910059424 7655459832 1762950872 7683996108 2309631045
rioonnheziczhx 2072060335 4957299511 3327245081 4500326258 9505653385 2300654223
xsnztzwpynpbad 8950268943 1812120102 8344689223 7979126535 8037072955 2294576788
ddjdsmepuqtjvnskgipzv 8589016976 4918478536 1224069965 7277102363 9545356413 2290931089
nrbzfpdweyigod 3835362597 4599674136 2329910536 7624928986 1285744784 2279231805
ahtqaqvapiihlzce 595791705 2773617818 4227877378 6308572508 2323396536 2277029288
tzmzwwxohykcqygifa 990114695 579892447 6458872680 9212311401 4270077536 2272992443
ewbjodyyoufhzflrjvzntfp 8395711378 2183636757 8315155942 7966195864 8114269164 2262909452
rqgleeoctobbvdubmwgzn 6995378314 30068876 3857698319 7631105843 2172728197 2247427116
qlqlvqoscqhukvugcdffzirj 8702047646 9760757060 8020295910 5596106540 468899901 2244835125
fxhoqehgkgp 2759305082 7846764756 126785464 790531783 2300714608 2236569632
chiytcvxhfuxxzhqv 8429422715 4560349343 1572786397 8700322146 7681826397 2219970380
xopyygatqfqlokr 4533874252 2347895710 1902878752 3264402319 4673080824 2213065691
gmlernqqhakeporyhwsdlyrhvdue 592491557 4801786700 3284256630 4722302647 4014646262 2198368467
kqxwvsyuhavpeuz 7700038339 3939379624 1861154330 5833601342 1779430067 2190749988
erdukkajcngozwhsbubfsgsogrm 7621287638 4911315428 7636467671 2494876357 1391662929 2177164110
ydubgbrxhmciybnfkf 3887518306 9848972507 3667730889 81174470 5763724396 2160451387
ull 903719747 8316989797 540200538 5862581382 9214650377 2156008509
wjqjcigw 672822908 5658724633 7161949379 389275161 1352402943 2135186475
bpukgupkmtikfrxjiwo 5189352487 7225042647 6528811204 8285948306 339992246 2120189007
sttzs 6091563198 6145794851 4342016921 5051908270 255065003 2113255187
tcxgoacsncbcybjfcwwrjyqtixx 7257614075 8503035099 2031109870 2935580660 1895080007 2101178545
vwuze 7085332156 4759337413 740729387 1191582469 7264531761 2094379587
yhhwyxq 2817061271 6292845289 7030179905 8907117916 1072457917 2087593007
ahxjosctwnazanjgomkrhzxc 2656499489 1504798096 6381205160 978345188 8383561971 2016343859
rxelrsxbgshjqreqlcncewmfxnc 5480346584 6896382123 7472475845 2922308639 1700464311 2011971611
agtoaw 3057895374 2892931123 3639859336 3724823716 3515149200 1986511562
wqanwjshtgpqgfhkpiyirwypsh 2125719155 2844790936 7293694376 7021654017 1998394131 1985937266
uohwdwmpqyprhwlfvvhtpx 5773603411 1023211911 4628957931 8766427192 1426407914 1985925148
omx 5622798214 5822773718 3463275592 9114388320 8917338717 1979984548
kcwdgaqudcqqgwtpy 1125918857 7726468258 118705064 929960675 8883262566 1975264280
olc 5404376648 5817085085 4239207810 6798913766 3618517782 1971481456
r 6484464211 1355658309 8886589520 9624110170 1298940888 1967684411
axaaksqsxxpqquduhqjdazsyehuvkg 9455751797 4777277489 3323494374 4090639407 1781038586 1963699802
okbslmyuk 720585288 5449089246 6748247880 5541857323 2694896726 1962108778
zst 4953512464 6844256206 3976728367 4724364141 441505811 1948183531
yqygiuxjocpydkx 1596368386 493087813 9385574589 4179302337 7652461907 1943994690
mhzdiysy 7644223539 8098662005 8983539811 2135388282 3968102267 1930680642
qyrpjdbla 9062369759 6458062778 3917580848 7546156569 6005825437 1929510141
f 5594480137 1468233996 693724293 3243402858 8702606321 1929409984
misnvkvvhixgqiatb 4415303583 6892965571 5700301655 8092287609 8735598334 1920463754
vbmo 2994837726 5117089852 8611905357 1124609240 6380058695 1890783223
almhvchdkpcooyynlzmaayvpvaxrlf 7460056213 5955140070 2299126983 862948841 6948846433 1885916276
cpyobbij 2765605126 943370443 777034338 6288160432 513827050 1880769408
wuutyavfifsnvvrbuylehm 1286483507 8420203057 1015463558 3784968601 5559493941 1872382613
oueqqejiukjzkfklvyizwooxuvalhm 5166214472 2797756587 49318569 3687120479 1353332871 1860994085
yqniaoqatjkmwfd 3373969897 6214295470 4336336542 5387374129 8412153665 1857317335
pdafxmgxw 7386975142 9401982588 7645449085 5519525339 9953121020 1853272391
ddlvewewtwm 9236222248 3406566620 8336454167 6870378179 2064950373 1840240889
yjqqybdgzdckcc 516416647 8455718573 4832847331 3500827859 9675179055 1825380937
hntfopipowzetgexvijnhozbk 1032333159 1723646600 3221194239 2728995280 3504793762 1822523410
hgkhqyxuogu 7369076008 5405361375 780513482 4338147557 1130324790 1816684273
wnwkeithsfkuayfnfwxjhluf 2892588720 6405786502 8322660281 353443489 5014790349 1811033786
snzteknkeclyivegpzoximudl 6370099632 2034969466 3467651445 5963443103 7724618173 1743468635
hhhfaebfguahulbznf 8772989875 5011504003 9077380930 5881193365 6534056645 1727119274
bgzbhijxzxs 2397632440 5800006926 206229361 6973798752 9956265735 1713627401
cshglkpnfvbhezuqroihunjxurd 6570481786 547039069 5576048856 1317594784 4847761690 1708387393
yxqbeyrjeqqphkmvou 9478886150 3910687167 7673707284 8394753645 724748006 1693358033
jxwivxjelnmiztknygqwiuujnm 6136229550 3544173038 1828162410 842787156 2028820369 1690357132
upinblpygdnc 9280759876 766379855 621218007 5841196372 696987209 1671766441
fzesfarisedralnaxxbd 8383915039 4073563211 3231779346 2718019652 483935863 1663166579
eqxxmevnoawkvasowucmameywj 7610487222 3190798384 3621283689 4694580667 4864524954 1658677983
az 4177438652 4651431612 3306983133 4451264991 2633015701 1620341496
jrech 4788892333 3800311071 8611084419 8853270687 8925881458 1607992976
ceygfibnvcrlaehg 5576233477 2708629643 3848896121 1474750093 1569451642 1607250837
ppru 4638193037 5320544219 4328658356 8293658075 1615176631 1588860694
vxeyxmdhfewuhkdzwlhjgrs 2051445580 8287704485 7730431498 9788163181 5093758870 1585387806
mkidmpjezsjwwlgqfeifdatssax 9744180718 9120923906 7939744465 8909759593 9985745993 1583523987
ct 6620073450 8428764262 155541696 1642353755 3254101621 1581342927
iqtulhhbhrqdp 7584478145 7224147695 6264386036 9870798877 8775111377 1580649744
vphunponyoiaemwrypzfst 2223543831 5701370623 173599320 5979320979 5072310637 1570195506
zg 9583701956 779527626 4970478322 7020368484 7581982550 1565085315
fcgrqqybcfozehycbucabtb 8099501245 6062290946 8086862012 1521329567 6278257254 1563004160
mxlktstlkk 4090314993 5756280623 9794906988 4446323949 8006590051 1562466033
asfa 2760068587 8328870666 933052671 7382737746 662037735 1540689550
ajmcghwp 5607853583 3829335995 6954621151 3692841123 8845820838 1536270877
avaptkhsxlgxewlip 6750613478 9499615139 9441276091 6825181381 9344358988 1519985385
euhwoevzcnnwaji 1830762025 4451867688 7752393226 8521633464 8115371844 1513389829
eqhjseknrdkwvpdenzekcf 3278537091 5997058162 5130246310 2553661468 1736218498 1510478698
ojouua 3890416267 6433004409 6052950523 4394364638 326487604 1502973376
plpiwcegebcixzlx 821016931 6276498505 2491430482 7458225374 4529592163 1502393271
cnqwimddcw 3447685634 3900611343 2344505647 4230799152 9474804016 1489949841
ptiqwhshfyawblxqiggy 9007733830 3175126683 8017134088 5182975629 7086551545 1487471661
mlaixgpoe 8671752743 8768982941 9156770815 6683069502 9756865624 1475131270
oeuayvqixeywzeazgacelecdxldb 5591632195 680345566 2511133923 329837546 1789579835 1473669616
ghbgzosyvrm 4078887423 2123668469 6659330913 9106277522 9911111628 1470896441
ezxgmvhwtmsfegqlkpxhe 1134670611 3170572992 5304354769 7610216055 9140383968 1457558950
yihgdlinzrlmfnjp 2938352896 6954305182 5549959933 5182817908 8631502002 1444245707
yav 1151635957 3020507736 7494497817 2412180597 8676645453 1425940094
kweybuolabosa 6285635610 7013920196 4573276557 1469222401 5693019770 1416711669
bnsuzeywebjnaqkjugdmppfngjftlu 5370187844 2252059254 5947914088 7064628303 134088504 1380546924
qlxypkdlantnxxvpca 2394691262 8164927566 9554114576 9030785748 5302982343 1353118790
wjavti 5272413249 8056865199 7866975962 3430570417 7818378382 1353068318
syjajutcqjgttenhhgwjb 9769727407 1209384382 1785426617 9678197601 5460343766 1348700863
edhjkzpheyjz 4370502295 6126087103 3276959025 929830109 3760011711 1347951080
tnqqooglrhooifqljwpqkrlbj 9989220434 694673654 3476358902 3865698531 8397356142 1346690788
cpkpeuhb 9836434428 6330735676 7829445644 9155381206 4942014918 1336010348
imrwfbbkgyrh 449936837 3398288227 3186598182 5805760588 5450237208 1335946019
dtu 1623502525 5345003945 2933561670 6609767620 5612830633 1323675219
shnuwjvirrl 4435759645 7351844541 114163052 4412729486 1889210435 1312343786
xkwkwadafef 7140448151 7240938853 2207686092 3023258015 3984292342 1305063894
jdkwbgwnss 575659387 9795540583 5755251923 935819504 7465719911 1303572696
qerdlu 6547096431 1272460945 4972921822 3854763648 6267845032 1303416678
vrfggzelvktlgvhwquy 4654007932 7836835477 1595253372 8066359185 3055317873 1290296545
vwuawlcjntndvaionscsozhrqfn 1464836165 7042001219 267475690 2615618418 7751750369 1269167077
vmttog 7189833972 5926079430 4352963418 5661342051 2319212366 1239057183
xkq 6928506185 2757472273 1831989413 1821088372 5160327814 1237280177
tvwtmzuwaxhwmwrgqbeipuhsfxpqd 5178120319 6099930489 1171172659 9426336938 482253446 1220049242
sdkocvpyheejlrmeonjwemynxza 7303356946 5752361874 8981069224 8838882894 4522914289 1199319932
iu 9663220465 421525681 864393944 3595485276 9459711505 1180898708
jdvjpquhsobj 4330574905 8320792261 3495394066 5028749056 5434172588 1163180437
dxhqlcxdeusblwwupwmrhagcfwnjy 6984434579 4732619705 5153883564 8321630886 5263907943 1160468613
yblgpyqbmpkixpjphyrafarlej 1523527731 9489838847 7560203199 126414100 8933708845 1159279977
erpmzmmgvddsgmnyknahfxkokofbg 925250484 6441295329 1211270175 4073743765 1346699981 1131426236
etftpaxnpuxhtacuqnvgfwe 3945138556 5132121919 6056707372 2278632141 4379830145 1128417623
mskuwvybcodcmxtxb 1275784720 2169461592 7432464590 6398160090 6766906545 1122148100
guqxfzlseoskgodpyegoreuxn 3554285253 5250558079 206882258 8109617420 3472573614 1119832251
pyzrizladbzmiqckhgppwzitomnhs 982385806 2712248720 7673731174 8266969133 9633474425 1110506740
tuxtzkbkzsgorjp 5866742652 9168693673 3261453209 209625921 9555123923 1098164128
rgqurelvpkmyjoqkkrk 4205848805 5591465267 7268944037 9281698466 429751364 1095914496
botnh 532631305 4091517518 689842145 773617779 4935472764 1094512633
acsvwlki 8482366534 401670018 9970096641 7521905870 3733679630 1067485659
jbfktbqcgihgyizaoqwzsayuyjpuug 2115022609 7972266122 1667879357 8389598794 4019168707 1057771417
xplnnosoxubskfvjslmswryto 1051908076 2701712478 7674947729 4193723435 7696137122 1047551412
avnxralvyuhstqjffxpdtkbiwh 8525700596 7784093628 2682742050 8085148534 8654914920 1030738118
ckngsyybdrqmgsbkyfthrl 1157812273 1704458304 763181399 1615695495 720869265 1014374801
fjpntmzaviwfuzuyowtrbsi 5163775221 4306036640 7262892816 1311793114 8174454973 1011772383
fvnlhjbzyr 2952717023 7550062624 7414423209 3239100139 5615435248 998378984
fcvklwnszrunerbjdfolwfnsq 2930471778 7999859781 8729950379 6621194262 4039528054 988385294
ozbiemkjljktnkdrbtdjpeovmfbg 6290517437 8236409375 1378946728 4546763839 1745271947 985055125
qfy 6073310881 2844579564 4425918834 849265427 4187455281 967067542
yvpadjwy 665292906 4729572566 5358808993 7533774440 932064230 959312023
temktqoqmvurtehoc 242819939 7685697535 3658758995 4700201317 9911853992 948210753
kaykxuojszuuyqbjiva 1307232672 5089056358 7203685411 1264950256 5492152548 936386401
qynjdnedyaxncwwqqqcnghnyksps 9992873531 2524934871 5165264336 4972787765 4179577710 929269895
mchsvvvlwcecyrcp 3301778422 2825475441 907067990 8497374866 98168619 919385245
qgk 2162662000 7798856409 9002866199 7928404874 6382761253 915998288
tpsubcjsljwzuove 3450152967 6670963382 2211570822 4664043985 9347217434 909096275
wpirwcfiqkacy 3325603324 2586633514 3378317685 9667151918 9157928163 902222009
rdoztinocejyifdxt 3465121507 5586293758 1086615208 6355475260 2689664193 896007083
cvqnl 4542060842 3783579041 5462602530 9580579745 4986855747 881455915
sacqihjacvmuyuemyruiruk 5513830219 4972518557 4895176964 1305928660 2165689933 871967498
wmtyvkj 5112320978 8515369354 5534451787 8860387265 1548908160 863644957
ihuatvsooaukpkzjgvji 8930513953 9100964797 8650278910 2925013489 8305522244 828993298
epzmazwhekkd 7358402716 2356706100 4484625903 2775658103 2520211093 823726630
xujopnxmrwwbgohypb 6418792193 3293008434 6161101492 9848718434 646675375 818556617
z 8107203679 3335387927 7349352768 2329547387 9310178321 815989299
bwxukrrquxzahktasfjprp 39749448 6976194205 4173631951 3014955894 4188948352 811786321
xihmlcquqlrmmdhrtts 2741691307 5214262606 3986013156 4676524490 8623500811 803100829
chmxhtbcxpslsl 9810407685 3014455036 9836549495 7475678778 8466549397 797389818
wbzjijxnpytsdpigpy 6335156486 9580135656 8836795737 794514729 1917952923 796721375
meqjdkaxlmbbzpbstjyieod 7951664945 4333816378 546254679 4071802270 9426797265 768421838
liieetpzlvuhphytbpjuqcjmr 7161599645 9735651018 4955932537 3585403864 3206888966 753311967
ikv 5841966611 8351785709 3303590168 3169533875 7819142261 746981419
lujsphtdojadnqrvfoqxt 9456360910 6047998573 4196056954 484514136 7532143696 740373188
rficnhxdrvqfktdoutff 9566449972 6856827163 3247429199 3359034812 3457322639 716569079
qrpypybyervzj 4033585170 8379866419 5384161634 2024834402 9164919304 713099758
muetodsash 6055302101 9154365477 7595608502 6053005964 745888038 706839217
gukudrff 1509564233 2458047235 7758224578 555770744 3869786977 704974374
zsoeqleopupksrd 4382110466 5944371199 8962135270 2947657562 6062100238 704453829
wztqgpt 4175105711 3505872656 9291182234 5518501156 6269644454 697847021
hrqbrjbmi 9582712235 5583095243 6888351704 1108073049 6031909590 697189846
pxuyzrcciv 5118819225 9198619307 3443853384 4003176665 1480093312 695369702
qabweayqnzhcfsruoyuzqtdhtuznb 7873209104 4213517845 7011980368 123968290 5133765476 695271914
kvqlgmenaqqdmkczpfechletk 2942198366 9557378714 5568423434 7147453624 4192078245 694968169
ksfbdjbxtwowtwikogce 110595997 8317568316 8946798714 208450425 3727357469 691482144
rzwjwef 8680304429 866781208 5225451670 2503269547 4864322062 681811749
nnhtazuoebjuctlfhgzmlzxw 3500947331 5409430783 9167096430 5099014813 4662578707 658466462
zwoqazzmezxxpvzlylzbqejbjxr 5675944287 6366633326 6433798947 7693766033 1352805604 639366252
lmuepjuo 5514293094 780728890 8846968102 1700828313 1248764631 629759170
bszupmujzsium 2067812752 4001205575 6507993542 2497778196 5449382138 625820787
ljfydlgrdkenbzdlsqavyfbzcqmba 8052989399 6453103270 9677278865 2679384291 2284369167 601844776
dqcskihxcooiaelgepqpf 6379512636 9121264953 3487888741 2419807809 3396247782 591837103
hjdczbwq 9106446152 2472624689 812066971 9039706425 5362202130 580610000
lrdnunnyvsqlmbtcvfjbbdlpizk 4701679158 5750021535 6068879108 7417052998 4131705627 580007997
amothakfhecqxlasperj 9491805214 2315941084 9310713879 4742888059 2118955807 578981729
hlxolurgythmfzvf 9358528377 6869290131 5052061012 183752376 6745496122 577583167
u 2827932375 8022435251 6466911575 8087580179 9903245924 573614193
eoueuthnpgw 7130685537 2017289074 7114395522 8531437403 8570114987 555683576
btsyvjfbvbiyxdrohyteugphl 1164462837 866383277 4984348416 8360720524 8322398047 536755731
irmx 8883126968 6493116121 2630455099 5089604786 8572609338 533611251
ljilgynapug 6255372677 2628882584 8293237781 9517429401 3452757209 509297480
ssvyvspkkryxx 2139042367 148213962 9119815673 9907165771 7713015459 504099603
bzmtxalyzivpysgfwitfd 7630796310 913476171 3025533981 7215393648 8184901123 474223422
uufbnmatpzkkhlxkcaj 7142786623 7438621535 9946832750 8549142326 7869712928 471927439
suzryflujuuiqvddsjuawxyift 9759393778 7772239583 3196976163 4184089653 22116438 470744444
hhvzrsxt 1964117404 1646333257 3502652132 8537948576 2157983083 466951321
sltngmmlyhczpwuwhksxnkhrt 6802583848 2761618659 9123360109 1982926563 8269808280 461269654
yuxeqpbtxavwoyosrvgofpnw 5839502569 2563308779 8933462484 8994571688 4268688365 460012486
teckraagfnvkkhooj 5373485223 6191418994 4349167955 6217634620 64565549 454038897
t 895962589 1742256412 1923051810 8816695962 5552175008 453630628
jcyqeftwlakmtqpfhgaphavkloh 3783318878 3977108685 9277822434 475178218 9122447798 434585157
dpkomglfajslahmafdyyutjh 4636380852 2796492966 2037269613 4542864223 8809570589 432044085
gnxotqbekb 7613506202 4739383219 4062256791 99383715 947609474 406751078
nvjuwjauckngojnlqgcgxt 8623972633 283593350 4654979984 5362876257 1789100769 400453073
jhoxbvnpxmejq 7838257120 9494232101 3106133882 3647293010 8747541434 385381102
ahvkyyfxwcgmddtxlyfbkxxieba 2600718589 9608217459 9407243649 6854223851 4821917018 382894155
loiemwanllsyrxzgreddvliwdki 8111429128 2074082154 7102364927 1837355451 2044516824 372080262
myqeomwtuwk 8136855420 28074758 9039030104 4424316494 9647602340 370206658
iln 8774814417 1821232699 840329181 5907334610 4755788545 356142540
padhtnllywzzeobmdsokwhoxsxdenk 6861770822 2616191478 6118848771 6602871100 219892488 354203718
rdhwjqntjrinasudpajxeihsfi 5226302814 3086495791 6888274679 3208009131 2023647035 351794877
obznltmzjfszrtevnbq 2900210612 8427696246 274191640 5961463740 7460880991 339869539
lwhculjtpuidbnparlideydrgowlem 7389722848 922248673 3255166768 814138870 493178264 324417103
hzsqlum 2861554012 1814556586 841760311 7538417818 3761466837 324153739
mooqhwijqhiunjvb 4248119199 3711374153 7093002983 7316520480 3896477596 321785078
yvcxgepgpkxsdqqspzvozexizawf 2030412835 3984755176 5186422722 6971011331 5603978225 320807825
xmzdkuzvlmrpasaignnxnqix 7194287361 3368250327 8637600314 2628963604 997222357 320144323
ulivrheypif 4697234115 7996588553 4239740649 3523039420 7469346807 311937847
xnbnbivegtumyqpyreanq 3421925051 5638296920 1788876249 8507548379 9820772991 308044072
kvjmpfjqcscbabtmglagyguuyuqos 203455215 2427151556 6321696634 8332069626 8073587837 264769525
iuqsyowhzj 5829176938 1038172963 1590680569 2534927148 413066954 259594257
tbtkts 7644141171 9149245675 9493131800 8087784755 9884719573 250251911
wybsdmewtwvpifdfjwdoadhflayyt 9148652800 2416291552 7923733929 3553413819 3569860484 248702838
ilumlci 2651327228 4274495609 6816962970 7355303408 354008975 247810985
bcthfayntmvrxucbajdh 1508464608 7313602377 1009100705 5276920699 5182406506 237768161
oaaxrprrafv 3145870052 1160877943 3293858866 4525112317 414671943 234555509
vemaakripzazzwrabohcpq 9192540742 2617138845 778662233 7405274597 5819864939 221662664
ilnxhgtwnezvsiwazn 8077003489 1418275974 5708097942 8167291300 4508702383 217618499
fxgcjhaipsrjlkdmpsgg 9572514879 9523117837 9653983535 7606732625 2202541876 214782560
efys 1070751524 6591702947 8173565570 7104660684 3307474435 208207551
zvwyxgzx 6625844834 9317632077 2191177998 6057308704 1992953120 198571826
fonysrxztlpblcmcvmwplstanci 2352779171 4422741897 858585814 9159709711 2592353690 191120424
osbihlaxyuhcngdidddrkjj 4120944195 1750387832 9684575888 1394917018 6801754978 190976162
gudrhw 1471095550 9743451055 7680229048 2186130990 9409989902 184818044
yiyjivfaxojrpmfkfucbxyv 8342198578 372294992 201534035 9672990017 8606520170 174901010
fevxpjhtomnsnmd 1454260700 7488673425 3375057432 8345686287 6566293813 165709600
fpzeewugevyzgflhmjzjje 6170682829 7981388511 3589778944 8810015963 6180647449 147401262
twqzx 3049439158 8499872662 9703489673 7017548761 1088981464 140634728
zfyudg 2272302187 1275090518 1270048844 1928395333 7175364937 132662531
yuvkmugdnqtbsbcgfuuadvtalkvaqi 8820818111 278229714 9138239397 4040883420 2822670530 127536344
ckoknuegfsptygyhijlytutfkiwjf 4361643178 5518630546 6054982771 6083405681 2369021338 86371537
bgdm 3294370591 7135948190 2489506944 5263004709 7798738557 82653294
kin 5314998166 3653926196 5348827132 1856572226 8961414027 50573909
szwtvmuexfetcedkia 4641699646 9858272266 390940456 8560053778 6349734864 28640012
hmtlwyerxqmx 5405495861 501810998 3325732692 9927560255 3778309084 17224067
japuwbcjbqcdvvojhvq 1574069059 7627627179 2943483678 1215125181 8340645822 8812535
lhsymhuubjpydlxfozkarmdgcspctw 9793023364 8357257556 5300827342 8006607021 8648397119 2000081
