1000 1000
alhljkbxdrpnws 9883597917 1424300240 6205603262 7088706867 8196357544 8557197622
xtcsre 6017883478 4893528861 7598980373 3683642572 8407580268 9422638515
euoemanmophtgcadan 3880386344 9497111272 6941436125 3091473093 6380506218 7505550978
pk 9713870905 886469481 8554878101 9557252828 7677355159 7680585429
sdcmzzevczighcglrgz 5714547544 1547904961 5809856718 6356859688 6189132519 9865765249
uerxxxtdszp 1379924188 1129964957 5139435587 8876046513 1704730686 9606096539
szqktqzpjpnszsvafusvpirbsms 6036995143 802235928 9743666079 6584433192 3431489598 7731220734
mupyflwqnfzrjnnmwg 9629837935 2378794579 2042917807 9150723406 5814098050 8526011937
waebqscqyipj 1444000178 7421700720 8880985468 4147917969 2639255910 7894992603
fezsebp 8293237196 6946754586 2700730265 652104 7331284179 3839185007
pyncwrncglbkfigpamtsphjoutvrst 6286362223 570026992 8316419950 7571990650 8345493608 894805180
iykyinswzvn 6841086264 7312920068 607042362 4583875321 2176997352 3173050315
aaqkzbjwsdvrwjgloltziny 5549375620 4147994693 7291578243 6892413764 5466931561 423899764
bmb 5975468069 3508526488 977159041 443630390 6468596508 1727854980
gctiuqlpkgsvw 2852357790 6161485095 669614388 3933140621 3414514783 8570160564
lukcfitveiwjblsryepygnbfwidpda 5523221661 284895650 8897253030 9169271988 8502198882 5213274471
ljjoatyldjdbplvis 2157522377 3493591017 2235720727 8746913519 5910673791 9464977671
vbotzotljjgpv 4282789128 9588227000 266083310 6701123548 6809394012 1620031129
vyyed 4756495746 1595866376 7500270633 616264165 4282786236 6979972729
xk 7420894136 3329959470 436841999 4477930500 3742610071 6844518633
bacocxsauxpzsfj 4518790692 2295428424 5253574681 2099722107 6230811717 1103847522
dltnirvfnuiryf 6400432171 1841806513 2508288239 5932221723 1240435906 9897327971
mfoqbfoxazrdoxmsusbru 4240066345 2533772941 2130972746 5633420447 4733107723 2563261041
begvinmrctbpduobwbexm 9243226237 4742451088 2692840799 3083033124 6058971125 5076962638
nxwhzcxtvvkduxahpgjcjornuhr 4219021125 2409796738 2894264383 4161183891 2857938870 6120779637
oxazaebgkdjgewabqatwvbfurqnvz 5191060820 3218282314 4105319007 4157081552 5827542486 1077921691
fysesikhxbllasjrvdh 920277322 2393667957 1020227142 166575754 9789214177 9789583899
uvpeyknoenzlpueuyznlzbaajzvq 7525675241 5933445633 2669538744 5288624443 4796888431 527714357
rwvckqfyf 8746635794 7009821132 9509255618 1318262844 1353499652 9948760235
ngvskvaraxbmskimyhbjngfkam 1443166548 4934865051 9630979630 7404873307 9095180845 7910269067
hxzxqfviipufdhbqrzfap 1547591725 5656499303 586907860 5715459961 4751372907 1024639115
pnvldcglnnaceztca 450509520 3005794354 4392262320 3397980276 5692018643 9233583283
zwrzhnbbkyibpldilajighk 2532019333 535898915 5168414475 5433095115 2049694150 3022793991
sb 4761676045 9946835192 9054186584 616244366 7092792626 3137355841
nsjt 1731449296 6913122587 8590976700 3716735285 282395198 751940431
quoglrirddxmlzfmageholtcpg 8618094279 2226260145 2148597672 9576338408 5045587465 411729342
odvknvhpgdzvcrrxcq 9076377177 2103778556 8190935142 8765197946 7735892505 5075129375
mukzzyghbyn 342959260 8341859894 3590361256 1604987777 1240052233 7111167176
oygatlfreshisgthpaouqarmja 8501558527 6709208574 812666178 5564166829 6161251556 8955261890
wktpzpdeyxlvwadmxwbibmfj 9261168055 1074435417 5854250158 5862676723 1112434784 5597874297
gwckramyxpxivrvqhetr 4287259046 4674968761 4283323870 6697022144 7258747396 9431093398
zzp 7376422433 7588433932 7798550374 9883601930 8443244567 7937064251
ollm 5071948536 7742324278 6272309732 3459480431 8821475205 966537963
xiifdxlrrfn 894300640 9048129769 7410722910 7385225277 3443770527 7091766297
fxfyryjrojqkc 3637935940 4794163077 6776624361 9942538934 1403187303 5860225674
liyrxlmcvmmctsdr 7314877468 3068135010 8041460905 2657428388 5474947201 3327755388
vsorbqrcp 1674967078 7465872977 6733010780 5023598892 291544196 3583901095
s 7890719849 4904914620 9422005598 2335403351 3426830440 6139580112
sdczcu 8267814981 198367764 4955076280 418545052 9921483478 3037396692
fxwpvostv 2755872318 6821379851 9925598347 2792059026 2109205542 5846550460
cajclnmhnyatzadhfkvgvidilmlis 8832411512 5654584415 8728335571 7097938285 8654429199 9764553277
itipvb 6978691894 9519512020 137458109 4754865544 1763618779 3782945593
rsbwdsv 7641084819 5102424134 9968389708 7458375334 1077574720 4168599848
nhirevklazgsj 176170992 4936369254 9838694688 6058692898 4390138 5719583320
ffwlbibqfzwombpvcgyqoznmvunghd 1930982109 7986237554 8857217503 6665458628 2643492494 6697149963
trewfexlhnsa 149647955 6036717120 988079518 8690346100 1130925682 9804288772
nfjdgsbxiof 8880772745 5465606632 319825503 3547710020 7573837888 1836102944
vfjpcuykdyumnzwmpqodyltkeap 2261569721 6510908420 8201613537 7462139571 6825920740 7896693315
gilwigpeshzsvmuyldkqhgauscawn 8469242958 9194308392 5588261495 9321150557 5491927698 4558391525
tuzeeyk 970238633 1499539497 5583346971 4770988881 4763804809 7698173756
bccbvanho 5395407197 9043990303 1422271316 1262164601 5227493977 617647593
ihzta 8074239138 9616790366 4551920565 8956147940 7601046339 2540650237
ltdwisiptoskvmtvaksx 1843280512 1846227385 3315635401 8221649363 5652926689 5758503314
ihvlqggkfkqbgxnwhzbp 3790508204 6632251709 1535814647 2762849106 4204703407 6098333014
dcapilzsanxncebxc 9915468346 7533270186 6214494534 5586349369 3263833307 8534385138
qujwnglvnctxhtry 1799776417 2196432385 7076306978 3350753743 7797868842 624412681
qxveldxkghdhqvuxbuboixbq 8038245256 9301934287 6908734163 8943661385 4507762473 6980297518
sgqqguwqr 7840373732 2958031980 8980657795 6155256752 1960426139 9590074302
mxnjkvxwespgoaxzknmrv 9556817261 606723842 6329766118 8294085672 7593451051 882234465
bnlonhyyxobzmhfzwg 3316158943 8321448377 1709052304 1716329341 5120796868 8816104071
gvdmthefkhpjgpgt 4092963946 3907418894 7497809121 8180893163 3678973026 8816499293
lvzitdajwoaaesvgnsrrkdurey 706598029 8930890958 2157351480 7333726902 7309125960 4337750843
wtdbpdbmkhiucqppgxj 3028289699 4153002137 5809039528 3569467138 940678834 2501349511
dfkodxcymuasbuhfbhtum 6326782634 2742848869 8413714441 4089027285 9514618273 331398035
gqxeucgbqyhptzdqfeszccw 9704812140 3977934545 2737743196 6709166774 7065837010 310028938
awyc 8182442361 9261566096 2920670163 4394106568 5999504344 6456981751
cwskqjddixlwyappwneroqngqn 2600643432 7518437337 1850871467 6548454010 6190399064 7038386527
carltg 2299776695 9162553861 4765236449 5782301285 3369377682 932997783
xebqh 5842031709 5625571740 7292164727 9549413011 5219325447 8201924176
sajnhepsdq 9982188696 4117074407 7548195873 3152642608 7084413914 3561312065
eeknhycctqhquph 5954043016 7058554021 9590275574 8960685046 1820431824 4256254510
btmwgktgumgujvqgrzxibwaxhjc 955779221 155907114 9449653926 4109194249 6418247244 1756897490
llisuy 6730683418 7985879705 1780087152 8758226961 2173719260 3191592272
dhatbiiqvrfvcobjriwlrjl 3312715677 7373610366 711523712 406661215 2631044221 2412997530
apty 5521275304 5803473708 398692147 8551199666 786680341 8946040577
jmnmxnkwveczunpprp 546362056 9174877680 798593291 2820080673 2320579219 3145113717
glbtkng 4083418609 2898223918 927256538 6775675622 7352078933 8014079124
rlntcz 8794319687 5602474258 2978349558 7000545340 8549886639 8107604446
cpxf 5443878188 1541895967 5697264642 1461752052 6728221782 7495794212
vmyvyddyhkfhggirwwswpbiufv 3665293420 7561639610 7975747702 4060550715 6422324803 6164572692
mvdhmquifsfxzgctxolyptg 4937263276 2594565290 4164403138 760042045 7662755247 4639041107
ocoxcmqgdnwdtxejm 5722965565 1968722434 712630386 1751697298 7284656189 2722108611
mifghysgutitqgvvxzkku 8758371634 8128348316 775609689 9251408614 3859533189 670859255
hnxtmobasgebgklftuomlrrlavbsq 6834823825 2002212884 4932517583 154122428 6686010397 991845890
n 6967593705 1451350413 4414576827 839197796 7404125301 396110148
ltlulsmcgyve 6166155425 1722222928 9740002632 9791173004 5605367113 3856184501
xjgkvkimfxisashsdzkyron 9929779963 7318389676 5608266530 4736115957 9417037318 3660443007
hfpc 4609185487 349856700 9750004805 14472399 2282456124 3843413252
bdpc 7645500487 359199985 3311757767 7708288003 6094746599 5331336711
zozhieijmvimwyry 9884603793 8460807362 6645647726 1373679042 3246742148 5996368935
spgluvryemduuqrahehsprdls 349630953 936453536 2161015225 3326924595 27158545 6945106173
auldbyvrlynfqtstlzbmkrff 1437489197 6247900654 4484544584 7491868193 6836424419 6631148783
ukemoqtdjcemwflmwzjdp 6105721199 4765082230 3592929503 7503415795 6846111398 5599400181
viqdxwvtnguvrrbmccjm 4571905202 2845204008 4071789711 9711615050 634147924 132789545
vgrwmxeymfrzepidaxngvyxacdxu 6915619453 5681024425 179251387 9046558441 5863074125 4039863993
gwudlpickpx 7028209680 5481702032 3133968086 1458494433 5818388660 6022714365
cb 9092331762 9941658327 1905800572 4381018364 395191325 196272165
lxdvcreyjwrrhdsbp 8404382682 7945440338 8882016238 8887853458 6439242049 9558142968
dbtsgxuweaqcdeaaejvjdsr 6310125156 5371825588 5950602557 6904015699 8957350459 4667585923
peflfuzh 3457444813 9489416897 7841776603 9937356726 74605856 1086544814
vqjkqcus 4849385795 9538489889 7774364277 3732615426 2413961107 837023309
ofovvmqlqnhkjvrjeshtwczmegwy 4393304562 7898404615 4559606864 5401940175 8207519429 2278612429
duwjlzwpgtzlpkugriktyxao 94768750 7943715881 1033976280 5806890652 4537648679 4417378637
xjwbjygznfecu 4763136094 3961271190 5956421563 3079452948 9987682678 1201118589
ciyzlyaqtpelbwf 1323685952 5969793339 6964481140 1464624768 4213084933 7283457134
kggovi 8531657191 9056250157 1707057956 9404407734 1799945119 2966411456
nkdyphjobrv 8238196453 6991974268 447226116 8691101468 6752690320 4442644856
gecterwl 2267440410 2957021839 3062872487 2293897839 7259822673 8408196522
uzcv 7546878255 3693428764 9991674813 7272925888 9456958092 2926262308
ljhzpk 6227660173 5305332658 3013992515 4173884129 7890862081 9883639636
jihcggwskmiutngymhdev 1194279156 173666305 2305622891 9047713135 2655670150 7253499555
dedhuhqohbepes 1369436259 1471292670 9603662776 5335690013 3810941767 889717970
g 9564053194 8935813675 9013326767 2341863642 2007285541 7926366943
cmomx 4017211955 1735366810 1560638777 4891689222 6264361190 4707140790
bhcgsxsf 3147914630 9269775090 3403319873 5526543847 812300443 7158235997
ygeapmslhyeajjbmz 8050356194 1876473711 1206600878 9655807583 9783838636 6748041906
dzh 4776045281 1917445768 8847458100 4397376871 2512391616 9720187593
r 6047456016 3338492213 3824070609 268602020 1151299730 5684049824
iiixuzllzfhhvzkdvr 1545619383 9212788155 7729998218 8796238086 3400678470 6408526043
xikcwyyoqto 5833530038 2172872174 5336334696 8818320530 5148608768 9769220039
syutcpjjhzbqonm 1062614453 133722946 360285027 5543942054 3859441123 3193453332
yynbyprbhnvwbetibithfkjd 7323648847 7917929999 1254391539 3078489150 3349156834 7047713687
gfyjlmkdbkcaupymy 528098558 5884424041 7414879803 7340500579 3170162444 603044279
lcviujob 6441229546 6475802291 9386954040 9289207279 1898489014 1348990006
yfwnq 9553700341 3745750721 6964737520 815016131 8106765792 5328300212
cjzwaxpgegyfesvaxddwgkii 8211524394 4885926188 6788055068 8153481770 7366915447 123677804
lztvhsljtdfarayi 8381979468 4988189824 8090297739 1370172235 9126442856 9404201385
nld 9890596436 669298804 7832823082 7401562047 6329321233 5261175197
cjulhrfbtehqnfthdnkxftct 2415934515 6635820280 7472126561 7866668785 13479252 1628317279
cjyhwbvsbitwiklpmsiftklavysulu 7187337392 4130661319 5165503629 8895386551 4337152355 4055422589
istliia 1627899948 6801454134 3167007590 6530840225 7309998850 1122676504
psophesfrgontnodleqqohj 2270848724 8656147142 8554825600 8801883491 3394819208 4448180379
fo 9521598813 9182248600 1039148026 744090911 4783569801 4126235817
tvbmfk 1327775734 1631818752 8420318748 5858020730 3937531146 6579538531
mrhmuyhbflhhedd 862134343 4111724486 4013431287 1585665472 5535123949 2224433515
q 1943945859 7133912497 959214299 5182126663 7629832155 1513268112
jihaifxvbwqwjytfhwseixeymq 367218066 1308265297 2452412191 3150665928 141659274 3278945889
qfhggtoumqibbmkjx 6531928402 1004498393 407065624 3455156795 1063881346 7780026744
qjvheaeo 5968948975 3141815926 5531018049 6753120223 3456713986 5314912087
dgiutducvtxkxodkqfjgjwd 7410904997 9326657486 1006249905 5602212448 7633784882 7094305799
nbjxqfd 108973631 6859634847 8492683223 9149292226 5357612151 8554531774
bsxoynamzmfa 1967494992 2651160719 6735022936 3348764930 5497048999 2251414443
xgie 820871344 9768599729 9117911092 1879318166 1831997158 1655077304
bn 2585954491 602036475 765816482 2207675702 3606490830 2798670218
pj 1082126386 2865703119 8621020841 1725644210 2337187286 5016009261
ypezuzyxkdlvinlogkq 5733429265 4701291946 8974982677 5572241841 5305714377 7600369789
ubaunqpisffubkzzheqexaxxg 84062736 5840018193 7513108375 6124627606 7344401075 6764017765
bolnjzuftfatuxstsqaupuvemeoh 7720709702 1403453506 2617204390 2647144806 9928515761 7878995281
xgkdtrpyhepittktpglqusyci 3671634953 9738552595 5729005912 2143059871 6395915606 5706456748
mnctbkckjmtf 1231197148 2418477087 4506310303 943310448 7227354106 9715506082
rmcxgiylounucsuculjqah 3245980355 2895052535 8513302378 3344254683 1856739620 162779747
gutbqqlhvroso 6720563258 5426970497 710243102 3994336494 7278288379 1329454874
lxsumrdsykyjfqarzlakjfgnrebnws 2901158768 964955448 5195242086 5518740483 6833393385 2140222916
ouaio 6236842902 5254564821 5871449314 821282406 9769543620 7735061605
sgohe 3482516780 3091334207 7054590211 9842482325 7460908909 2814123242
ahgmwyjkxib 4095472701 3472653605 4804975062 5479255012 1278140343 3582261511
fflnwcmfdigfkmskjlozbtw 9607631672 3345813699 2990319787 550952369 9925177195 7704903272
tntpczhiwovqesshryqoe 9166047520 3230618424 6005061239 2763366524 7273781936 4142143537
pibptvnwtqbwunkvx 1481805495 9645083555 7651236883 3680256323 1191279849 8312888423
gfsfhlesnraajzihfimfo 7287336818 5900046748 4107058251 9833282658 7161463710 4484076466
gzcwjq 7568594852 1337770031 6072428469 3826916998 9449470683 1278769755
nlksrnreupgnerdwcjsgdub 9524367484 6824333493 8204985646 3134713490 5684029954 7917221713
whda 6841877820 1588067277 1683684005 7215801732 5768973101 6381660808
l 2616144128 9117458758 1216082163 5552850708 2453175319 6732010250
xsqlgqklpjsuxizaowisqyvzvrjci 449475597 1551680643 815805928 1641076900 2365787397 868341754
ioxkpdpiyjqkxwvyiyztngftt 2034843249 7043613962 2212210206 226883320 3262146586 1177562065
jjkbkhkrvodpwdrgfyantjouu 2159360350 146256879 6527988027 7057959286 5244208330 9726420769
ebjtoxneqqykaoe 5587086242 4034748898 8803986848 4886375444 2155673255 6448909927
oxplgvbggbtnbkaojjmwdrsmrczfkd 4938000043 5962635294 7714212878 4753424786 9762778836 9570786829
mupuvgzxozcbszq 6435160266 4865993015 267036383 3939422573 1992413550 2233285456
vgpdmrhbytswtg 7426400421 6544881744 6018876171 8111929600 6903908549 7806866481
pqsbzwscpoyd 8800817688 6909304769 4140771919 4849148377 3432475153 5077611603
i 8932927640 4886212547 3101618967 4017584174 5692415311 8665837765
bgsceuulxk 7436557674 1723586006 9508627715 579240234 7917332313 489739419
laxs 4853005036 3544559403 4238609608 897112492 3311752876 3576097217
vgmynhoulpd 3209054562 5514892768 9084683586 1070868888 9281723213 9273854202
hmpqrdyycnnee 6154293489 3275657847 1132287348 7308327633 9007707534 5141913579
tlheucrsbmjdjofkbasetuip 1836662922 5213263109 9585132465 3832468768 1146885887 1125872466
ejyoluimadhpwxjlksrefevwxvfcoi 6731984872 5513193538 7123838098 3816726919 847863932 1744344228
nequcsnrtxrjmjrok 957697090 6063074012 5654066398 6780506350 3191746237 7977534753
xrfzkbfkpcsoygclkpn 1042347715 6394672353 1762447902 678222979 5821153739 3461131798
mpsowgzzlxuppgrhldmw 2278447957 6711729027 6841561717 5463497227 8783447078 9978295277
rttwpvyo 1463685761 4338325242 8882636295 4558901319 3615314043 9621436484
kgkzepfdxoqqfxwu 559663917 8806870458 9798067700 1733176617 9270863937 8341997922
hhztimugqjxhdpcxlnbxvyla 312378535 3420499487 2975743490 9173090157 2701104518 3867901611
ois 9647489659 75198008 8952615941 1795866296 6504525696 1560718662
rjtrbuhgwlvppccncnypnhfdaq 5357698869 984626334 2713908115 7308923037 4080641757 4092691715
oyeqjltqrpqrvcqqwpc 7639625228 2756369996 8483381080 8383725383 4843621939 4701044568
ysgdhhzgsfnrbmlmsvf 32605884 31996910 7994638657 5235960877 3223227570 2045781134
svyucehgnvumvgmauccvwuwuavc 8599723808 3103350080 6367644031 4529708928 7045539362 5648454311
qblakglhmq 328736976 5001221376 7821346450 4952329570 4315564861 782913548
lewgnvmxwxuuocbcprwbnpkk 6992825263 2435956387 7714218858 5111701271 5005645947 7253347225
zkr 9592335151 3537380644 719977316 5129226781 2994265198 7427290109
usakxjyekf 3211878772 5947258023 9434925073 6950429517 6324795890 357668298
xzsykgyvb 103860700 6783527422 7214136492 7948533648 4207076560 3963190477
gihauwfwxnasenyseyslhafbhpyvkx 4200175301 2112854844 1602699346 8802408702 1129300738 9643960766
fmblosnvzwhcwx 6427556187 6596330485 5140878474 6304663371 765265812 9961364463
hzvqu 2246779319 3140971062 2572457524 9083301615 452876252 2149070463
taeuf 58247060 9894295815 3286588690 4054668244 5503112562 8255178569
uxfisqsvnopyekg 7541812073 5426675745 5106835293 1588727069 7812341044 7122615803
e 7871176025 8091142742 6957154808 1151015998 5751484552 7643139511
ijmlubieqrsrcjgg 6025704435 8436443227 9352445231 7848680783 9368603375 5685731779
xjsyqwwqnz 8296684888 3248547991 668891608 5579337345 3060978947 5687556418
mgzziuzpdlsehzo 3451304091 849649311 5553314236 9058384982 5261747044 9458480157
donmtsmtqpxrpttxjhupjyoc 8995073801 2201618783 8156444576 5048839079 3776133488 9610749057
stceeynbmeewahvuubtvh 9399988277 4121494837 4866667280 772511328 5343785541 8974714712
hhiembpftlsnkgrcjzgm 8097984202 5467088481 8341168842 3345963725 7165722674 4159341480
vsyuqxb 1252694370 5907235449 562254702 9731374098 6604922828 5291079018
xl 7811163737 9238375649 7788241284 9162272702 7355172418 2113830816
zxpyyvihjsrkrqtsbr 7814053287 9000491694 4239919111 4306820593 7098922240 1722203520
zb 4339490973 6203285049 5503030052 9045416329 3285640479 5864753992
pyucamr 5422569112 5588795847 2491129364 8112194820 2120454651 7097059942
dtbcptw 1698654134 4289267878 4677012876 897444862 7340328822 7158420419
qljpbhkfxo 5952060056 1717433644 8658712530 314885600 2772058654 7331824945
opsapkzkbjipottyqtgfobefwr 9018887472 1747804162 8190801973 157609800 8132104978 6734315890
yejbwcnemqorhlohtmnkdjxsrnfme 6119336585 2878019013 2015038574 6121615449 4880611277 8452488756
mrqdtviru 1424691450 2233606433 316592401 7457187894 6237530185 6132927037
hxhfyqamtwasxxpbmbe 960362734 8601137172 2782421708 6775759829 7482978176 1475842901
ifsr 3490474915 4715985832 6134628190 4121759412 3390902011 446872947
upe 1221906872 1832782127 5960524855 212638512 4797772589 7770365886
xcgoqcicxogbryawsbuozkdw 1625574058 178863658 2688032150 421755177 5817941635 3219874162
eliufypbhioavcpsxbil 4737959576 7712198990 9904062710 1262847971 3734918032 2668918271
sxjxkfwovp 7533117783 122549387 1847624221 934982078 992263618 3067227012
uwrtwgcqsqfkbnlmflg 5619957699 6144140640 7010116606 3975356514 566980595 5193050873
trgtmkxituy 9115725865 874550522 4243107761 1785227206 4138791010 5898095208
vjtmwkosumwcjcnljxioh 2287121217 3271431767 3727895801 8251215787 5395997027 2774118386
xzfnilmrhilhwqwyyvrjtiqrupa 7867041833 2648315187 6439276466 5858928280 6286783919 6864066814
rlqzmtrzkmshqoo 5997974566 8604129257 5394783643 8535387613 1496792253 1819280209
zezavdkodvw 2891616120 3157954696 9795657504 4377292578 9591173895 2340070529
zsqoxhmvwviqkphputwlwkrwmxhcw 5616389640 7149454572 8131034885 3808323721 8502544744 7870865886
phnfeaosxrvyhytqcydcq 1236673442 2403629866 9145270001 6414134739 7994407869 4362882483
nuzgmwgmfmrwgydvmrd 1855253723 9412065753 5191497527 5550577890 3720627846 2945467382
kicunwbzolmy 2197812516 7986425963 2562947646 2100093813 2092021587 8009093374
rckpkoepurrhbmubnvswjqaufd 5188131244 6597129984 8776253231 3722869239 4626513827 2414513252
tpltapwwx 9676703007 8993184692 65936969 341784265 6293678142 6188554856
gxjtbxuawqypopielxeykbetcidyhz 6004053327 3749042086 343081595 110657502 7780798880 9500974039
wxarezhijobjsmdrmdmpmutnhake 1522355942 1110897566 9099248871 7909822283 4037423562 6260952331
xgtjgeiegihmafjmzudizisavyfgtv 3402834207 9896532168 2943174549 3626429144 5049170718 2117230690
go 8078567390 6186911259 8105508560 3712559689 2918427222 8752303924
yjkugdwdeusnfoe 288082589 1550291501 8017537773 3344538943 7077404858 4357037522
oxwmqvcukiz 3888643614 5945329782 6363811914 9972753292 6134487602 254818290
yxtgaomragsw 7112335426 4112135701 6445034016 2162584994 6483245516 3479894931
zqfoebtry 6674532738 2001645213 8604361934 862280166 9629104791 337685749
nrqkchydcsosqgjbjukkocmipwfm 4763514898 4905120479 9424039480 7039943588 9174285192 2689042126
przkvapwezonomqipiwjha 6311009604 2686764538 6665430729 8925406853 5728930302 5978022986
gjudxovrwutoefgyiuzcu 8654166711 1621909970 8998198244 758223375 1585732373 404666993
qgguzvn 3556566932 1498243356 7656446059 334008045 3925926523 6640323784
hzkinfqespcmpjnhbvivjare 1084712445 1014089981 702776277 5080045725 4454213600 8071825055
ekvdaykujjvill 3781188088 2240677142 8725780376 1668521090 7745580126 8689416451
gjomporayoeelhwebczhduyrjqzfp 7399205129 4608011095 1911632152 6051694536 3526677 817945358
asc 4847191242 2098841777 2604076852 3506312269 3371029531 9316064293
svkqwyncpmflerztpdrsdxdtvg 3336850773 1133135513 9005838475 9001819714 9115525657 8487698845
yqvedqwhvefzuzzdkorcf 652847507 6006313725 5603715059 9624526729 858984329 7585990376
reabewjdclijzfseypugz 6304818444 9186752387 4463498955 3532521370 8194086501 8733382978
bpgx 2639495318 3728944886 702287598 5087375520 2386826767 3592241435
vxbggmetffwhldd 2057630718 8434314704 1386330232 7480780155 2002361689 8926884587
cxmackxgbokvtjbqfbbnekqcmvtl 791385070 5076702166 2722717872 1888211925 4011305856 5997457327
doravzafxtp 465689895 3357548354 7832081780 3447341113 8763306424 9684655086
wztkv 3323506665 8589029357 444923333 7154636242 7897743597 3496740146
lgtafuchxumqcelajhnb 9690262958 212865896 6612896470 2046798995 7260716507 9760037342
dmsfgmbgcnmvxr 356166577 4908021908 1743685835 6200259829 894697131 6913469743
gbzckmqiihmxfyhkxbhmb 7154510927 5450513341 7948214070 2526771688 2562789486 9957665555
vsaizdzpl 1416097448 7860352784 2544663732 919647746 2682525957 5759544242
tuneklbkgddmnzofimobbaggvmfqj 8209917015 2370269633 2526853102 3835692050 7312482720 2562554128
qklunxipg 9582399276 4013023037 8525239782 3173353000 2515339334 6148169341
vboeyymztox 9344731567 2252405126 1136406024 7587887507 9288708450 2551879157
dxrdnxdxudmavy 6511622095 5149654103 59167460 2897845605 7804307112 5941458837
nzldsikwm 2165817649 6602997970 4059107910 8681256873 3139674272 7570352361
sktpwesfviigergyr 2429827898 7733179660 5913746891 1700525960 456334720 7946752269
wtgnvpoivffavtor 7207550280 8490602071 8911855368 9566994071 4824438463 5300467826
emgrnhkpnach 3470466677 8977432691 9655518706 4662910392 7985622185 2844690424
m 2881178892 3226639831 9524057029 352453922 1371018212 9446805774
onaqivgnyxjkkptgkhxtuwwx 5465437746 644267280 4605241051 5975458402 5956637824 338738485
ymg 4575339626 1854799025 800528714 9037386541 6069154320 9078956285
diinlacsr 8462703619 9114494291 8505169090 7865411233 6295554295 9759977195
mbiaitivlvlpyrmtrtpipcjhg 2053162331 5065089063 5307647561 4240416896 163101267 540523531
gacpypwhobmhsdhvdpq 9847355383 3650048994 7821431915 7054392836 2423214550 42633432
aklwv 9863684407 236110789 6549502326 6766782280 6494575231 6532058926
jojkhqofdniqdhvisugnjtzvekb 5984034116 4071451669 3801560208 8695420868 7016202729 3604953618
dhgtv 5495048175 334485118 1566794059 6299978471 8368261694 3313663372
ombmcowzwvjdswtwiqfhdg 2777131906 4318761464 8041987284 4389366413 1493617860 9226668197
dyxejwtifonolmsipldiqsggbffw 3444229899 363269461 1594749092 5369113384 8172047838 4248389351
yrk 4461210855 9545865375 4392612776 8468785690 8055661226 5508438071
ioazfvdewrqfvqkmjea 262803988 4951590848 4057332603 4550400347 4981409607 6120462775
gqosqelqgftlgjegfbigytrtd 7287598074 1517083921 6535277386 5262444364 5266163188 8930306300
dhbbwhtcfecrlzukfczynandvxdcto 5960521410 9515605745 2153557893 605366876 8512152400 3812736638
eerkoqnylntoru 564122003 131715132 6520273379 9516742727 6774690621 8895331014
gzofw 908241941 7196296686 9707704306 2939996753 8357966054 9015679208
lqviluaqx 1733479053 7896282285 8929769194 2550639953 9814896249 6451204261
kdfvyyuqjbnbryp 4579024466 4492497773 8808777312 3388160889 2459022357 9665589507
slbziwzxlarvmhtxkmt 4841731355 9095886847 8159303062 8058567389 5594276692 3626810376
ssjbrqxaxewvoupzydfvvle 3100950144 157938291 6055552220 9879334730 7195109474 8772623083
mbnozjbnkzklueolkqibodx 2851953330 6285212622 2568256878 3751212626 7606537335 6502314909
fgwykemnuvbkuwmdsr 6667513366 4518979395 9952065046 6044742361 3381562139 4199601784
nalvcbfp 3799056893 3526364503 8947496478 8236941957 6251258114 7250513486
ykkdhjvcpj 5361184796 9895115083 7164423222 6247702037 7768512420 4790474697
kamalcwqltoadyc 8760348271 8544871170 3887117952 6697027992 8936590808 8443818577
psnhryxtbysjqziioysq 2893015395 7267191560 8953334859 8893097317 8403751993 3022681892
wyelvqjizygnunibnxqymhcixfqpzp 6032376142 4656812305 5199520799 3995729736 4069214401 6915390345
ntilqocyrgpei 2145913561 9738698149 1137756415 177529386 4416761140 70570207
qlmbigpcyhmznjrgfy 758154105 7939182836 6562779361 9891670494 5001807398 4394571970
zvzonpp 4231498803 9673366725 1423588212 5685855912 6416227908 5817396432
asxbrdflqoasvlhdukjn 2539848561 5672238040 1996558580 7979846570 6111799409 8005918564
izaajraknzq 4030193871 3667712194 6847353125 8421453281 2765642460 3941344256
yttpdenrwh 5300548747 8576709516 3667584769 7893991884 7726186296 5527759605
lsxkcxcugeof 9881490126 7730032382 1438315163 8976686510 9511322957 726374960
tvpcniq 3824738372 1800420877 6843943840 9136911144 9585708572 8050365430
pvstggeaqqvt 3226077810 4187782772 9993507997 6606709814 7684486771 5711617957
vs 10617692 7977970355 9577248267 4681788828 3957704418 6355438755
nwbadpvtzjpj 5573810822 1933122968 8088656205 8963859120 1083757750 2693402836
svhnynmseirnxaujdllpks 8908428713 9993794477 1888980561 3200368516 9360468348 6957785244
yfpupqpqflfjojqfcqmmdqgvfa 5181226613 2641833852 1113995929 3181542513 466753111 931919771
qh 97459084 1323059098 9872081969 424291328 4152961272 9306661813
bnaueefgnswsgxfcijnbrqhlc 4269619625 7563684377 6227508245 1865671333 6339169237 8689890811
bjzbkplbqpivdiwlmzybofgivmu 3870413733 8006471862 4191127262 2733767942 5972232236 7138440471
vybvexxlcymf 9499426364 2382723743 659097372 4358317031 2227046575 4443523892
vawmajjjpxwxujctoobsp 4047357823 8434247895 9974185597 9593154167 8166926849 4403866629
ewgdpddtpcwpt 3738946617 1483863848 7777766603 6382421483 3452661151 5256406939
yrqjgszvmhbggniyib 32453482 5171098795 6036738567 5915887566 7978776704 9562331783
tnroiltwaivr 5925190244 7737507037 8749850570 9858024668 3006752628 6894899126
qefpqiqgco 9955221266 7048262500 5762786674 841635249 3264977771 1342219575
awcegu 8011909694 9626865953 2469886899 9299617337 6119570027 6288959894
gnoaidhlqzjzihosakxhf 4404084407 9680223105 9790549007 5746390098 5032877124 4310527241
cogygutiohauumwtu 3634634052 4193010082 9736720797 1760867432 8580477125 3905248899
rrylohryqwmhvatpmr 6363458237 8432918722 1909915604 1581650549 1974413092 3776601798
encyukrqnuycdgsg 2194798155 1860569005 9375955218 3787107046 740627175 1499721860
qkrdhpdfotuwgwxknptdhji 7506667967 9676870201 4276088829 3851698706 541256992 6673975939
wusaisplznmrapzxzvdd 4574815208 7732407859 4175870143 1267608789 9455480871 9554836821
wonxhdbriaanpwfrefnzowcnkwr 3975495007 3902807094 6178607311 2688393509 9892633391 8120922902
tqigjsajjsqlmua 2643213104 3404484337 3107456445 6448821775 3983710030 8481875817
gbadmvitwurhzyxribejnwhcagepi 6193165814 7959008414 2177216401 5570779681 5276296560 2354495514
ufyivrnz 4093720241 3752487925 3340218914 676377388 9056292085 8381779109
bmrcufdfanzfzvwspqgdwsctv 7111109593 3288711835 425812765 1262203164 6069173735 1664452600
zksnjmiyfqszye 6984448440 4479747936 1043924773 1677813841 8964366313 3808276840
tprsotrnad 1580833653 2602593738 452957052 5500520605 5807685131 7822618042
gkv 4603089401 8491292781 3882483439 379614071 586690743 2564996868
wwfjzjjmopqpilmn 6270776762 8915452903 1552212126 1877372775 1078776190 7309855681
rjpydnbuw 981306225 2371832447 459665742 4371283435 787301502 1093615262
gsnvpruhrfyferwnhqcymvpszz 4714013650 8307881404 8257835552 5180390199 4121210844 4386987070
bowktzgwolhm 516266027 8395822831 2767379491 3185847304 4561244806 3473010217
zhqyiewynsgtamfzvbgqwxhtb 5676208459 1142839237 8141112468 9247583760 402689079 4737618977
ppaehhassvuxmvwh 1729526696 2585666745 6915738522 4560274688 4691014046 6449766180
fxvdfptwxksx 5074219082 5773692459 9359888109 7096068047 7291867779 7029985913
uzrfglvmizqullfrumttnrjjwdp 5203256524 5359492867 5090178135 770985630 1498592681 9258268067
razf 2154278823 4024419246 1028621135 7737652780 3235382313 301556649
zwjutyiqyxtsdadfhaold 9181026784 8272848025 7784381755 8735292 2537769463 4264018164
kcqgn 9554695927 8904319562 8548543411 1681730918 8578475636 1564292412
qicdahpzka 3205192101 8259024904 9898801928 9563812199 6768654679 2676694132
ofxztsleopsjceewpmrkxlnoebtni 4231519338 2138716393 8547281957 5651280107 9333865647 460084182
qxxbhthwsmuujhfnqvzqhuhz 485129128 9610639788 7273076054 5336621535 5891097242 8729861830
uwxezernhagwsb 2016649963 2153764722 4024559403 6500685724 3806991896 6165042015
lsfej 3450375073 3720468735 1636647633 5870374671 7085962390 5812142905
sfezgorcqkapocaovjz 2806373662 2147638109 9685358728 4724486899 9026795366 6047942867
bixqsbncrygy 4139974323 7312435248 1815425831 8721739917 6422999996 9060032258
a 6044325617 2811991023 264202122 9284031903 9409711632 5832289224
y 1714101230 1544035497 7323325223 2541950406 641295201 885448179
llkuxfrllvvmqlk 7266398182 5136745068 903957573 7754426925 4000559462 7193070006
ddbocfykiflwfdhcqncziyekwyyk 3446299806 6949382126 7196050466 9735011460 6893063000 8811488229
phphjwjxvtfrlyndtglblnddbtd 6016125822 5537881155 8349856934 9007045707 987535264 838454699
ljhwculkx 3064442362 2717430620 2090498510 1991280908 5363808791 8827756449
ckbbtvaytzvk 3417597487 8292067474 4854171647 9793264143 8979528525 1183295041
hisfhvxpbvg 1255774176 3262849045 1276672798 4363846507 8441649184 2252018323
rwciy 4108957996 8943584546 3259256183 1682971360 3762497697 2715444440
rgihvwbfsubijpdka 7536180661 447378233 8190016670 2861758348 2305844456 9797826936
kaaropmzngrmzajpgtbbwuz 2093079386 6968158321 1736440459 836799377 6917657259 8087553656
nhn 506075929 6147425682 8690589361 5778316661 2439369734 3198159886
hqlilfzikd 3352996678 6534946297 105513385 53906123 8787741762 3836130623
olrviddpzm 4775077970 7139018700 5091522216 154256109 3642607153 2322991401
eydpkgnqlorl 9808219920 702067506 6544305987 437535179 2818629147 1436306381
oii 7534902209 2484142185 6372713244 1894812318 7635016019 4254119652
uufvetzgv 9354047546 6812701297 3820151151 8858467575 1282126328 9144878055
hlmdwderxmj 5894670034 2752870848 786725055 1116285817 7278898357 243456763
xghlzmmourujlyzget 5329524715 9227928321 7934757671 7171869210 3801724324 3765847101
yfeycrs 7665094697 503596505 1292376614 3291874469 5844141305 6881381511
wuipvsrpjqrbqtkzna 5800702390 9839122143 9271308466 9855932467 9956656854 1091809190
fkodkccjdwqm 3287772675 2469046288 6917528121 1698172574 2555092734 9139641945
pmmbhlznleusefjpsnrvcxaifww 8524373186 7046839983 6967350155 8391097833 5530606994 9331193163
tksjfyxbjuuaswntnnqkuiyld 5053073219 5858674631 4256076691 7532884226 1920478484 5228692366
qnkrbptlaubkq 1373470305 74809704 1309316642 3286530613 8699921827 1325488902
drmgttqbhciffk 1634888182 4088399719 2845194576 880934204 4044546151 6422232227
zsyldcbatmjabthkqyeg 358835418 7606736765 6454284590 8185923623 7622211904 8792239710
vpdq 1292761590 1086555588 6147359308 8450302836 6252383244 9152109555
sgt 8173075612 7790312489 6731832179 4947583696 4489728279 5198721440
zqbbxvijvfbodavucaxcrwn 5851697270 8100307464 6277740075 2680551546 2934619017 1764642721
uhqfyuxnigfrchrutcdrjnttmy 5410745651 646929536 4163637609 3994148702 3152923036 3177868679
degpuyrnoib 9767192637 2639684318 5471019293 1446144688 526489146 4354800107
lgr 4285106377 3857262394 2660710288 565178477 7898119620 7642144709
pqmqbczsvdqbpwbwarexcdpiv 4217826475 5846757896 572742681 8133317607 7983508982 7057575225
irbrhztrftyyrcgcbwivskpuf 765225380 8762007225 5617929149 4781246480 9879228563 6932701568
zinadygzhwrdsvtyxkb 5239984130 2165402284 8568814101 8363375547 761120 76278230
oesdcmmdkjhzpupht 5598205463 5223713950 8322811226 1641056787 5056965617 1460309608
tzsnq 7429076550 3712444448 1332754162 2066955365 545074803 7565358820
jevxrayraxoehiyx 7659836501 1739787378 4730213011 6223494845 3290041715 2351177840
bargtlfqgrobkefvwqizsolkmuk 678868170 1213922734 6373871232 7982919030 8029137042 7260769124
zqrtyosc 4492986387 878376214 9726924047 9454415257 2451310218 1604932628
bkscqhcnojhafeduhzqfa 6815301353 3770544779 7410499957 1962186306 653840719 8463757773
zhfnsrmuwvywsdibhvcyiheomgbhw 4746558945 9728000544 3019880652 823361500 4107873637 203652472
vwzznwzgvlkwhnlbbeposgdef 5803464957 1054339040 4070979199 700961867 1079942648 2634385894
grodzgoctlsltevj 5518866169 608423609 9228995953 6398297569 8407666241 1480009358
ajknikutbhrpsmewixliozoamk 7466123189 3813878962 3941060114 8709443427 3662369040 3438939425
zcgymvvuhtpungyshlpqxtgj 4337774317 8784398350 650362639 3386828008 5356046306 3859196669
gzuxvsaqfdfzjgibtxa 4349486672 1778351033 2529950726 8441245488 4990269375 6620807733
gdxuujijimqbmuuds 675999892 1355573144 4477854601 6330271200 7644444170 9833473902
taulwblxdmidgnvurkfevcjjjfv 4506671315 2201128099 7518211559 1565411912 9423190205 4527284825
aqmxtmbryoqjwtkbotnclqtdjncxrc 5503448891 4864972308 5030919066 4792338840 6609133302 6709789967
nagsbpupe 9541559204 7371400218 2879245021 3357028003 5698500746 5525145922
ilzmavvxtyvtdcty 9419505661 8475115125 3733611940 8117071803 7751700896 9290096108
brtkdtmnkkxik 3265535458 5447806306 6132125116 2114087410 8507472872 4875732910
drubdh 386697097 4804969402 5224703293 9481063994 5543815381 5200592436
eye 9766851107 5930899153 8087035797 1377408967 197176526 915686934
qqkhjnevfcubsnolxqdtibwbdms 1003166694 1702586520 7050934913 9052906117 8967399879 80299890
fidfjv 6577115186 8991669484 8985602480 4537036829 2452627851 8602342401
ktmkfvrsqoacjhoox 2604919073 5347393819 2905287553 4598163655 9407339032 2270982307
jcjpmwq 8941693859 6711242236 7916912262 9152700605 5948380331 1633198086
wiawldcfcog 9279798698 8132772810 5319373158 7331099409 1117363283 5019592238
camkfxcugnat 4960558240 4062251353 3806039333 1997552257 7531027620 4436764397
jvovyomxag 9103694983 3773681093 3103838283 1214740244 1520763690 8511047945
icbcjiccljnzud 8563383191 8175288011 6125402801 5453535013 9503840006 6357484334
bozytzzqnsuwylymhzfpqluunnevqc 2575469661 7015726669 1652928529 5248774866 4086113747 4293291189
cowtmxcua 7917473349 6084211743 1770305101 1443383598 4032033507 2320305727
pyp 9330627364 6191233799 489128020 560167006 434188676 838222110
etclju 939349943 3731996753 1268507302 578393730 7571926962 7160884272
oforvyakyubilch 3754760404 3674490740 2121056941 7324252215 685781493 1101237206
wuojufgbelaonkfomyhwavqtkxz 7090604022 2544187094 2659724269 1632737456 5549514315 4645277605
ouofzi 8096316069 2032502020 9422572524 694479905 1851142812 998745418
ikpswveqosd 5585884339 4339913952 4984424504 9824247959 6273742228 6978390434
rrhshikej 8094251344 2349211697 5313286538 6855117 3290274223 1717179014
gaylwucwyvmjaqaqr 4525652335 750828227 5362348198 1688229892 5267047334 6313311956
zrwwskma 989654013 5820304041 8530478269 1550519942 5939329323 8698644926
cwle 3288606379 9656185769 4119664267 9574997393 6830477872 6424085456
qbbcihhmwsrrntzjnlazuqacy 9081425207 272333564 2729643066 2158811437 8101891820 6017519731
dapcuftvqdlfzfhxeemitrjcmfv 1778439574 8417715557 1339704349 9983482141 8732985447 292336470
dgtjmg 3714633873 9754064774 3035691419 8775515751 5144907566 6668917807
lwnbscrhuyaeeaxpkrhqsjxe 4816863034 1910794335 5565731350 7062391958 8424239224 7883576883
tn 4756171953 7779558288 4489067266 7988937941 3417575207 7034109368
tubbi 8109590601 2498835861 1175210025 5667043256 5117582405 7851893492
tjnm 9215848661 3171667880 590831857 9301789322 127504724 7469607011
jtpd 3784247710 9185699918 5173566674 7354129437 1474516647 7312121965
flasgorgrofbcdxyuhpjythnz 9712084716 1761259366 7348013898 6617791502 761976057 585774375
k 8508931998 4206312022 6821439833 7628331692 1444359140 5156491656
zzd 8959878039 7441604679 8855302727 4076278353 3933141889 4337456277
btglzbnlappfnzeqicgzqalo 5647421983 7278578363 4612936734 3623812019 7072495331 6668127829
osbdgcfzinsghfcmbgvhjrpkilpzg 374730979 2259037658 4521418040 4953981135 254535737 8543269330
obxxspm 4791787362 640069797 4663432101 8210279248 6787901491 396676185
ksqazonsumenqfttvjbrnnqjy 7239743666 7340108738 5558261354 5878556528 7022262124 881829363
mhdtpp 7335432769 1830839569 2543954387 9257449586 815388204 2411715307
zzqer 3674091595 4512106298 9298217599 3061322409 4077760423 1782338261
vj 5509360471 5959130854 7015223401 1473367845 5930276299 8137508029
elnoernjnyvin 9869626705 2467962136 4289739996 2657045293 8270049434 6933586461
qlosubplcnsd 4501709324 4899617997 8967922946 2851200618 1782981416 7998033695
wqmyphy 1728350321 1258191666 6943619383 3696524619 4413879476 1379575824
kbjwzqcabpsev 2915393650 7524220545 2166797667 8315743802 4468253497 64136803
fdjoyojiogdlyexjihyiwvhqcqo 1137027431 4761664164 1762102969 9313098804 9556224391 351600357
ewv 5890927353 2653417036 4124689114 9655034722 9898578896 795013725
tuucbajobirctikuki 7656223555 2593639797 1880294187 197098143 4717076341 9105771288
z 7731286905 4941374202 5598638084 3254100461 9863520186 3804155381
hudteilitcwrdvitdchzngq 5379562394 653646123 4784028814 3362654183 4061505570 7091602525
fxsno 6812931704 3371102178 5803690367 5517005051 7416534323 6355247156
wqzptbwbusm 135019729 3197412889 9640692322 9399168422 5688477354 771427560
ytebigtunjmumzsuqykngixenmf 4951866729 2436234376 7481069816 170014223 5428076168 4006426105
yplfut 2053580909 8936221448 7689203822 2405132587 887923195 4342044649
uvhscqecosxrnpdpodpfqthij 6215897989 7423922345 1435887595 1882819780 2778557079 5471679166
bissoibgsztvnxqhwnsemsdhkzlwhh 6821610378 9223664901 5582662886 8764884961 9821086124 8479139172
hngbktaddmtfkdaoo 6433992605 7488722896 4075578544 6826422051 6736998067 2356061609
knmuzmcpoeu 5661790171 7883960245 3461915674 3829277021 1120172169 4031665970
wgyhsbdretmx 4350929758 3420254123 3833768979 2905397680 7580979866 1946801982
kwhiogklxmodmyfnhqj 9253506724 9667586196 4860567689 9399113041 881853895 337518707
wortihuitjcvqfbivyzjvo 8510186298 1157775741 3155295620 458927687 2460757844 5705252990
usswrdefdqigsvoecwcqeptkhwp 4407077534 7689173062 4301732677 9685619629 2945194501 6513451125
wbsiepeilqbzdumyqe 520269255 7192751288 1946612142 8219097635 9895176864 1505037242
kjqxezasvotrcgnwhou 4347224180 9509198253 644073947 9135093502 7198068416 8691358637
ebigh 5369475037 8025830520 6061834610 9246625157 4109285890 3999627951
hfwvbbnupamytqahyyqcughii 3939716493 6765192180 9869459519 2155258064 5947174534 6729666882
meuihnyjlqwwne 2901316812 2807589979 498192678 7433307968 9683317486 4777993787
muwsc 111126146 4439793986 76818074 2368762382 115254152 422715437
ynpzap 1447632396 6192751330 1515669194 6967127027 1679963551 2179830667
gsvkradalsbykaosjaza 5065143658 2972139630 3956552128 7544636434 7195138096 7662666373
mcvgbhuvkmjxvvudzfjbayry 4938642800 7275495857 4874127086 4900083555 4551645006 9792289644
nrbtmldyclkmztgmjnejmygteqolhx 5689931214 9475704621 9967121321 5821412850 1493767212 5377604983
cpufuoxv 8569007605 248879378 8797237125 640481896 4701735025 2738006975
nimmjpirerweuiwhtpphzrbgpqtj 6779493899 3319865681 2820184994 9236013175 4240341570 8376146631
bupvetteskrj 5296178936 3144241154 126035899 5810518748 6583468003 1889624244
edtvy 8358074191 6264083376 6702952225 1910390272 6611274623 1472994950
wbxkcnyqtpxa 6082127931 2656898383 415960009 3466673721 667523721 8108886278
ykjdzfywymym 8500083596 8202750952 926153347 2523304560 2640637791 6451548242
saceppsgvowimyyg 861779912 5652298155 5459716743 7174542228 3494049206 1508789392
ukvrhdwlhepsrblgrt 2579106920 6385394878 7383317420 3907507527 1338304356 7538782411
lqkkeblgj 4731263421 1472199191 6884366331 7861385754 5347142196 4575143669
xaxzhzlcmhyiphutwwjjkjnb 7858025495 8721053134 2341799721 6762992842 8129007935 7124284054
sdvytmawjlbszdpdxesirqruvjra 4796338675 3623338453 8074512605 9738823230 9849583937 2759306610
sccupivzftk 8748325203 457294511 1658271811 9564867021 4954055688 7449446320
oivnai 7506141730 4831434342 8714502526 5894719667 1972883520 1866733154
dekrrjyqbqogpl 2920166375 8143491412 8521154082 2769784382 6043445061 3924483731
tyxdqvoaygejyljyedphsuqavzhu 4119645635 5781264289 2721065111 9397475478 6592449829 8216377653
chqkxvhplfpfukwstglberzszhtmn 1735813252 5344587314 6269733048 2387777040 2469653079 1600056863
kxdkeah 3211998952 5138947984 3253823465 6937556151 8789980127 5133877792
kxlym 207532753 1065752910 5724472091 5886706676 3135378398 8126943847
owkaemzb 3825179680 6665458399 5844637874 9150245509 9614921423 7866835304
ftnunanokweotrunhbqkixoqzu 1847088621 4279954263 6785291356 2234450891 2826037266 4281335625
euxybbeq 1002155304 8380769114 6477747506 4820243917 6964117779 8473404276
vjqtnjfhpgthkzekwy 2377473659 6319608517 7814359209 7659331358 9373825144 6814968014
njxzobnbdej 7016015394 8825943397 5681199481 5162875239 623532748 2635784135
vbyaqeybynqlf 3318538063 7200130864 3517197041 9422176564 1833674722 8008450279
fytqjkadcxel 6615302699 6495856302 2356063559 9308306139 3338193909 1688109927
maiqwqxictqlln 1936686085 2187328463 2670672785 1543810673 9862455969 1862787391
slnhppcoubqfcysbwusfzk 3054036801 478133148 2173452311 2984323439 6036276342 5423615906
kkkawepjcalsmfmcyofhwi 7964830934 1102229704 1118719360 9019641253 1221277184 8358231542
lkmxklwff 3559691334 3234280018 4910378208 9199850736 5030505500 4458849263
qkk 9852312660 4976081938 2966381850 578415013 9486765537 4641246751
xtjweybyyqmavt 8214645105 296868437 3073995327 2475536326 2154827398 5083089050
sj 4095497666 2724890157 3850058982 4505102864 7660717687 5369500359
haydk 4986404209 6432032574 579791448 6849371688 5366556154 4609028635
fvgjmjmlxgwtnmjrcokk 428297679 4507009549 4546579195 7448258205 5408530440 3751445633
rzwgcanfaqmqvlimhluracpo 5839145147 3529421842 5102808450 2504452929 7353980252 1266159517
hl 3317859571 8358945774 1006003785 2470092933 8135330246 61194334
yvplgsmjosathulovddcxxmletmjmm 4493904826 2132149195 1011986340 6422630382 3136668170 9641194065
fiuhbeujcsayjeyxplij 6314189774 2573657327 8152829441 9872899682 5024746810 5591020567
agbxs 5477002303 6107158828 1526244504 8961933414 4530483555 570248655
fzm 343501145 8092295178 9497516403 2548339569 518779877 7122978303
pifsfzo 6606047662 8481832695 8896921207 687303058 9671587419 3225402666
eewrzscolb 13577269 2924456372 2735041325 6746510487 9508231595 57755895
mioomvaezsevofg 3010153566 5935545263 24719684 2153297289 9553462328 6913638865
wq 3415467622 4293664818 3079438269 9249596120 731692383 7333027995
dlfghlqgfypqhaawondbjtukdmdqw 165737478 9835263698 1960312735 3644082250 728270487 819062535
mxdyroghrwnyctyczbys 759346825 3823940489 1093051848 2960288261 5547076693 6195212380
onrcpzja 6251561350 3042185459 7216285041 2120160057 3958614526 1569681616
omhlulriix 5473378593 6639950968 216501331 4878067229 343231125 5757673698
hfflen 386426245 3991790311 2734095977 8802920436 2678037794 1097931730
zzfgiwuilzhtjuhqgrgkyigfae 8122949118 6747385257 1090110462 3336813312 400143726 5085059106
axfszygficwegqwwk 3010200667 2762581919 8703272240 2947255453 2628370354 789506990
pbvxyualwksutismqw 8673643630 8491828219 5079831218 5215115067 984805365 4287593091
xevowxzk 7803633527 7999177601 4221049129 5409101791 4989284142 2377960258
etmrgvpvrv 6224860863 7263556317 8180449660 8606028473 7885785307 9790796901
ypwrjxqnqrbgufrid 1114659962 8643299772 6009195125 9608929822 9700199221 1442920291
kxzftiiuvkuccudlnouoo 7381969466 1922311765 8666132064 2145935261 4443101943 9565238137
uhtvd 4868679909 451611029 4070771963 7423830926 3496931683 5707664408
gczklgmifwtrzvljfctdkjdxlmcig 4913432835 6660258748 7493130513 8852533558 5420982585 4657561249
japhzktkxtqsevvvjdl 2387552876 4242228330 4273099371 3409996752 8445256380 7607177827
vglapyvqf 7255341766 1202961550 9531738766 9909892069 9799624802 9858184555
pjlctg 3426818803 712136939 2384202879 2564026958 1450812971 8810722206
clqyfwawkzeltydxvyv 6779305520 5367367798 6214348563 2363881094 4728083960 8772692378
ggqxzftfwzezgdkkrhfktdmhtqdv 5062918620 5505623439 7068546595 4575640513 3359550326 3533321936
jjdatxvehvuntzuvbfmnjvsennucn 530675742 7052416103 6133725939 4154195405 1483930916 6933093736
ihlwhqilsiphzpltwwnqh 8821955694 7989228518 763864601 1206007112 7835174050 7558474185
aaorifcirxhctpchwrfglrpaphg 1372587037 1732036181 9510391956 309559275 1326335272 891757023
jffnalhmhfikegickwzbnrfp 1638805331 7901619847 7214417553 3045054270 5209825019 919770861
lgdh 137315580 6451941374 5270258514 5470612910 4607750343 1484969585
qyrgfraanuiov 8870141863 5697167258 2727024263 7457750803 4951480876 4152020854
xr 489974886 2200759333 5733433290 180352032 425386420 5634715555
werpvfdllq 1657222196 4989901656 4944725460 1023500803 2276340912 922844245
qglsesudlueixkl 7750576856 5332685742 3612375090 1594899149 6447177236 3176403223
ckwhilcyhyatyp 8444029803 9029922890 8098956675 7204430104 9756720585 3693600980
inelybq 899013119 1462988688 9152348465 3417761940 9337962868 3256914744
lrisqwioxwvayahnfwfl 1403644671 7607215676 7304625798 3347483994 3534742071 3833916327
ddiyt 3403514083 3939324956 1819386845 4948634760 5440119322 8841489441
uhvyiug 2910477729 6178223700 6503496726 431894210 5949382890 3326939613
lfbbkelwbjgqqrgfktrhrgctu 3366669981 3610981907 950745420 5163184734 9028891681 7799598881
zqoggptdxijfntxilwupxgqu 5018265508 5348419120 5139809390 4217718613 2019198048 1852882001
qjpvymqyebuoaog 6774105848 7174786598 3230084530 4703157112 1566194547 4909102989
su 6163492696 6119501880 7568069784 7632794313 6295309204 626254219
uwsetmzwguuqlggosbwi 9359424266 7870574221 1734394654 6556521537 9917664511 924625394
camukxdgykfrdyrtkiaeozzgu 4011174801 4522745179 6546467115 1354584187 9109008184 2887624339
iwekobrwvfx 2765040049 4730742088 1621937463 5045276874 4476260953 2600223741
vctxapcxqqfhivjqrwpp 1494694908 8410402806 7960387919 2600040902 7185598416 413605083
tikylstvxmzrrpchhucnidp 9282048794 4957560793 1290243726 2513917630 9551730982 1238069888
ftglfibkf 4673658999 9264977392 8149012833 1130753100 2980854690 5809168649
jsujumkbxxkhqxvmhgvmjlykfreruk 6493290420 8308551278 5030473091 3824460460 8238767405 6953997107
fudga 6043497413 2911544887 7873997311 6412273571 9918754575 1684277687
nphgqs 8622276048 2614377613 3839209035 414314108 2267705104 1407413203
dumtimdfe 5377805302 4981217180 8072753391 735678333 6968893286 92215915
vjqqbxtapxkszpeldgcwb 5306671256 5735349957 5121024851 8261173153 4070114867 3237216417
shkacqtkespjugjiieyivzpgnotoq 2069182929 9874217899 2079866221 9916037643 5699266877 8819885375
ox 868537275 1381766148 9524926737 7624501464 3457675431 7876993118
maa 8256598945 5808935378 6978691487 5926628683 6074867390 5270736457
mvqrbnrqyeyeouv 7944554465 4279965838 4105036527 6896064876 4916210992 6791916556
vautqq 787068536 3318708335 3161200758 4509351518 3844805453 3768878459
uoevkhpbzpbtnjbcwwjmsqfehe 8567958240 4160111998 5380655999 8292361083 3557804923 486409644
givlocushs 2256701778 270991905 6027650921 5420960226 2370434707 8138316722
axfwkbdcyyunurh 3459943498 7973350585 3693107464 9459688404 8252411696 4875765059
bmbsesojsruyacuekarqcwjrkgzq 7010944639 3133936620 7048675961 3531353144 5194225532 8374149037
twkpxj 6391803151 5615144502 1516516817 2337981809 9376407585 1796574514
gfkvckxghvbupxlpllhbzxodltpc 7056098981 1803313151 3140909777 5484310589 2533893919 8122943387
zh 5020082715 6238217415 3076972435 8842438202 5969031793 1549938665
etwhkfuprvudmppkyjrzsrdj 5343975583 3828095680 3473268158 9062713187 5208563113 8527416854
jws 2575550764 9982682126 769253612 2072342276 2878691953 8428087613
pfvpufglhblfeyezquykc 9838799729 3335915167 1424530262 769402490 3263496828 3765913619
dpytemwqdeew 6202797717 3632569074 5432594938 1844395701 2709615612 9169172225
eeswrhxdnbuacbiqsldn 1160250070 359980122 6453879021 1441502313 3757211040 4330086168
mlgvutyxqpxhbxhppb 7600793079 8327115228 2556709564 4373241767 45354526 9216630001
pvoeazlknqovuxidpndwik 9418784659 7606956939 6124572156 9960145575 2809535811 5734559439
avll 9905748242 3011805625 4936570023 7884769144 6529152727 2528669524
glnugpuhuxkljiahqydj 2119167764 3980687242 2436935122 1299199955 1081464386 2940259138
hrmsdnlbglxxgifz 1486141736 8808310995 4179201633 8848170659 4922216286 7490061853
kkrdsvonahl 4705379336 7389515489 8980377476 7275725161 9367393513 4298472140
ewlcrcbukkmtdqoyktct 2485786691 6914097695 8788017732 7350617160 8239429499 4222559391
rbgfqjfdtzca 8454851943 3515386197 6205155436 6421532335 1927621259 3285593727
amhpvhdbosyclmqjsqdsbt 3554331724 6011628194 5309981914 4913808065 6478083996 7271912661
ebhfvejdqagntxheyf 7002250521 2310766863 1343115030 3389361484 9573740823 1698916284
vgwnnmlmohhqmnqhnzhwzkqgodu 8245602483 4473715429 1228159161 3764539501 8308699093 2268589748
wz 2782771551 14834242 7172668258 8238826890 2341825636 4321694371
bgf 1042707709 7895729856 3916973099 3221829606 8388028277 5715948227
jesteieevrqj 8132204203 1443262582 9926768803 1816430219 2848073418 2341118694
vwagfrbzmspezxfzgwshgyugqqarh 1884847909 3666998561 9049758984 6451027160 2682863288 3553743311
cyjehprcohybugknlzvy 2665765109 5206333912 1183669929 5250570669 6118842282 1015721531
ksqoqubxhljagzdgpujocipi 5424282993 1412882834 4357966155 9360720463 4359263078 6576506921
dao 8879979456 3347988079 1558762957 9326632119 9821770767 6239120844
ypgmthfrrdlluphovj 9032926636 1195653774 588624876 2881157013 1395347773 9155462467
eloyzsibw 1681650198 6673815196 5431810921 3188861378 396949252 4734910280
fbyhuirwjaiylueqf 7806556171 356428101 891467775 263272817 4116816679 2019287886
sdszkcsnaimekkewmyxa 4745221614 7748890091 5797406425 1434895452 5596868087 3642883869
gwhdynsmhxpmkptzx 7480635862 4812071677 2689349100 2375317476 6332863721 93175317
hpxtsrudmwfgmmatudeds 7234607786 5196730991 6617497293 4225435627 2391135710 7219681697
gygwlksgfutbth 7275274529 1490112269 2345383984 6249462328 7666178744 2577282086
jxstnlbvvcbzqrndope 8497824431 5518563471 6783346207 6525704093 1076728662 1277329469
mngjguyrnrjhqezlbnlj 4227847353 5391346360 2637482019 5343654704 7024239042 4564802571
tlbixnqdcpmlzuqtdiparqpnh 5852527708 2177454577 4960292687 26965929 1756793922 9821036563
npuxvgsb 8550331422 7513968031 6185728882 4134386406 7950112928 7556532532
qkbp 1527826600 6154779260 8192217957 4665533073 8110800823 3123008662
b 5964418142 8554685022 4550322418 4743925755 5819508473 222942137
pwfzinjrnpsaqapfjdw 9212504951 7586863891 9183613412 5963310052 5576090260 2181920424
olgkvecudaqdpopfy 7820984353 7921427647 2727544839 9330954519 4516821983 696409901
kovadahyoyo 8482053240 4427549162 7655680362 9658084966 6695651396 1168084580
nuwxma 3101513521 8148900256 2218514046 8936447424 6326450739 7545410125
ulvivmpkomkvdgdwpfibmwbrobl 6636672229 1357803528 88898910 6273403160 5459206218 7042245116
eoumoplpzwsjckjplvnqrruvqfal 8127582267 1302361732 2730221981 7377015166 3316653909 8389093520
qkzpdgkxnbcyqlnufuzg 2179686326 376405819 9518018974 5397009152 4974459997 4061313146
pjujbpgmwzuwyflzt 9970534668 6386665376 2890636296 7615825612 1471759624 2854831292
frpjbfgdktvnlrbipfuruzqdnv 2300555598 3656109437 2836447211 2493477586 8752633768 347253064
wuas 8156989439 5146726201 4119405468 7816611322 244533355 262943401
rgwozwjorjkkbpvsqkx 8298955036 9337592757 7295511162 70795295 5277163065 4095716378
gbjdtcfvibtljifejqnxrbyoryu 6306835839 7952226211 8992973452 4999155784 54034747 2041965343
bavgutpykkorwiaxvlzpwzeafx 7896144927 1958884201 550105210 9952301384 8346714482 8338917407
cccsexbjfkitqd 818892337 1703508953 6077675937 5865047712 8545310728 4434451765
jnslwtwncpzbvsniuhebpdxlbbrggo 1827129628 1180848978 9705735676 4274526917 1943434181 5452627629
tlbxej 7635417897 7877253561 7276654365 6950379917 3155783413 8547455474
wxpw 3991860379 5369711085 4362995265 9638119497 8074609374 5810059298
eodzkhypvdpjjnwujikjyaoyfzen 470178367 949660869 1246192870 9787459263 2699211535 2233460232
ucxxxhcj 9766010480 435473815 6634017358 1583182271 9170690683 9135803730
cbsnfycbiefqjz 4675789425 5491524719 7384345277 1220488919 4281616135 1656686679
lkwrwjrvgjrukpsmkxdiizqvdna 5831609196 9100495090 7521473071 5241986246 3194886704 2200872197
efcivwfuzkwfsefxwmaskmxlh 154572978 4223699788 9279486790 4420568640 3904577593 9706331940
lwuvqcqtgjpviomxmwixour 7085096425 1485364093 3904191936 2641171613 9629309614 2525285641
cjtvrgydsxmkpwpizbibwjeldnhnn 4383176764 9253121928 4328689225 2483256443 9589828906 3662443290
rslgshwfwekrczscivvv 1815113700 4549615110 3664498538 7682177825 7949914636 4717543540
qwrxufhozvmqifhp 2724723968 4578674370 7495588777 3767318711 4775084317 5701765765
xbvqzmeacp 5414622621 5512706458 8220880445 6322796224 7087244290 3980699390
hfrwswuknrnoi 7743278177 9762834605 1874672266 6346192412 7084554453 6950050330
fxnfahbkmeclxqmtvslg 5401703695 2906080284 1895609041 1914371030 4692249204 152655482
ux 2213918615 2409177451 6863684015 8094069411 3368624185 8843937912
zqkwzimamifzbkiaamh 6470652132 8370015801 6150459326 4018318777 8786229358 5423681508
aaicfdpfytobpucwxtp 1937742344 767453272 6318110947 9016405220 6135672792 4559689594
hjnmntkomwfeouownws 3679757087 2709371266 3764683558 3332276408 1571200654 9587056936
niexmxjrpul 4324621993 7407092907 4071477514 3460045969 9165042306 8197661739
wlitrjwenwhqoixazezyhkcgjptxyj 4704412450 1060205395 3507914503 5600330058 5811757214 8329118420
ptpoqdnkrajqmvsdzyeab 6997563056 456643149 2652443404 1801056693 1193668743 280573756
wjoehzkzasnwixjdzl 8343977064 4294660482 9776684443 3563412262 8271769165 2652893629
rcnwrhbzcwxhbixutwgovqzpuvubq 7401024678 400766010 2914459668 4108724015 6109910959 4930250840
mzgijt 6168062095 7004376018 4016767484 8125103476 2199017913 1054887666
ckzipcudgqbdi 9561576643 7858083333 7616015171 2122100186 6066622796 6831670237
mijxt 7322695682 6553094419 5544563194 7964708221 1798136352 537480709
qbyqde 7752787537 1132284777 749256880 650841890 341534340 4774774388
rqaglidluiaiszjzljcjt 3089075171 2777013787 8609258734 823619918 6016989666 7939786458
hmsd 8857249889 1635560646 6612044542 5224989099 7626523051 3183660007
vsrhhgorxvjoqbjfvatvfovyzlna 7797386177 3936826710 203520022 9622626232 6793898563 9407709612
qeufaeqvri 5697167867 527558068 8253259484 9468725897 2718365545 3599390446
kldgcqa 6145431178 1488281806 9233979264 2436954164 8172864091 3099336409
houeubnrvnifcsbfjswhisqhcly 2520943720 1094705023 3993456249 3261041199 312086775 4576818193
torl 3856577487 4138490501 2203802314 7162483431 7391233228 8434673646
xuaiaetidzcpphahriuywhcohl 1186719264 8513880088 3232708979 1271617845 8764027232 887447349
bbnkvop 8933799365 493093936 3538133393 9450709523 7178996525 4349152996
yixhrdrruvkdvxnmn 2374843623 1701054577 8704771659 923148794 5295276559 1289506375
jtuaxcmsryb 4526354725 9374796260 99231264 6171669159 81181203 9098200365
aeuyhqlwvyanhoslxdr 389749117 939666956 1721436422 9231688317 1147123141 8433038204
rfrirhitunxtcooayiohqrujthw 1622902628 7606658560 9291626222 6283186894 624569654 5185563616
cjfamohiqoqefhezvm 2777742438 9915136089 9773240748 9314520207 678702661 4711962323
lwshmutflglgejqaex 419633800 6703942992 8448644239 6541439587 9597235109 4950980774
aoofrkvtsjwtkwxqulfetfopt 7090722298 1651054058 2112436617 9630428961 2313025445 4056696597
gugmdxbriposladijsaejuncldt 3284249854 2506179813 9920156917 981977081 6594154287 5253166579
v 6666861805 4649249861 8641406220 2230142083 1591094364 1780073997
scgtulpgslqxbxwpsw 9746397870 5306531184 1447437451 531978879 2304422344 3521977533
rfhplawyxhtygpczfjejjpmrgb 5277799058 8280040951 564467340 445106272 7384828434 2645923103
noloqhczgsihbbyxnoumdldev 4892423582 2498403202 5014509323 2483663851 775359331 2229014529
filqdnchvsev 6907903185 5150647765 7833284650 1530648508 1548031559 1323828851
lulyftsgqzfthhmpxdfizcqjyeozk 6927083602 1159663124 9406401487 8865415511 4086066878 4538806173
izl 1784694432 2798871705 8425860683 5804966951 9950654801 9325226430
dij 7487111511 4332693442 2183227196 7991323481 7497753827 553111737
exxmgssoatubqy 3070512282 7615788112 7946353905 788283548 8945122131 8385120881
gwknp 9551305149 2033920193 5695031984 4651479285 2220420532 1148770520
pflfvadgchfryzvrqvymngkvpw 354045575 395338883 4917732122 6746882005 5854500474 2060370222
nspfjaygmxwiv 2489068352 6239331955 9115859103 1524512548 5445253326 4934912848
vmzvclzdgbplzya 6246346827 5340358194 7461533288 8884648333 5050812880 5059606368
xumcwdtqadfrzvryiyfpakce 1924099872 8242902699 4266507149 7450487621 3239349253 3318245949
ktcjkotcwirgj 989476221 2723695825 818779516 1200116186 2607809101 3501510163
lg 3662195734 6872721799 7223963604 7196424558 1284153535 9065509034
feegifdidwsrfnwfpfqsofzvjeua 7026933248 9709751635 2363344989 7739915955 2366022734 8917296644
jrksrytpnrhkhdiklnlktmanu 5941889592 7075021629 381516444 2278348210 1261262181 5090091762
rdukgno 963544605 4085869708 1393853706 8629911774 4538959982 4369911141
zbla 2713928220 339188128 727060006 3272910080 6949002251 2465191578
wwokwdsluq 4258503753 1834685940 5062442609 853204917 4717782487 2556570576
wlvmcslnl 2540338063 1337228251 9648130121 858266978 3790473286 9878785776
limfhbu 6348762317 1597657111 9308492399 7269572345 6297858539 3192930982
dyyjcbnxafturetlthjqqbbd 3026111148 8989058306 7550713004 5568043891 8828495573 896077291
jsktkwvomxdqmhvntlxencurua 4690994531 7136649567 4612697059 1833796124 2954074683 346300665
qzpllvngj 9456297322 4940369689 2994896373 4923845853 4475178205 482965029
eehetplkrimbjjtmlcsuc 5438872450 2894594205 771603391 4370735905 9832818556 9691957750
onffuoxvpjfxiloaoemqyqfy 8508561685 8152715515 903938340 1230926701 9593584696 8269486452
goqivhlqekotiyziuhmxcreodo 6138399769 7687866943 2715023756 4602882884 2607052716 910774348
wbylb 3546027707 955858707 7694352308 3878261438 4816239571 2995060544
ydujjrf 7927574733 7432186655 648484132 2401523849 2456919987 1627988394
ryvlrnnyeogqzchamwrzmvabixvb 7067494578 9500305577 2903117427 6478410716 5909984741 477758637
jurzlukkbwmdbklvzugasmsdypgyy 9267663621 9610465473 2500141606 9445540616 2391834932 6412102689
mzcjwrzdgo 8401879954 73343363 7054139737 1614207966 9318963544 6287716101
gyyylvxwgq 6211882058 9935187969 4786366292 6622252055 6121032097 7409537748
ztuvastvphktvrcnncxpovkljytz 681007634 2204791810 4109609200 4328434755 7777267665 4080193190
rycuyqllkgxdndvgfdsrqri 5633300592 5339535573 9582450179 1592603437 4908055419 2184799453
hh 509626176 9889065889 3892908188 9799297791 1080058362 1256675000
wzipf 7687300938 7050611945 294672247 1968395288 510691010 9267563353
yeaahc 6573805805 3588040382 5348244075 888657779 7736730620 5272805723
xlqxn 2074931438 3054769020 7377211616 1512135591 3411361973 2777224171
hhpbqjirtygfzf 9688629253 7954597429 5418198014 7431599597 7301959351 6499825291
wo 9402019635 759169044 7022170298 9670488468 5084014508 4302093249
hnotszbtpgicc 6483360623 3429625701 673890291 1255077833 690228019 7071584055
xwhgjflamylmz 4094920523 8085364667 1173227168 8590185397 1022047327 2954569287
vlonrpnslecipqnrxrhkzewlmhfzok 2057034674 4015636129 9623486951 8970008854 6726712317 9612089024
xnvgwlddqhbl 8937291944 4599813302 5973217687 6540653931 7667846204 3205248834
clecwjvnylpixzuufkmcllfll 3509683940 8618042848 2853278932 8575323252 7572149930 5138932367
zkmdlvjey 3333303736 3592888216 7953192448 2380508424 1238002566 4718085206
wlhldpjiaeginwpzqycrxghpnfziq 6264175785 9370556018 5821589667 5844132695 3481597014 5775843670
hn 7881206120 1262085978 2905277559 2355442832 9729314705 8965341519
yk 8540909814 7324015769 5229274556 2331304679 8616739318 5182991823
uqtgcsbjinkplj 6757193879 336772045 1453923312 8102948248 1119177985 3895226701
eyagtpnhjkrwpgz 6232377886 3778395317 4431597437 8648380698 4328683572 7826563746
edgxaxulrtusrqfxbzt 6763023873 2600945447 7849897377 3264677470 939994723 356741908
ujalmofisz 746867875 4375585781 6334780923 4395914688 4462933662 7359525022
sxm 7681851806 7827146622 4458635037 5570161856 1010741595 2355410696
yx 6150348345 2845968976 3636545784 9824945761 8810505591 4473369954
orxsufraapqhgaosnckprjza 2815279285 5628769761 3799337979 1655981429 8149857928 7520198071
rs 9132839131 2014672456 6123467189 3918463473 5838917576 5606050814
tru 1240608372 1669686154 2813465732 3222377243 7172120458 4406071775
ouppymgexaajztduriafjx 5960343907 1323796708 3028995804 9140364389 4284040623 5854171567
ms 4430822806 539219514 301038332 5404686347 6388202216 9438298286
zmu 4645677752 2714788528 5184501755 4593535691 5068575916 2337918118
xmerrvntwwedmdtimculmqbqueoy 9420828364 4407160530 8160431207 1449870784 6179113172 8423701955
vfmosoou 8081296023 240530348 6861719457 6760345132 335180787 8105092586
qdjptzhgrepydtoelqfnuquqny 8681999958 9317647672 202105845 1938801941 2008746051 5610762642
ummvadncx 4824490626 3239602456 808485012 367959822 5142032721 1436004741
er 3283100659 9662376561 8878995894 1882852002 2466262965 7274564551
mkkbwiektqkahvnwth 8610089329 8305570520 2020674204 1227548595 9565888931 1123867008
dnzbpvygahsjkxli 769150871 5992747805 286016925 5048736726 596073965 6734249414
trtcstif 5488058728 1622031859 6271763930 8140574022 4592465270 4955731120
giveussgodxrhsscgqmbkbloizmbuk 2480844076 1887200521 1228452196 1828442050 2876674261 3579768164
p 8743174186 509559371 8337455974 2147011128 4246217038 6206891282
jaormwavitby 6765619013 2084119982 9043718601 4871458045 4750623817 1691367979
gacbymffrurjomsuftkhg 6451189956 1243555861 2206318165 8509477360 8921380153 1487074151
vezlksdwghku 4697515465 6522345654 5183290237 5534436430 4586465675 8379387865
tlwadzsucdnuek 4660705201 9352436288 1358414579 9883895825 823385658 2739621758
xjoihdhpcqvcdcwd 3526455609 3300452573 7321316864 3978776693 9369400479 653581584
mjhxhdcanmhjkjztndv 762189180 8693436783 1422405630 8121454373 1814538016 6595269168
uaufuca 118607785 7872614482 1953749732 6459535216 5271042396 4250322499
krbouajwpsmriorpsj 6615391463 6628744770 187626167 7078263021 6780102179 5620003923
jcygdxnxtjmeusgncidzt 2128008191 6042998097 86538017 4999446768 4539605276 6602690006
lpehrxladrlecsd 9453634776 4587534241 1051153552 9678259529 1890716373 8271888899
vojvsnbklkvguhnxwxwnqyx 8555626142 4502282956 2683740785 7229732420 6880378128 6432574380
yyrm 468245461 6199877903 5520901522 9281540870 6834313511 7594621313
atsudwclkzrqhks 3705581037 4769035753 56153671 7704765044 8662366980 75578784
wbxhp 6298648826 9026403945 8374284662 8154450927 3225495255 2825984834
nwzuyczghfgggha 9339228563 4455313350 318318400 6460548135 6890493977 8018639457
xrncbjjxafqdbnvqtyzpnhejig 7413420036 682950075 5488023545 4519390785 7972573741 3187252763
cqmapahabpimptugfmmhivgx 9056353030 3770007063 6426553805 5987358972 6923763905 4436921848
dbakhxkmik 9564845837 5872363729 9208162544 4281456045 392256501 9144980664
bhsdjakxdiegvketekmliyfui 6598718503 5105083034 9132901327 4124794884 3398319433 7760695220
nezscpecii 134318484 7485981269 9420400995 4085650789 5309220053 3399523413
zamwpjhztljxqwfaxvvitbwtahnik 5874742722 9419011228 4449658019 7662852111 2730323262 1484526833
qozinqzngizywduhuyibuurxzf 258152030 2525217999 209347348 8852565031 1262580970 1755003157
dmtbfawlksavol 5045079973 4938319522 8916421884 9645562166 2927126206 1550274924
wdjgifcphifjfutpyldcsawknwbfm 6133168133 2119082993 2161321751 9372045678 3263539309 2863337471
upwnmjinqufviajmxmtzne 9987407831 1442349065 4096350366 2524091114 2226184875 9692008646
drbehas 8848678910 4376328270 8968848355 3903529515 3308233770 5610339594
cwyurrbugnqwmtcbruxwcquchb 3874736530 7077924533 3300592675 9394109669 2309720434 1125112205
ykpdrifne 1476241239 9211333290 4035999476 2038349936 9047117916 3624781499
vffxxhgzhczqxnkoqxtmvt 9455063817 4269800887 8549625276 6577624362 4509118028 9893480345
xuogdhslrgccvcnrpwndeaw 4970840570 5620712257 8262258257 9323463559 1646923820 8041708999
nzze 8911228244 6849378436 4227480657 2772353069 8516580953 6057849368
qxlwpydeoptamrjxwueofzqi 696915090 4163025941 4098595515 7327695074 7953557617 2239185554
vfkpvskmgrpnxmymnmctqcp 2908314077 2018329485 5769635251 2892120128 2662578907 5714947263
fecj 7089901801 606867302 3322960048 5950726279 9574023445 5793033088
wizakmbehhqcbwidyveztshnmtsqz 5601990620 8195411904 7047572903 8559634586 2796131039 7581290492
tcqqfbwavgjbcvbng 1098754640 862985264 6773406410 2831703833 2442748388 9357027148
pcbgtlpyfxhpdoppsulcdfcq 5984674059 3163891417 8872823304 1988409111 3220994205 8557093073
vchn 1627142643 2403996832 3505592944 8708480442 4822440637 7576397224
roibaxnehhruhivphfxhavxot 7987421619 6243630426 3240523552 5703461558 7994331954 5304892590
fzzororkb 2200808603 3400630340 4507404748 7510140738 9511883417 3480369614
bgkkahfimdmxwodysiqqpjpezlreq 2233980447 3456046799 3567330741 7200841369 4185460961 9434145592
hcl 3535831754 7766334484 2206964436 5834608750 7292825745 5074886471
jckwumuxq 1259429343 5831780945 250769343 5233902440 420785941 377176458
dzlddtjmlppsrjcrztbhabotpl 3567303431 2202477620 1551318880 8269768997 3345406354 3069518264
pycndcqyjkvgln 7359371364 8130055340 3386866914 2939644190 4207048288 2473508848
bejibtlaispgztf 2820190282 174248995 1411594515 2760680385 6496303510 7822985193
aro 8026642262 8295347845 430199872 2481328337 128533351 1148751595
pbfbqelriixgwhrdpcwnrg 6763925746 7522771776 6486440504 3907096588 2736074709 3679585114
jqtahfwda 8161025530 6971143390 5965227889 6283968351 8054889327 7380847652
albgbochfjaemxqeywuecmw 3989537039 5131819512 9729084163 1694650943 9451915865 9894227287
hqtzumymervzptig 903472692 1322165247 3580072430 1277185824 5974736241 9890635692
ktichyujikgivbtdzuhgds 9682877269 5717926668 3614348547 8719703093 5269329800 9306647585
ggnpdkchjgpysjlpzgvumv 49846848 8285633379 6093652220 4835309361 5986250659 675317082
eloboxdmvihwxmbnqf 7939802417 4400567165 5290489919 461986189 2280966928 8825786461
swmofhaqiwaltltomtt 6540221285 9178733050 84355842 4317490277 4329431410 1622561068
blxpl 3978894093 6234470254 5826733043 590832133 2763160925 9623189912
svjlerosqbuldotuqkkjhwr 9498283777 333619453 3803201752 6260994640 7135767444 7999617834
ocvnnzrcsbbbiretaab 8254598333 8349032634 7370896064 6659895933 1240451511 9709690607
ysaojylne 8711407360 3112925704 4126693547 6368725700 2799542448 8605954741
hvexnpoxj 8858413511 9740175370 4072511999 851938357 4955648738 7282514570
vgvucrsspxgqbahrrhqly 295470041 1277879577 8214353325 7457418682 9541029191 2309569768
rigootspsiv 6418029181 8097885037 3105371107 5679366480 1437760891 9880350345
cnafzbksouerpibneit 579516039 4237778676 8983172339 9495840190 2835338922 6556275925
dseaboltjzcysosvchqq 6964078244 328069540 1039423088 5727876446 932376598 1971808773
kcwwbjlmgyujnakgllyonuhv 4973872960 1203709755 395991164 3762719333 1921708831 5247890046
xiw 2931436381 1640250897 8165493167 3649676664 3968847984 2128088685
hfvqmagorhqlzntss 8751346335 3701042872 8883083666 1992022352 7586528613 1129405193
bbelxfzgsyoknlvn 596765072 7223004941 9167282468 1669417738 285899583 393559690
psfnug 5274639175 2264369240 975984269 1148577885 4829415617 1506860659
zwyzd 3826258580 616950530 2763638011 8860088533 4722043939 6868359725
wazxntbkdeysfliwclkojrbwy 4244150209 7445191906 4429866066 5189948489 3875171447 5736765719
h 9017326010 3920482187 5610095193 9377785572 8499454492 3854997566
wgbhwprmohqshvbtcl 8018824420 5506822592 745540146 6820834250 1285465321 8484578091
gerlqkoggxmevsxykbdjxxydklclmh 4565199145 6926328295 6852208772 7713397638 589711074 6196341337
hmxodzcpc 7978748880 5362571792 1074415401 4834187134 9652601712 4243870031
hsbbnzcobcqkihofeonx 70227903 5187410321 9264204962 3825892512 3547101042 7645261637
bfcqmjknzlcqexvvh 5251692414 5432468585 4999519731 6158602250 9523753098 6039467282
yloucirkiqnksjatwr 5823886192 848366216 885003697 3766030903 1329919310 5256594276
xhzjeuxuwlfezhkilgopltxa 916814706 7150379535 2632952013 6194447251 807546828 4606974259
uitazuuyxchiaytsoxde 1871279703 4854494986 7479673863 80971812 3202482887 8879971989
acrqbuoocjhnc 27276167 5847540856 4854900877 6421573954 2955915279 3647749901
iffgkofjsblatstc 8145212700 4862766749 1007902525 909380856 7820336020 8857469780
ctmhcfcoeigcfevlrtwh 1459504696 9670158466 4341628089 4599359426 3692630826 2002532919
aejyhjutwatzlnfwmiphpnvqpe 2801633386 9829937662 2572073366 7233284411 5048391428 1992896207
onvj 1700381765 3057868706 1289581000 155198620 4975968640 4768556170
lhbnbitb 4958546642 9840692332 46062540 4247060998 9946514001 3759956231
xxjtjnsdrmpjhvbyn 5224634332 3116496882 2440069805 5570476906 2236446854 2504137505
kyjngjrjvkvigtituooclolnbksrk 550247977 8264137881 751881922 5235596148 3679325292 3554398366
caurguhpdneztcq 7093228619 4962686789 143701134 3723427798 8721616778 721362558
wfqxeewdvhklyxpaypfnptctq 5955994450 2789850697 8154810657 4722773374 9866766948 9570653116
kpuiplsyxainxqtvcwgwicgra 4819579795 5799619847 9776033895 1236183638 1008390818 861628711
konytrwndhhapzvqxzn 3447001397 2295083161 8588669753 1958107132 2089229570 596357947
wpvwbgwqryavrjviq 6403909728 7102179303 8825683972 8898708191 4409405515 8880449600
cjkvdeyzduhlldxcfun 5317908996 7832611872 9501419673 6053472918 8895819761 3668556237
asy 9727093595 9846558245 9423371779 2205196381 8103440399 8437068313
zu 9828640840 8304114929 4627261939 263522543 6736602236 9123245692
gipxpvdwzmdbtansxaukdqdtlyngy 5223861404 9213447510 7965171360 7938915240 9360922231 2491060724
bxxrcdvziskjffljjgvtdvuct 1779828606 4596844147 3844956138 5022517476 8749419701 8095346356
x 8921224776 2625585927 805487400 6579350379 4214067156 9852258833
puickqeagb 3679756646 111757179 6273067317 7406954005 8279158349 1989044667
qqaskmshiocxqkmlsjlvgfxlrhzxxh 6531528767 8349587178 3755047943 5080912700 8337219498 1911955094
wqgfzxfgbcaksmzhwxfplvyvlnjxix 33032733 699159005 4381385250 8687490379 392097440 8838864262
agc 1330527270 1198610151 5316473466 285353630 6756471248 9402500050
ahccgdmnjwvzrepdzxkezpa 7290967748 3043297992 4563759006 1565335231 2470235634 7819702280
nhnpwmxqkbhlhahornfiwh 9029414885 7116564670 9224738430 9880423178 4298655605 9589037646
uqvxbsjvq 5450904718 7500249110 5721124173 4557383660 6230266342 439462419
quyfqbgiwshaghgmdcnsbtp 1765746454 9606203994 932118296 5405199024 418324182 791266547
sjrnx 4176507917 9293807627 1944495055 2801044886 8209130484 5160803972
mfvzn 691702484 8082576884 5186969274 327903634 2207337335 3564757318
piafyyklrmhphzwwz 6633287203 812009720 8366228491 2293829598 3892843120 1348921335
svcsophnyovfzbkonadkttenwlowk 2429171589 1289967801 7802966394 5684920662 7995207244 6240495872
ymuiutobyh 7993397231 7522283365 663867316 8264418183 2237555225 8530152620
fpmcavfalpeelznhtahuodqlb 8889632451 7914585622 4100177108 6170105522 989352138 6827958522
rxs 2761018031 736128433 8554398373 7991065634 2341583645 7971614776
gvdlyrzuxddsjjtrsekczuuovtgaiq 2622839940 1456906634 9321624579 901383387 7882935128 3531176195
fvpctgodofm 5704389100 2104608185 1907764446 3939838622 2474396193 5554943253
arbbxdjdhrsdd 961830356 7296711959 2588755981 5367013487 1273978131 2308873641
sojbfdjdzzk 5252834336 7313834311 4836996388 4589325484 3553316254 7817615308
liygcixhhblffho 1772780330 6690512812 5656495232 4266790593 7092950404 2028917316
jgrxqlo 5726879306 9975009640 8288338250 7740097111 4480969232 6873219431
xtqrpjf 1596765897 5185177691 863327760 9113846117 9027060030 5823946155
phwaaoxdfwyxouoxlq 5716832748 1166489412 5258259287 4476337391 5516262206 4697424675
ubnlxobvcb 3386486179 1613239658 9244130792 9550600143 1157975583 1249195599
hcvnrmsearyzvfawwslizagz 4309963267 5485707879 4805259658 1253704285 8048953707 2979300361
tackgbywjykpsaf 5894533582 8454482195 9783225274 3357808396 7695736232 1775169565
glxsqtdkzoeqqzsj 4688672446 806713726 1502894140 2831621816 4782631980 1388017885
zeytibzieovj 60801387 4905054152 4232393532 7098535627 4795112971 8016958262
hoxpetnxc 5881831206 6214439561 5896451809 9949844395 3403195008 4692864882
opzvzrmm 9475143353 489503646 8803374586 7239282869 3981706437 8908630006
wzumsytueqywuhyxssjzltutxd 8148708297 799730470 8879246575 2768274670 9319680293 7699888855
hcbak 2157410075 9482756162 4366606614 428378716 9693577797 775278273
rpjmiboezlmueahv 5609688243 5149543848 8695489604 4145658875 9011563447 6431378930
ibs 9500504932 4778209104 547763657 1387145370 4860227619 5936940187
zckpogdtgab 1310243449 7454617013 3505227259 5826922032 4901414248 4374783894
svxmrubbqadobxhetc 5263116297 4144752171 6310887239 7582230777 8294252496 2097739839
tpfuvaadzaokfviqgwetixzczouhc 4914384406 7182302656 5112849704 5540545961 5494054643 3965557608
npvtqwldku 2977299557 2059662362 251686980 1497896114 5962023797 9330255289
ka 1671086282 1225151291 564183558 3876536860 783136686 5743811392
dwazdostoupmqeotsaivuqvyp 4052100500 6485969621 7896848564 3914934364 4928249796 2959251470
wxfpbchbkorebr 3181946417 336215617 7858202634 6622164690 2623322820 837544381
nozd 1207919866 2082018163 814949822 5128290295 3935298685 8080550942
cnuuecbweulbpujcfbnpfslguzvtl 5820601768 7499941733 9997907349 976802673 2901012668 6575614654
ylkotajurkflwrsmkvldyrzsrkqir 2667342639 9387602680 3291855458 5498336132 8181671970 4819967278
pezcbeuwm 1414194526 4662903205 8020931500 2748830471 8908830705 121499926
nbymaxzrdghbkktabmbpxui 1756669571 3525188755 6708224085 2131157878 7905039411 2743858759
rlulkf 6994442220 9961523640 8503962422 6256712248 5338850623 1044296486
lefnvlauteznmcwuxjpucf 4238395516 5886371620 9579025476 4821084666 853754873 8077004786
onvohxlic 6060635151 4234323163 4326064715 9212990327 5756804820 706283682
plvuxxj 1798410456 8142870302 2474739218 1664099330 7646796151 8565142596
ttxjrogyssmjs 2869147244 3194117107 9204520591 1364090717 3304280782 4246781793
walpayszvwkneoa 4652699679 9727988015 1741157945 2963645321 6375581059 7938651292
ixnapmixubyw 3773814305 160986907 6682813455 8090462555 698186356 9779918771
mfyrrkeppgqgs 9216842311 7678618296 4069499656 1200744508 8592128338 4990502453
hkboegqoeekhcbvnvtyhvdhl 5588798412 3719725931 2853895225 8540726243 3356520898 9199305975
ivhiaikxbctivgqgilvzbsmqvwv 8197626042 1409511308 5540784560 4928226070 3056554553 1275740435
znazimvyodzmjydobwnieqt 330321430 5065866035 9142897417 2180134186 6676758741 5695526687
unlzykpvgxjoiozacpzqmcctayl 319602963 4610657340 3778211561 5474262739 6282902039 6371398193
metifaagesayeufrrolukvzcwi 8515918689 1142270285 6951957082 7877802074 9127917297 4742716507
kqldmnfddvfjjplzxwczkxkxerrwst 5190433472 2015285011 288521939 7303293702 25819869 504890646
prxrtmjccebhi 9459628867 1943673315 9885848630 5838796133 6889647532 7898418321
mzcdjybvlznroxtqjvgiq 5537380202 280113939 1958112049 5782811374 5391628209 1165573220
wuvokuojhdrekrzijyh 6698799659 3579440129 1630623771 4806310851 3281447444 2286276744
yglhkimaro 4213327280 9651137696 5991920928 9942375642 1235814924 3058289431
sfov 9822957252 2835207008 8348481315 5015810263 7172372916 3094030927
nb 6974216279 6457359943 1342881655 2586610612 925028438 9439373356
skoylsxlur 547451003 4061953415 3680604359 1377143525 8946370982 1819657035
shyhwnhuisykzsemotkl 4070809371 5781540411 1876993489 5836830224 6395146343 7494716283
mzfpwwudkskutjpmpdg 884352269 5246448771 2115711622 1292291758 420646814 9336396036
shtqmnsmxazewyyevglwmhddbfuiwk 4176199085 8901154051 2153835256 6826330639 1728015265 976142747
wjvmjmbkxbrpazl 4710351308 7079911202 2585594695 7385538032 6374218465 122802118
hypmjatrslnhkedhdbakf 3086506641 1274403673 5774609948 5862273469 197972696 9806485576
jxlsesrsqet 916159569 6742095906 8689921002 7229496151 41100447 2216828284
sysqfelpjulwccqtfje 6985723134 3965267733 8759571216 7892481611 8905276301 8795387511
zrsaekakwfqh 6644195027 6955933966 4931102524 9894575971 3057305259 6603362765
upjvubmwiysyjdi 5856662061 4458205570 6363950799 7578352285 3717084540 5977000659
piihgegwovwxjpfmndznpo 2881088718 643223167 9756043534 2831097338 1923130262 9832520247
vxowyxajbkhilgrrsbbtmihueeb 6848510240 1807284987 1126272552 8675490520 4277645885 5387392175
vfajpnnigymmiqmpgvhgubfp 1868819693 2224768156 6055096239 2212414452 8051955897 4691376428
zzbjtykopazdkjtiunbifwsjsldm 77479875 5996134072 2765201574 9761548470 4327867624 9343606401
ecwivjcbekubkqtpxbowmccnagbw 6433050370 8258756762 8059571332 5424044809 6924048462 5714733471
gdbagxufjdizvyrypolt 440575445 2254262080 6800843864 626154812 6490457151 1467978907
lrxfsbzirneoqehnniqltvbgjtyx 5399499301 2699049146 307661923 5877941278 3748628523 9220888789
gokzeiykplirvzhgohbsivvb 8563511212 7881935608 8473679386 6850702482 3030337306 3820426698
rmddvhqympenwvcj 6778954634 5580448242 9514660523 7762688414 8359727877 1396270704
swkflo 1982326974 1879934516 1669072807 4256158644 4891057268 9558095881
rbumwoqbyknqqxs 1348796252 8400909570 3786856666 1709539661 831126853 2728199692
dzfzgdbcttkpuwtrgfncikydilo 4074265350 6362154104 9127576601 9984946055 536433463 6535873838
evqxuhdqaxtkuozwqmbkwssykonud 3643661153 4871039018 5659527959 1660856464 1492927229 2797917526
zdnvtvae 3106989293 3348160742 231003352 3008342031 3792675687 7192921439
mvxuqmfrvbwlohnyurgoagejmm 5190153976 2039119996 5917944501 8471651616 4667084915 6096423071
idvckbnymbj 7066238530 1089449359 6101510752 3813727014 5989759372 5939520614
ndbmv 6080263430 4075298828 4076325711 6956574639 4511484485 7113542167
kaivorjinaspnca 1650531686 577287962 8635709266 926405860 2241832987 7065172221
tjqtmq 5675422096 9211449071 8743206159 213825832 3871915632 1476047542
wxlxzyfrnmocok 8987543247 5311682138 418067142 758618898 4684955282 3933017836
ilydfnaakxnrhy 1367899486 9483628944 6892679554 8114115773 2988564737 9373539845
hsdclyayp 3230295994 5780126823 6217653166 7053745332 6906476201 3907304548
hdxfoqwxihd 5898498269 3011930315 5289505185 5836939872 4288407547 7911186298
kog 6232328044 4401453461 3969523008 6906598354 3653894094 3079748079
osnqpfigyvbchutxjfdgppfw 8739273687 9577916065 9982081547 3268065219 2317153962 366309021
bjhcwnwwa 1979506451 6934227573 3776821306 1991094740 8202030245 417292550
idhpvovrpzofgomjpxespeikowi 5497276848 2222725450 880801390 6941280761 4124158891 2601201724
cbfgerdyzwqwalpdhsbndivir 2372176334 2530784641 7541937832 6214480303 6485885166 2447903425
qfcbahtg 1180077433 489324482 7980321790 3014089702 5110980985 97447147
gnw 9304851741 6737137504 9344819076 4542674870 2272550937 7032675054
nhaomitxbbsmzkakbaflbkzhjgw 8486089919 4770266756 3762798431 2511174934 8489035899 3227394635
fyjkvachbubjbgslaiepqmavijkrtv 8781667638 9795627842 7633803230 2204198841 1249073460 8141670834
hvn 1042498249 5997714609 2735146873 8751099512 3064057748 3466354125
ealjkhbfbxhzcbydxhbcijbs 2034325880 6601334316 4679117301 8880528390 3944169174 2857555269
nnvf 3710829438 625373767 3906911347 1490852883 4074843311 9274443760
gyuu 6275293574 4594892184 6561430806 8828619184 7880224569 7075219230
maxfcgudffyjbe 7715002348 7502373610 5306335528 2879487990 5261027281 7339930693
byeqlaaiwatwjecmuvqmkxzeqgcz 3822513646 1743517822 8227634243 5156730429 8268011363 7547242065
nuyhspn 7418936999 827021967 1360745396 6806237154 7219393884 2776284281
uobsweh 2872913531 8568674306 2843274753 4687568830 3910078757 5044167683
dqbsjhgzsceypwzbitlymtlay 8090578202 1893750027 4133374294 5660138680 7430502385 703058832
ufe 6180512596 5922951104 2805842264 8993163797 769785760 6455221724
tuhhpobhdc 9936450470 1809460654 8012267319 6887339405 1097165231 1416111556
kggimflxjvdcvfpqu 5310936499 3900380000 1355371406 7273778098 9891465958 2649229892
lruekgkglmdxbhoqzv 3075631780 7755873134 4487925884 6038886716 9133586609 2065550289
tdawfysfvyllf 7997674198 6883535574 8728586980 7778544633 9023221234 3847143835
rjpmqanzwacodpjijtyjjoozpwv 944292318 6712359946 9134864780 3245957644 278731183 9410199067
mxwmyqelyfrloudmqmtmtgeynkbcza 4416419117 5287426654 5250083798 6428413826 8397365099 5126716525
hgawinfzlqxu 5881716738 2829151077 6828272095 6241120557 8379762830 805256200
xeglbihxszmtofry 4922354983 6054309934 5638805100 4202386228 664545629 1486514148
hnpcrxqscmdhujtlag 345989085 7853679855 3580473539 5163356144 3401154122 4105217240
wjhhhbolqfnmvgpkvizceaqny 6961266632 1385209592 4130339751 8685894374 2956098719 4640588291
suwo 342289258 8163231450 4172924903 2441214747 5662336906 1627016531
sxeitiouwhwmayucw 2468862724 8563058885 8775330327 9955589406 5465192726 2396777086
ifupkkiaczmolnywxkmpgnhlfyso 4219010036 7044944587 3987965641 5042620279 7191527495 8718740159
ftrhzdonv 9113722890 3029025264 5471550900 6687677672 5790848104 6090740336
ysmqas 9996676848 6889612320 1110587369 6311476761 1905625983 3817146718
ynxynj 9217787863 2117720179 7921971384 5027346392 1579922352 2104477392
xfgidptxcbgsw 7841910055 2928612563 873982440 480370191 7585856091 4152629145
bbnexmbhkdhigkclha 9104337762 8038633713 8783400349 344702508 5730676880 9992213763
pazmmoy 1183442983 8043693532 9563656445 4755300904 7316076151 9473138806
bmruvgtnitmxpckeomlqxmhqzhajl 8976905267 5810276533 9780055318 528044851 8587545400 2168189629
co 289466207 7017229396 6973402384 1612524110 6185458414 5308978951
