1 1000
1000000 1000000000
1000000
507183
435195
322284
119947
255648
525614
770992
186206
108408
899826
61999
141773
582779
467021
93271
330661
41918
187578
983564
950900
882974
188105
311823
444313
161856
406374
827621
907627
812180
572177
355396
619264
526742
219928
669838
93037
710983
283442
143845
231382
429110
446097
362590
912395
657770
471898
261042
540973
606484
499114
952766
774235
653943
981773
679112
846508
603462
567191
671109
862525
218747
277571
254374
903471
545685
940402
971540
59571
344130
974447
919875
741896
192054
582495
465157
318175
942899
773823
450836
735653
706045
845479
833594
296705
760959
28343
466293
236946
983585
671988
261490
859954
563723
441825
896368
837904
486540
855271
360683
385179
893378
299407
73666
326117
545800
864057
488528
942444
750352
846418
293571
417360
550307
189162
284948
688534
258289
78661
609154
227452
189908
999121
43929
333810
286090
119850
448192
968429
851779
754233
848922
511613
111324
319965
84258
954085
352002
866614
423676
476136
654169
904879
847890
890263
853260
770871
484760
934526
190579
40750
974233
848289
315557
727927
556956
449017
297726
243268
867
379610
234439
353321
203857
736781
480637
407482
774186
227663
729355
410144
251356
351515
791252
98738
905568
894468
731761
454184
492185
790340
741245
523755
461687
656273
541111
78647
578118
632842
272006
364067
359228
14480
578097
439634
520930
855629
958732
518416
668702
12684
337821
280223
361693
151866
682354
952354
77937
93271
159879
610282
132500
939751
728479
752164
925229
364259
400889
243445
514578
332198
480983
176502
325121
37701
993431
613024
267114
73999
449947
723594
857207
55225
209348
446001
945331
87168
296377
798345
431041
831601
409404
233343
421519
629131
822345
136903
805628
4660
542850
71755
482119
427856
212493
313214
763974
139000
628591
333468
571165
554405
292060
625778
421914
710750
934964
411323
555424
8840
826830
681959
311096
299768
915389
235811
60624
541847
893790
738276
276266
924244
969876
142809
129281
913597
762074
873040
415789
264021
566228
741922
906149
643674
485430
700513
421810
402101
511730
884341
939452
104974
740595
526821
778742
786681
558796
925450
108934
549498
814991
140195
192527
548202
386911
391784
504634
119954
397056
652020
746222
396473
389952
601672
297508
110324
553038
884848
653007
421267
828042
167822
882807
67793
60447
198250
320002
748893
368229
908437
50743
568894
879447
102642
523514
79949
789739
322467
285799
901452
179599
408953
894594
391603
855146
726591
670475
501972
719177
966166
700502
211888
974592
578155
674396
341841
764278
951168
275707
651878
569591
545661
710571
755082
861234
718678
134702
587177
169265
603840
571977
242228
712449
526773
516693
60419
493619
513731
709538
103769
716306
958240
620274
616225
607050
129713
458425
280902
560565
801315
316138
425087
515018
986707
745102
916958
1426
292320
19392
933050
163602
388510
317076
227198
748073
560951
640212
60631
189303
75843
28968
80474
104502
252571
586992
969789
95491
888149
382365
633582
23069
85211
983750
631882
224856
955507
772216
996883
137584
879896
292948
896780
103673
177536
489954
824889
628704
203501
212921
978363
931171
984676
699913
294350
119139
579076
616238
301515
921166
253513
521173
128122
361073
14873
619495
734106
237553
146590
212151
95780
455850
726441
208143
495821
416851
331113
806418
520981
73717
663357
450099
589859
787870
459136
948977
185065
77922
259600
214604
570870
914289
192504
965449
46080
930208
120859
996999
591491
795199
424871
743216
801077
160428
156865
281762
539898
741846
287567
289220
201331
480428
110809
819535
848431
206827
35633
294685
383113
619310
522444
565131
939307
311342
931782
411293
313427
620279
150098
900193
627280
353389
862393
109369
554414
538809
512535
642819
957824
176008
736044
184735
348698
683013
898066
614398
369904
544341
588904
255309
929126
361731
902603
193976
317076
486598
586729
675836
452556
558771
355054
490943
355715
758363
112001
322856
973910
669797
322444
895292
80780
608198
225816
745980
46454
427133
350491
488417
237203
404284
709798
240011
34535
403263
242308
241666
25721
334059
858480
387087
663165
41803
586747
156076
412050
97082
945549
937658
837505
296261
322144
208179
906927
228576
893191
930336
468389
490062
937188
450946
616894
703197
766793
145557
431148
767609
169005
439634
568755
633257
71180
80524
371667
345285
434138
156785
481697
332061
251099
996503
695013
534179
715421
90398
835541
614782
498806
545277
175350
276688
854194
490853
956859
374779
646599
43802
287652
922838
717832
829695
268336
437214
515369
278183
378408
805370
595960
239872
976764
923698
861799
505054
519446
156547
521965
878136
853917
149313
884772
737660
955078
657840
55636
129338
575727
916991
194665
296497
991140
643525
13036
891227
847491
609785
800189
744018
212100
633065
48495
975248
684164
528778
149082
972465
992487
974995
62049
650665
995392
798747
567927
725860
242148
764282
616554
699253
672270
615786
906459
511969
422451
237553
554278
66792
247674
371432
46454
91827
268869
593144
245638
945139
845079
754873
448245
336798
28729
13919
514095
21607
604854
877524
627364
603478
20391
466736
882641
158107
305515
552825
108423
951560
328690
905467
926854
656202
141772
154110
512704
713053
127486
340072
451286
887146
519875
319017
131244
505839
616017
464778
412256
602871
732144
72812
14703
796564
48841
890197
142597
825061
39197
867349
116345
147827
555221
25338
580983
720043
621393
47355
655054
567108
262255
873294
127498
339226
72995
833929
344405
305880
991528
100735
37580
27657
780288
818169
468301
767323
512908
502430
29772
532059
829414
542366
134686
237307
729019
762074
376883
674454
215974
967264
865626
684593
697950
810687
572397
239433
17027
905915
367614
426251
135
315308
804170
295973
712467
431391
433989
113392
653781
493774
831123
563264
709822
349993
974580
488178
724565
686844
490196
907541
305341
866938
760929
241089
65143
967686
82510
419178
899210
998856
456445
926187
694980
500576
332313
589867
982697
739595
363609
927572
229416
26402
843325
757999
12754
869490
302892
21136
399195
913601
3919
165738
181921
629701
907879
2953
453540
436599
211736
600106
960061
847813
116008
158013
277943
582859
233343
745277
810045
884715
378141
118573
370451
570192
201211
621783
603979
153371
404998
577050
987466
244613
568909
628964
722787
218508
413206
753002
740013
584015
274366
904609
699431
929033
527596
149504
848469
560266
106668
56716
898313
709805
488732
38610
946625
545705
974995
445546
696316
65460
20391
195940
415360
127486
642907
833680
527717
240782
714387
760759
283200
249623
912103
211349
324168
696005
675924
325015
361693
539597
58096
503803
408550
673357
793584
611310
724559
838377
701031
620549
815018
736179
617253
825234
119747
197313
805374
268262
194180
763185
951333
488045
781175
430586
91080
820071
186967
14319
867438
634626
778825
155896
417290
671486
703712
651280
335355
225816
747063
560037
587871
797350
778384
356159
341627
620173
930233
520980
749053
607801
