1 1000
0 1000000000
39216
282759
217944
910321
502399
444949
797946
565785
887117
69292
774103
847453
585185
887504
391821
858105
928663
639589
910307
615007
619201
155925
446528
302180
169081
191386
687886
469798
905579
840328
126483
27596
899951
267054
22015
841261
100695
546563
998687
851255
53706
1591
822849
903991
732426
155378
250212
688711
305138
394392
486863
978992
182420
186309
137516
630986
83086
636907
965667
145936
557584
120870
99581
542681
392966
410760
273266
650952
732734
192092
571672
848995
962404
70647
632164
2297
858289
31121
279103
27359
159609
55456
18144
741889
992723
661029
550795
795224
251492
180663
558170
945900
848172
444935
812451
507178
993068
200425
770842
968619
804729
508078
961531
484080
905183
282694
782523
750865
283398
416124
562798
127428
399847
117701
379540
462709
250992
219847
710780
777433
888163
779511
803893
64494
78349
976130
764370
95691
987243
987027
73124
361195
310396
700623
554898
801772
20239
612934
801996
942476
473325
930501
609207
477100
718528
168523
675490
559272
962722
804660
523007
959439
114540
742599
350112
590038
205908
217057
125092
41826
380966
771938
755194
614249
92339
98166
655561
6
967409
439151
160219
805110
684668
30208
742615
95957
990979
955358
641239
633407
887200
277580
4513
343718
895582
953974
994590
782080
533654
654237
668158
140663
73727
296082
380334
644694
716177
274939
804473
488909
125771
905251
388087
928581
426776
647569
622452
976643
521834
441112
734259
215166
66266
944109
312113
33928
651705
603837
457004
967409
413405
872210
880324
191721
576190
923443
367924
244516
561823
404635
440183
507401
265566
413633
323472
365193
410895
86678
642231
94927
730464
56005
43171
143885
367924
509736
451241
896921
815160
454404
786317
271044
928564
214306
394730
110194
956390
23406
686221
382398
998787
566672
656763
983036
788585
894765
900857
16320
550020
284315
644392
698492
720644
350238
419722
298278
247479
870073
123797
614094
519111
62057
204997
637836
853818
399811
800731
901102
466930
352597
559864
120341
576460
523063
474160
360370
946052
725404
755264
945556
969043
777919
517316
210375
638411
426528
372045
660175
420451
846531
206913
559009
250563
100105
179026
29889
594442
217459
356604
948937
256462
79739
359164
713755
180945
985346
466294
159606
248693
796908
49164
610734
468026
305921
686833
317603
726127
391196
595947
31251
150388
389639
813474
150078
365351
175686
791447
179087
969466
40959
683264
427058
781332
911727
691468
247500
36897
540519
488333
303939
200075
323379
860268
148805
507186
395201
948754
45150
67179
931736
288965
250
94133
744590
550795
371879
683476
656692
974505
16291
497393
363397
121584
183475
115058
665343
754329
435613
19560
470728
429797
557993
40911
249801
540928
136525
461732
162560
541640
904874
837594
402828
872282
92842
80202
467756
374313
758768
733772
465097
645139
60902
578565
406858
45654
754329
86678
530910
321643
814110
461381
443436
404609
516238
362847
421781
717925
823200
967456
70416
32344
924249
772369
522252
132411
792685
999477
706929
19131
485404
900877
769416
743114
90946
226965
698735
881124
148705
600079
759953
145453
900532
822357
416163
230111
462834
72486
977259
875618
481388
506767
874439
949370
209693
977846
538426
895104
230493
382440
250983
934481
803885
765696
178588
862292
732379
505045
433926
977451
518913
85150
483531
235974
145402
301693
375342
600324
15488
700477
837574
527115
972844
907044
302357
24079
494696
869522
61269
741546
603534
404763
141985
955526
971239
557069
711298
489735
425180
797003
31283
314730
624599
392049
227297
768322
476158
53845
170265
506263
188902
144490
377212
960735
298050
149043
103826
872099
557930
545077
834531
312280
748645
974371
373666
282354
223852
136186
854580
157328
182859
102057
690523
284049
561467
372818
323128
203100
627869
614762
586145
159480
865863
909617
443524
405354
161946
317242
76879
353817
392122
849877
803778
995559
898558
35630
972699
129480
943881
31874
616830
60367
14119
981196
626814
979257
539396
855835
815833
622770
69337
8827
616931
594232
795279
959426
390016
144555
238563
848615
369034
17138
633266
472533
697465
256568
727261
429427
344796
36719
160734
325350
798831
763623
643686
262773
16460
838559
706958
101971
668578
157338
378312
336363
201624
199105
517635
855629
398526
313202
500912
884346
479102
877245
853758
829505
964057
740113
914875
46317
251297
81735
868212
631110
841644
230075
515506
418431
216921
510219
43181
212636
813364
967716
99516
45127
143770
523853
706929
723421
977759
85276
356929
327127
185461
723653
379301
399601
12543
807950
169513
741781
866888
532981
261476
109163
708340
558101
622576
454661
455402
880457
538448
717926
984066
269561
245289
861877
594917
79868
486109
863963
882106
561467
794597
188139
322777
463875
43730
916484
502271
210362
275456
314564
561490
815444
568219
860561
651380
296229
906379
566086
523546
862622
255170
960653
986123
952888
709881
606339
998698
760371
84877
388936
282251
968348
807417
185621
467756
585637
791265
61524
853269
504846
98840
865764
684430
900073
5175
97931
440302
774391
504921
628347
518969
798660
647609
552007
141120
444957
246675
162600
53934
576229
284916
929768
378689
322136
45260
352904
189757
613942
344821
900789
291010
819025
121419
988202
5978
219106
674517
517750
233778
630906
911212
21545
467639
807021
311409
19123
485661
739254
245685
847039
130213
828564
818618
341620
668408
378894
19946
475243
816282
247466
583325
148996
743993
276348
668344
970173
862734
513147
472797
643165
787024
553855
91709
374898
716796
685499
619446
647679
603808
286399
218552
922152
366076
231893
611593
442269
711133
577174
874836
605906
358317
262107
807629
353
21918
657907
258609
256561
436365
185135
938350
659100
74278
715654
274855
416477
82571
136492
665707
932444
297853
747127
969907
309698
499978
192159
95682
60536
382185
523398
373454
463499
446552
80048
661638
241431
158353
59251
336931
652439
9118
429982
759395
378980
454436
6183
445831
142461
6268
849814
284075
603492
380336
848561
169678
502528
833083
735912
22720
499231
199987
429947
893074
404611
34774
880115
951032
179252
296613
33734
282759
897418
673380
494310
406032
496793
77055
164374
359909
974505
339820
712163
510593
2770
222829
693049
778765
238647
831406
199344
69337
703353
699712
254310
452361
338657
803894
165078
761415
214306
339332
737243
925785
762666
542006
974287
753034
547752
124488
295040
721512
343182
760199
767349
335970
814975
921168
971706
995461
786285
884617
687185
950851
875129
108885
892925
496331
91476
683588
613783
203431
239287
497299
717761
317553
70672
950429
520458
103617
763049
807032
917325
698803
336931
488333
649254
541148
878054
702941
77749
173747
429174
643040
900528
316887
430568
127276
362531
808863
131902
418079
340325
188860
421668
475167
159303
850185
222974
525486
540930
115167
922498
672824
460634
71685
29498
192833
505798
804936
726679
74651
648587
472195
248530
522167
899756
928275
