349 265
895878 37
26151 62
870702 64
244058 50
369179 19
855548 55
661595 57
789246 6
482738 55
219056 13
495172 13
190404 26
353715 59
519443 16
865292 43
608331 40
293998 36
15974 39
948127 28
851139 45
804066 56
313663 1
71399 7
999523 57
284202 2
906772 10
715426 15
431977 55
654464 4
30477 64
362355 38
628899 48
324800 48
324623 35
760027 17
384444 44
206747 52
63433 43
416845 51
305089 31
708086 63
955124 26
394080 11
723769 54
901878 12
765302 46
711989 52
408505 44
311289 31
268059 60
936190 28
694448 21
1602 45
278676 65
760666 34
918218 53
920825 39
771830 35
653826 40
283458 36
680294 3
339221 26
884017 27
536511 12
216700 28
490529 44
490896 38
81123 11
26922 12
551584 17
19082 50
411073 49
917076 23
163686 52
80466 16
989648 42
457202 7
637960 42
61614 16
954854 45
582981 31
668658 9
542649 4
279291 43
35886 8
159316 19
244032 28
263572 23
583192 68
165675 30
567638 16
492214 3
209220 45
209265 11
48538 61
630891 10
719260 69
465557 44
283900 31
693972 9
447545 59
580606 66
155395 43
661232 10
10699 68
120065 56
411536 40
572662 45
298069 17
904507 5
926349 19
480261 67
140330 39
734927 23
200774 56
885739 51
347788 60
262360 24
923219 10
543021 40
59776 21
5508 3
655647 49
754471 40
596556 37
770280 42
961638 34
539727 11
255122 38
975150 38
542798 50
306068 48
740327 45
636262 1
199946 24
899213 57
172724 20
16148 45
685469 41
163452 14
864542 8
190003 44
763255 49
390034 35
305181 18
33402 4
42624 21
282693 36
47670 54
385371 28
402644 19
319235 54
437452 57
390716 65
73242 59
638096 14
374923 61
275528 26
689537 33
828759 45
553144 15
59749 63
885762 38
254950 10
862100 18
960725 42
245223 7
789524 27
900945 48
491637 59
672676 14
89926 61
789611 28
508732 7
505532 16
793157 32
721216 49
711250 15
930299 57
259136 26
946646 13
347943 28
520673 52
741374 12
132744 22
134126 3
963671 11
113849 53
285501 49
633125 25
290224 6
533023 51
679646 36
606053 34
176631 55
663859 46
486064 37
83826 32
133282 51
348787 64
38427 46
165297 12
647048 3
848509 29
930455 15
795447 23
593764 55
33534 4
385205 3
27507 65
487190 30
155382 68
587816 17
522957 58
380869 23
76331 56
923079 26
293258 30
489277 4
86634 40
309274 4
937276 26
844694 67
688109 0
69662 38
878258 12
556165 24
972991 8
33040 47
354305 50
487005 67
476985 42
804770 14
166213 26
417202 59
635395 30
399680 30
436622 1
7171 50
221248 32
678259 47
884347 15
129233 26
394325 6
277531 8
367824 31
383243 56
239991 16
978033 47
701569 69
862766 9
926749 16
698286 28
999536 67
488201 21
861401 22
558190 22
49315 42
473285 24
470748 60
702718 45
471059 49
741346 49
488711 40
827342 0
665030 68
357737 47
877796 11
596578 61
801703 36
294857 10
763804 27
397075 39
358310 57
96152 16
12687 23
116635 20
955743 4
255506 18
328472 27
890584 17
499707 21
378440 32
1130 26
6886 57
880054 12
441513 12
683338 36
411440 3
732179 2
716332 30
824991 34
504907 21
14397 48
174580 21
644422 50
172539 53
405210 2
440479 12
765192 24
238370 50
774358 36
607064 16
897380 1
785190 32
231573 68
482714 23
192275 67
31716 60
506941 24
84312 27
149379 20
708359 54
666760 27
443462 61
204613 34
122983 23
418828 23
42156 60
378652 19
358086 27
511054 10
444310 9
614281 44
290786 57
977285 45
939559 59
681686 27
377037 31
234279 69
265733 65
780580 65
391461 46
283724 66
726416 27
218079 49
564226 19
523187 15
269977 66
791223 46
806357 60
919935 40
346517 53
753057 57
964890 61
551505 34
609095 16
491173 46
299290 12
495095
916980
183679
618468
175301
134262
515790
390707
310321
237322
390266
939965
164948
926906
215346
9299
665071
420080
683123
751565
966508
60540
907936
938272
381997
317898
140249
792390
456423
292424
130583
430798
785531
554606
692933
174047
976350
373846
439715
566753
789664
640504
985566
60750
694546
459998
195080
998173
592333
732100
437546
742760
15625
846229
617212
436479
529898
146583
475372
965573
933111
409185
991481
470418
533293
122365
568705
411075
146888
430233
145323
886387
181597
228434
655207
281112
76241
783620
421595
549143
513713
97322
691942
236432
172344
277095
657022
374435
640207
510470
999298
273823
266954
392973
335119
172667
45105
979246
837663
205208
861597
845370
487600
166601
781119
34506
312913
237150
373542
27469
932042
716426
124974
870869
230588
253791
427136
986301
438861
471786
123488
35850
514309
137753
769082
727955
116788
979687
375271
250987
742733
644856
559199
826604
330793
318997
456647
416643
86553
305864
247110
488560
615688
254346
249492
256912
3415
113251
679843
463145
908580
177130
813107
588654
949631
682012
968907
115241
790272
287134
533256
200247
666263
879673
593077
724092
589890
956060
89762
706294
87306
96039
4672
328373
49644
559301
861549
390772
407360
517840
305910
379470
841809
964571
525713
878304
857232
72969
87250
177282
550312
930319
817019
953676
866531
115513
498653
496723
462759
854597
294431
523157
544191
978410
887044
359353
378898
184237
384357
737136
668171
426009
707663
996070
275644
403174
878300
389822
781589
575847
429069
854554
73671
920653
367600
432413
699963
535781
935310
838330
247080
563240
350742
194186
473656
203823
164399
934905
386844
658722
889893
737040
990715
565020
61076
784421
843992
290035
784295
400487
590713
772260
223980
580725
971702
830418
229708
996643
56261
91090
103266
494611
22264
959459
257187
