79
30481
35
75550
32608
68809
5594
78170
11857
15742
8851
83379
28241
99086
41899
87115
22328
38073
92905
41413
40359
95774
93431
73779
16445
69764
97306
80541
38028
51523
58156
80606
62365
78922
82037
86417
94884
78120
38698
48
36452
41271
25288
48412
55894
14685
89688
98477
46561
78435
37141
32019
81313
82848
63510
50835
88955
69955
81219
78205
36994
48667
29828
61829
20533
11303
92195
58249
25170
76067
69295
54899
52969
15172
2045
37564
74877
81536
66824
90833
433
78291
12935
27025
36126
24881
54817
75113
37518
62
79641
25326
46997
95782
81743
17403
49023
52161
89385
80863
67767
80913
6457
84217
78223
15713
51977
26680
1237
21415
43640
10763
5275
42739
38159
66978
43378
95462
10770
62999
12398
54710
29042
18708
33453
85700
51992
65897
17469
31123
64518
36771
97744
16318
39299
38948
82668
58501
3547
76321
6033
69528
76398
4902
29827
23031
34206
70713
84967
16200
55661
62793
19104
95
96385
28586
57466
20437
43547
41219
72647
71286
5039
78617
2293
2844
94892
72937
49865
91113
86857
15445
52938
72263
21448
56760
5961
17452
68271
25297
79961
60731
65067
97778
90365
61219
77667
94818
25927
21441
50927
41929
66704
2596
49715
31626
87069
74454
21174
45921
60953
12728
44682
50107
60834
9942
74390
48530
69404
97202
20640
972
3444
83723
61262
34285
83102
8577
21452
48078
66609
64849
11852
5562
10379
224
68422
21040
7543
20018
94854
4093
4126
18751
68506
97146
91410
44578
34232
47913
25460
57272
76973
91091
30359
74877
33623
74760
400
16790
78
56044
28267
41738
83909
7938
51221
47950
66926
24562
25348
49821
54332
85668
9104
70446
59560
42879
61762
92629
92553
19930
39733
92324
45591
77066
4365
37933
84045
75830
38480
76473
69828
94592
5734
43383
46209
87483
76820
26539
16671
49796
89626
87060
57600
51451
6605
89562
14853
26790
81987
22748
47660
63740
53850
97570
99756
18305
31675
94674
97347
91371
58675
95417
96196
43988
90021
71506
26045
94542
43022
27119
9564
36689
43376
84354
65156
40405
12816
77965
39
50223
17781
78541
43750
74456
26184
94650
44964
67153
99911
13928
36685
40571
84397
30717
50693
10077
43413
73536
50559
65699
27155
89562
37758
84971
54802
65242
47916
50212
38870
62262
76304
10073
78042
26320
35072
29958
97574
82510
11226
9
21947
65575
63960
1001
23116
45903
72742
70476
99565
2855
24
23089
6253
65861
98440
6601
73662
90694
20121
42845
25315
63436
79695
57476
27459
27856
75081
2716
82053
13287
70349
26405
4758
99548
85231
26677
14
93067
20548
45765
88603
4060
26359
98718
60275
8510
23615
3202
12612
50608
97248
75132
2
91470
88864
81504
25
38133
30604
96603
82564
93178
78231
90668
43270
49838
21122
91128
96529
19990
69626
95679
87221
23212
46090
83778
331
83884
34891
68507
53557
80318
78922
55
70492
64979
45247
17852
82095
28101
21001
8709
31688
8328
42137
75141
39205
63497
2234
55464
14189
2277
36341
40297
93776
43091
25708
2964
21902
10616
23263
15798
78997
2097
56823
18649
17655
55835
27269
82533
59054
32434
82317
16161
57363
75704
12989
95984
44927
54646
89555
61441
29723
478
26440
6238
28389
43449
41477
13790
84
22977
53900
30350
28374
91661
47598
42907
46019
58803
11384
30567
68845
22277
56453
87939
73610
18974
2650
76945
32294
83471
19870
49528
75464
42225
8590
97848
58039
86267
4469
30903
7717
59252
95930
46868
79424
69672
50771
69008
35303
86161
58105
39675
19102
3009
5316
21690
96254
69388
26208
39300
86505
60235
76170
1971
24637
29354
12909
93392
46664
26006
87221
75406
13790
75125
77225
51935
54519
18244
31655
61550
26481
87336
23042
18966
73843
36987
49988
5547
83646
91656
69265
16796
24943
74279
84
10863
88330
70038
54507
66249
30259
44861
75397
49167
66482
82052
64185
11446
52017
22443
29258
88386
31248
93531
92934
42634
41062
91308
34879
4945
2385
34826
80216
95588
41028
48022
27188
71209
37465
35915
82015
31099
16970
13016
44446
34139
56478
10643
66523
23055
2611
36795
89197
26188
66498
87350
46691
8644
85332
10557
16893
74435
18044
8164
87539
79188
73062
15972
2616
98990
49777
44216
51125
15117
12195
73899
61264
16678
3168
99040
67054
93613
50674
76788
21605
91017
13796
97432
41421
22429
66
14565
79583
94504
10890
82034
42080
78399
98078
28725
81270
74234
81778
64895
23123
54163
68678
54432
10852
36855
82876
6296
76475
41612
60609
35378
84043
93883
3850
18079
23471
5575
96783
21163
72314
33389
16607
13772
84335
26261
50685
81968
8328
9080
65739
52757
88425
13976
61613
289
47980
62776
82077
50754
13152
24626
48197
24487
89412
21317
25982
53882
64458
29518
39372
93930
74423
33893
93
98572
36737
17989
66920
70488
22639
40842
31653
4588
15109
36361
88734
36149
73842
89898
75625
73426
7908
91748
36940
41515
38858
40936
62603
89353
22307
74233
10024
14956
84381
25204
5810
45359
20944
75920
53092
67173
2128
50079
54217
41283
22455
10384
95418
50947
37722
65342
29969
26371
33804
61040
39415
60838
79689
32008
48685
83552
27286
11926
20159
82588
33946
59709
54256
77672
117
39447
79629
27012
34207
3662
24795
14974
79478
68564
24783
8132
63650
37215
31383
86076
60926
21964
63618
50314
88277
41021
56233
89718
93040
15722
38364
34188
27334
75
1934
59539
46212
79965
99932
16109
11190
22835
48402
41162
28462
8058
92779
80918
2061
28922
39185
91833
36171
62834
44311
12786
77975
62245
3758
99894
52627
93364
77982
93886
5369
79749
47454
46360
32264
40813
94214
65674
50697
76289
65664
55844
33496
36863
88294
12539
6460
38484
63957
9116
88031
23248
99373
52590
32025
43305
90751
14562
19552
45897
9717
45335
34648
67404
14181
60783
49668
2213
38354
51039
41067
98221
99802
97639
54011
44998
99
1504
35078
62855
70774
17967
56376
71536
11144
67050
61467
15740
57152
37264
73802
51361
99228
29461
21703
51129
65952
93583
50468
71211
97742
95653
11770
31406
28598
14923
43311
699
57688
11847
77536
47236
7420
26367
47246
7199
32775
62993
88051
50575
67829
94239
72885
73488
69728
67222
52158
26556
47807
29543
14642
96623
46126
91
28812
95261
81369
97954
72113
71611
24892
8387
6500
59394
57618
8619
12628
88350
19575
98243
52144
38885
22042
79047
87860
95384
89580
7359
54887
58416
51703
98332
42385
8970
9463
96057
15151
78910
60941
36000
77078
70979
81459
16976
54346
88979
19243
69
55246
84155
85360
48133
45644
97362
87924
22198
64375
78230
84897
99150
91182
92354
7244
50382
71396
85423
34762
25385
96102
59253
90619
99471
34350
28839
57413
9756
14818
71836
7555
28771
58345
52277
83796
97002
69889
98881
61948
85783
8701
44966
77138
90165
68904
91747
97398
57769
19163
39746
83937
44048
69751
44033
86164
47047
58087
88210
81298
15414
69686
39327
83414
42293
40478
41314
14753
54704
18565
28067
54
83101
98768
88985
45707
49020
81649
99519
99224
40092
50246
37234
52650
51155
2364
39898
52760
57805
24000
26283
55276
54432
40412
92643
6506
32669
35285
18242
55648
98109
85619
61861
93866
23291
20202
7827
15547
13128
72907
24958
49591
15350
68568
34655
14160
42963
48795
45473
6993
88349
17885
618
55225
99345
64805
2122
14
56491
96288
20859
17794
37609
98167
75085
71671
80956
27354
61867
69743
61457
25222
55532
36
75825
34690
45193
88171
91875
97901
69421
23818
54940
9161
20327
55834
59991
98682
31567
21600
91948
26665
35221
27750
8619
74406
71012
91388
90795
29342
58005
87117
12281
74351
93707
11826
88954
8108
28390
34682
50446
43
73515
8534
40625
49403
42274
80706
93768
42530
87559
56105
52199
34045
98087
33665
88084
6523
36929
58290
67234
1083
58365
4825
45936
48424
18760
37997
23215
14528
5083
72830
80386
77017
40699
93759
27362
95877
92261
77450
40889
93165
93778
4297
23758
10288
25
36627
35982
68604
24706
87829
49050
19327
13976
5955
52572
32108
73599
47760
99002
38159
97350
24740
6566
13429
68158
61397
53155
60078
11222
17782
84630
21
90313
93328
29869
36270
59531
47011
61827
49548
56359
40108
69002
23696
23473
32125
4908
55763
76578
37885
64504
38993
93450
84376
97
31139
85382
89616
94178
81262
26413
22624
36590
68666
57986
93515
18887
11669
57111
65827
16173
10974
54621
79353
48463
2715
16781
21082
55985
9602
58313
84288
96586
95090
37765
11381
61946
45156
97237
24819
71906
24982
47602
12196
46943
83750
67662
46554
77656
9752
81085
91067
7118
70130
98503
58386
17042
4850
63811
69298
61922
82855
23498
82756
26667
69869
45738
49931
92719
1947
52025
78616
85244
6625
88265
81120
39689
64380
54569
18753
69887
57158
33343
49053
41809
7807
3865
28097
57221
74541
8150
19567
29667
27926
37723
14668
91595
4386
43820
72582
5886
99853
34553
50
67655
39944
11773
98512
72914
38917
17613
79245
99540
38683
6130
50784
92946
1247
28982
71918
73978
13238
25751
73604
89753
49553
39290
37722
9534
34623
34406
49113
27174
34495
84203
71299
69289
10597
2585
33086
24037
67018
43694
3219
99199
27067
59478
73286
90283
82052
5107
65294
89417
65439
8628
30
94052
18970
76028
1649
80836
33775
85780
40381
94491
69184
37994
82195
64114
74677
62441
3246
68
66284
57026
135
43454
37778
23657
65954
37136
19098
92039
60158
62400
29720
73543
46
38526
13067
67111
88946
13922
79528
47056
17162
86935
30336
98647
24649
82042
82253
31550
52185
72864
63932
93447
66953
87278
8796
26611
81908
51883
26439
58693
94402
33173
94774
95701
23837
10986
78548
89874
80592
76162
46352
88117
4001
78792
27875
27659
65896
66058
25901
34783
48
39375
73445
99741
66351
29407
5400
46398
34332
34471
96225
88661
26348
92994
444
67439
29431
63841
21093
91628
46770
69753
22782
64559
48062
18545
649
63361
45216
54352
14241
52867
8716
6908
96240
57953
29951
718
49952
88635
77830
57919
56605
10780
94225
78764
23760
81918
22097
11853
20
26478
62594
32597
53705
7630
12973
32875
86839
63989
45903
87445
70470
18573
52523
3373
48323
34702
86540
77608
76684
88940
15
84819
54641
54702
637
92658
89973
41817
21626
54896
64938
17141
48832
64181
7644
39176
97672
56
19365
75750
92241
40320
55902
37906
72738
12539
11951
55503
15293
20376
11482
40370
26615
8846
64217
31454
22041
46748
8589
93019
94912
25700
24917
41756
37621
76457
69041
11577
80259
82001
46303
25886
71475
79547
18496
36303
37969
34292
12293
4080
23995
36596
76668
45863
30313
21257
18950
39012
43213
32636
34408
83309
68551
62616
32641
46
63199
69719
55547
72690
86843
47187
76288
40743
80784
45417
66398
29817
17199
69882
19090
46682
52265
69500
20792
95682
59603
2394
70100
92860
16727
16083
53555
46058
66439
7360
1070
78447
77623
33483
60306
55793
85385
30736
48931
88839
99252
59068
66473
21314
29887
32182
73311
82
99777
11357
73410
69855
71379
38195
69478
81562
47422
56636
94516
8922
72369
27775
62102
55284
91490
72363
19235
94524
4551
85381
30224
48923
84844
54614
67838
21660
21060
80941
38821
12487
79485
41849
24875
65614
77038
61688
77359
47323
1880
52260
64176
27528
17629
65579
30730
44235
39664
56957
3315
62821
77556
91075
32952
3052
96375
36276
50403
95917
61415
83037
79034
49669
95843
91455
31118
49840
98827
19503
95392
91564
42895
8961
8852
44168
93600
9122
94205
77818
71997
99716
35876
40
11016
34000
62102
54647
40487
60506
98401
34529
72415
97731
58576
32462
48030
29824
43435
36504
51190
63373
24508
5477
88948
35423
327
71489
89351
91139
26195
89879
69050
55833
34878
33
78790
10564
85278
71567
43617
43123
98924
49518
76389
87
69948
79492
58170
79158
63273
89106
47116
66637
47831
25602
98676
62629
46887
1184
54243
11505
25945
77403
82816
49114
80198
27809
40831
56413
28104
54171
48972
91435
65460
95673
71624
50393
85178
62811
24557
52588
22013
48118
29484
65744
38590
14386
80349
88496
29355
37687
85518
84987
82437
87334
2446
22860
5917
57756
87035
427
94639
28388
38503
61373
86428
16744
32470
86085
32492
7209
99878
17557
85756
83426
27415
26759
93026
65753
26342
47501
62128
56861
40903
13999
63550
28390
44967
15749
17605
39446
6085
43731
13
63779
79874
39616
98711
16630
34432
75327
97965
14534
94433
84193
85110
71770
37619
37
88305
35671
72602
5309
79211
89687
76208
86356
30222
7878
71009
62708
34602
27399
79301
63693
4699
16608
98438
50724
86192
55570
4270
93107
52185
13008
4360
18695
69971
99186
30738
20869
65427
97714
83131
78404
45251
30964
8
98027
75608
93515
25523
20798
57308
96027
99487
42931
83
97905
74209
89264
3293
71341
95097
43315
1915
31545
64855
81706
89313
88447
82699
82700
37136
23636
59447
78717
91573
72991
797
890
89242
238
3507
20090
59466
79574
14779
23317
67186
66534
63833
76937
23502
25440
86474
19004
66748
99061
28400
91693
95969
51506
31060
71922
20830
88928
75066
83257
77217
64264
80480
75487
46193
2025
40729
39545
5448
37062
97493
84978
37033
47259
47561
44715
12917
74284
9512
87641
80773
68799
67978
13331
76421
66935
56356
75231
96471
3391
34971
28736
74970
94
71075
28773
21232
68711
29448
7892
92538
42226
37972
50307
95016
73809
1225
39958
28776
65395
96966
1362
19231
67640
5304
70873
5579
82370
88449
32960
89497
66703
60083
31199
82403
96656
57761
16877
27986
27802
59137
29506
18220
98459
63432
12956
65714
56949
93205
58555
42991
58594
58334
32225
50176
70420
64040
86537
26570
41947
37873
80588
78729
48979
96736
30655
57908
93968
74379
92849
83103
51293
82204
35292
72462
78752
81814
91849
15419
77541
6407
2043
90688
72195
79954
32463
11136
99247
48023
43882
55523
38747
52186
15235
29286
96345
51150
60706
81727
46
16039
79420
95406
67485
4719
58556
55000
90639
50627
10185
97549
4612
85232
59743
43740
54191
50105
19739
10773
47820
44484
76184
11355
92240
97312
87174
50488
61499
48901
43173
41995
35470
76711
66752
80060
97802
2133
35890
17625
66133
70799
99435
23059
38424
7551
15885
9300
79
9099
87403
55545
30739
52276
79819
70551
50720
63893
16330
78774
59279
19397
7726
45768
82693
11824
35190
97728
18603
60003
33050
31468
76670
5523
28354
55847
78535
81675
81736
53338
65900
24383
39739
1359
57828
35089
52642
46958
18750
98636
33787
85605
47232
5348
36515
55065
72183
25867
3024
18732
48003
39710
95832
79282
73052
24105
56981
33166
16868
68332
52735
49178
30734
90633
52226
30242
33449
99679
57361
96561
9605
60658
48290
10381
31174
97240
33796
47897
14890
85
99234
12214
57690
69189
25953
72733
50385
70812
15642
11038
55779
27635
90615
51028
51584
54857
56786
51991
80816
99087
9922
47274
22710
2837
37749
18344
95765
92806
20562
4306
31183
54563
61249
60295
9735
58646
81932
94681
38024
58719
8957
34658
51119
91056
30535
92521
67725
66488
52043
30841
91316
60865
92885
53723
46082
78157
65743
83496
60068
81503
54171
17398
59538
61856
57700
97235
18418
41282
4963
66463
14512
88557
44842
33806
80306
58402
13208
10248
260
52483
38572
37119
98821
40296
93800
77032
84
71058
23025
96502
58119
53978
72975
29381
90236
83555
36171
73595
37034
39016
69800
40184
47521
92562
88512
43262
35387
19782
42032
92290
98317
17421
79157
23908
79007
98616
68593
89607
8318
53783
94026
97604
44492
36548
65948
92595
24045
58400
95959
45396
69719
53209
60634
16000
58795
3318
41489
48209
41106
2584
65217
51757
10232
68602
84044
28707
73670
6239
29939
4923
38154
67723
48357
34530
24869
50666
67317
55554
55922
24771
85822
88279
8258
80384
71968
84401
14091
47612
45599
54648
97970
43448
83
25324
79751
66140
21193
89
40043
70979
60642
32306
40089
29768
57312
45406
11600
97397
76191
73975
83695
83294
26735
36664
93908
52951
34503
93497
38121
65275
11982
84805
50316
85233
79342
96761
67211
98066
51533
49362
25109
91272
52016
56723
56726
63654
35378
66663
4275
66891
1185
46817
41762
84430
59646
47913
4212
4928
66011
41304
54491
53033
75095
97544
79378
98996
79924
45473
95739
80423
89217
27230
64923
34399
67262
43563
58910
56310
6731
65949
95288
72855
30055
77316
59775
41077
18225
92
64813
62664
47216
93032
50645
33354
71712
33776
21352
30963
33407
20034
22441
82366
86874
25454
8923
39709
29848
68422
23170
39205
96747
41
403
12026
24325
59015
46340
66169
26624
63110
86274
60563
22674
23362
67807
48296
44933
86869
10461
74499
18997
36720
34590
76253
45864
3510
69251
46840
36887
71893
34157
94696
48499
97749
14321
48641
38915
86809
97699
35268
22225
23925
25894
81804
26650
83740
15917
78355
73185
98057
47028
67084
78484
3047
70824
12753
51533
40248
95065
48945
97516
39344
12089
87378
64267
67835
91248
23915
66768
92968
31430
75
3400
64658
74521
24068
33998
94657
13580
86309
24225
76852
90532
12282
73375
66305
67332
20934
33463
10557
71859
70910
96275
5710
65191
20429
72040
31915
50460
90507
8484
8185
45133
71490
2258
94773
68372
90256
36041
62936
53002
86071
34146
46455
77685
26719
67018
87092
29048
33367
50732
87021
45778
72582
81488
85273
67137
16957
17016
82375
6867
72000
66945
47599
123
16277
82405
56638
25850
4212
41445
24017
89932
36535
11382
14163
65491
12050
32
37852
25841
36220
2162
66580
72934
76987
78638
26452
59488
26351
78112
65276
26583
47366
66946
21839
30121
60598
61695
64683
9355
51451
2106
9241
58608
60420
65709
66781
99315
51936
80952
26407
14
44358
61576
22193
93722
23556
28749
91583
79139
55625
9464
88270
7494
60446
99820
73055
75
7138
59983
69558
12108
44876
64021
38136
11691
88123
62248
91032
5951
34012
26320
44493
80962
1439
38052
79492
32138
46345
51762
61707
10756
25770
6933
53504
84816
54417
93074
35956
39209
21803
71882
47295
69959
15502
43172
35703
85212
26563
474
18968
11684
96867
59853
41297
19430
5014
61175
18448
20096
77259
34919
66355
64221
53095
99608
15536
61672
31267
5010
23839
75996
71312
64515
13469
98212
28180
26402
74700
88513
53030
18215
98379
85364
3
61052
21991
20637
56621
92
31
46742
74276
46137
38334
77069
55584
66307
64240
64651
36268
44359
39634
95569
85797
267
62356
53434
22319
97296
42928
19185
34033
20659
88201
6461
30837
29036
71267
97003
36885
54769
17864
32770
74666
72386
93510
41933
84233
77087
32721
24377
67447
14910
11929
99052
46401
84544
31095
20278
77607
87060
35514
3012
69148
34357
78933
58144
6626
39669
1871
28029
5617
4237
74891
29741
73218
83076
35594
58984
79406
59743
30220
81076
10063
85136
56011
37126
97876
38521
88848
23293
4738
50396
72200
58912
59862
86224
38040
45339
41487
27690
28141
32
26908
3855
85032
44400
25459
18424
85927
13374
52179
91315
29
15140
96072
82823
59903
93715
86178
96900
50959
63745
61130
66386
39624
88879
3426
7548
80366
37796
8342
93841
64538
59647
19230
40
99845
87988
75879
2846
38268
77673
90689
14588
2399
2697
88607
14703
95391
94683
21068
30664
18115
81431
91649
64369
58608
92924
11699
62990
63544
38161
37901
37000
49186
20387
30532
54312
60185
50562
11152
83323
38573
39316
91479
79601
22447
97
91447
11079
54068
41522
63707
94827
40505
41498
94333
74818
76443
9015
54999
4592
8408
75035
40630
11303
92405
23470
38337
8370
72866
311
38360
92790
89788
53041
15851
10146
3074
29868
83490
95454
8364
70044
39257
1192
6982
46255
11115
5222
84172
78019
30944
50774
44399
21047
53728
8277
50244
51689
74842
64524
12321
7872
88216
38509
81626
18331
71206
95276
2867
50502
78227
79163
97583
34074
74473
16105
59222
71996
43542
40962
58878
33647
58308
90345
79980
35915
13095
63971
23020
57074
77013
98358
47260
95645
43284
15452
45359
81857
17400
5806
79014
72807
8213
80998
39
14141
60306
83203
30886
30807
93502
71194
30967
17388
95865
11503
98040
34517
50309
91080
78850
82073
61685
33505
92331
12112
91205
44675
33599
64915
98085
35819
95212
60074
34540
71840
63582
51165
39500
71176
11776
57394
28943
39722
76453
19
86232
55841
76313
79954
14595
36076
2187
5755
25659
1899
84782
31151
2917
36703
25085
15875
97060
69167
54579
29731
82
44286
77654
5157
19187
46515
36998
20888
74600
20882
34246
38739
24726
97349
32779
1618
19802
61338
67359
14992
70798
29029
86120
76354
35880
79902
54468
87614
19619
70979
57563
83900
95111
7279
48302
38902
8485
71270
1125
61670
27713
20418
48433
82716
53205
46418
96079
38257
16370
52282
37096
657
54125
44191
8769
70345
62296
53864
67095
39963
98894
4161
84851
64974
29480
5737
14725
26654
81099
25800
97349
53184
98752
1365
35569
72424
78916
78847
925
6045
88307
49483
86072
78809
63
15746
67733
9090
22334
67784
98794
67146
27212
70903
5281
36172
54388
65180
24207
87830
62914
56530
81652
88751
77141
34920
76953
87387
18346
89841
8509
91643
75161
5814
49440
36892
14836
11372
57258
61222
2352
23835
80663
50223
12431
79180
8753
87114
90703
61361
93150
45695
44598
48703
61955
93392
21977
76330
35925
29561
66067
73022
51915
70271
18990
68568
96363
4919
82951
84
52484
92350
38118
5554
68849
34530
59298
34259
64135
64386
69668
14895
93112
11061
19195
24136
12286
60636
77755
65764
139
13273
88584
24428
6526
48769
36339
86586
28551
51670
45915
78651
36116
14380
43036
91215
99339
32120
75789
55200
2179
27102
17371
10885
61841
90971
44723
63970
11939
14343
15093
54197
48858
80163
43183
71517
85436
33668
15209
42392
3798
5877
63021
74528
50076
59831
61365
92210
67742
49208
4462
16362
23425
27474
64219
43557
39310
22396
31775
56429
9630
95518
96448
54284
45233
40
21780
27175
59861
24254
37031
9318
84515
2421
74310
38431
72165
81148
46445
16430
34073
38605
78801
13906
31116
16378
79411
85881
28751
30923
56115
69570
12661
74128
66846
16243
53592
31260
19765
68714
4549
30635
23639
33632
11266
53521
25668
14
17727
75022
63915
56639
52543
77170
4567
57298
89106
73921
30409
84205
82694
14450
96273
50
1081
85918
69599
28732
81722
19788
29855
41881
68187
16807
9241
41670
1302
44922
18920
28432
66303
31705
19943
3857
26337
68241
66142
85817
4771
65006
67412
77883
13997
51872
96148
40824
66841
94225
87032
44728
48156
5024
60935
89859
68816
68721
37396
71961
72100
57096
86935
33445
13296
9327
14441
86
87407
69083
57879
10052
36918
19897
32828
43904
31886
36779
52600
39008
77961
76800
6202
32407
74458
64295
81913
7273
14237
87349
82979
32359
89891
11421
93717
59819
46631
33211
19291
29952
1251
43327
40450
78412
28694
39791
95746
66521
2985
36141
28051
58526
67683
37620
9624
51021
2509
16895
90562
19191
47425
6751
99162
82173
43204
41382
59505
5510
48411
20192
81571
52552
96702
38411
22191
68627
65503
27378
11412
31877
37357
74003
88084
32915
48637
43704
90989
51778
36789
14019
7369
85131
16933
37140
89381
40
41393
88759
10873
45325
21581
27931
51770
71369
20711
88024
65454
4254
57905
42410
5698
47640
99535
40177
64035
37071
51999
86933
95894
3721
11665
53708
94385
28064
72312
32949
4312
12315
38179
24818
55821
66187
41587
29231
37017
44379
18132
40
17950
96176
49538
82270
84574
87625
44558
23931
40597
35001
91650
70865
87557
44607
83676
20787
99069
88415
84510
85901
63840
57682
80178
96502
83883
27377
33036
11356
79303
33090
36509
6479
69099
9114
50017
87533
68586
61428
79007
72683
68414
53
53338
22548
37543
56786
48817
51813
23140
3071
91291
43067
4037
61803
80444
97624
91213
45796
71357
345
58700
90914
55860
45915
31378
53123
92854
72538
52322
9053
47040
75689
1680
75296
8837
29341
41489
68079
84825
25007
16420
9383
67639
49943
49129
48182
16998
65059
30693
6218
9459
10332
21587
76549
43462
60951
47
100
18362
80950
88889
20540
41426
72737
60735
71018
55107
729
59821
77658
18465
75203
95685
74171
21174
18507
8471
9554
56365
99932
87024
96540
29394
17856
33871
92360
33637
28141
17601
25288
81567
66329
99386
80597
39581
87839
19666
37740
78456
55138
83483
6923
17811
33789
88511
48
12556
20290
98521
65004
2113
13812
76825
68040
19015
61184
59210
47755
32536
49937
63910
73777
85117
97695
7373
38224
64603
87920
18901
76334
43699
31754
24655
75384
9536
93642
2124
42815
899
4444
89812
42107
68380
99903
73732
20626
73637
64624
62237
47565
47926
32130
3773
52012
37195
91
98347
1346
71310
66511
2808
88311
8315
27335
32476
1537
21197
99077
17242
38686
14182
40804
78922
84046
78417
29237
58496
13098
22698
87841
36782
5420
43971
86292
60165
44294
34427
60170
4213
56441
57268
52440
82293
98570
61615
58034
33771
28746
48515
60783
6930
10068
44656
87958
85451
81749
88120
71861
94079
98392
81417
176
59091
82135
21023
57217
92201
54285
69792
6721
12757
13169
98835
43523
22399
3152
88892
46208
98767
76117
47667
95768
80444
81182
69255
86311
73991
31016
34563
43032
25752
83843
27455
79960
66056
49081
20404
75361
52
71511
65532
16275
2119
73999
12187
65257
54901
41995
60592
32241
31823
14382
52565
92299
52077
4736
95007
76152
1097
14643
9537
74410
6194
16433
2578
38831
58431
76569
54190
34286
63467
62867
31064
93650
266
28841
39363
54509
15904
96689
46463
11355
87146
66775
17146
99842
35010
65937
29446
40722
87265
9558
59
10242
45586
93047
39313
71052
29057
47227
59998
93100
33770
89121
45889
17526
69462
74671
59292
68209
8443
13228
54725
95431
9516
34913
82654
44005
60156
11490
76017
74279
13899
18947
2030
28564
86715
95725
12609
27824
16087
94379
80770
3896
79559
46416
67501
21005
15747
60164
23831
17042
90079
49764
96225
99822
13
49673
69927
66480
20014
3603
54491
76
45287
29379
88523
87382
5066
51920
16500
16607
81203
65424
69562
64199
85875
32776
64301
97184
23400
55321
18802
24136
85495
49363
73597
55171
6731
47070
96680
89984
37507
98992
46374
63870
75572
92943
63567
95870
33921
19749
65761
25431
12846
10215
19321
94403
86990
39609
73501
29717
14420
46098
50025
8758
24098
37755
95423
44228
40509
69139
19795
8198
59840
52883
65314
26103
727
34369
70557
10561
14459
98247
22573
72218
54433
94438
17680
40213
72750
69
84040
48382
32997
54032
54353
95003
2612
46093
15396
63663
15649
89813
2598
712
77340
48019
52518
80855
15525
83162
73813
56535
70850
62619
48178
79095
57580
37991
26736
89
19927
71274
44490
9648
54981
80878
35709
45486
72679
58702
96475
10887
15639
65799
7152
72964
67308
48660
97153
73465
35512
30730
7119
73612
10357
24501
79544
71709
60329
78363
87836
77682
48561
19377
95970
2243
22358
78228
26119
20031
54
85836
48
95867
83877
12461
11539
21183
62862
79589
81763
93690
43982
12509
47252
87546
48429
17204
31020
3548
90366
59011
51368
59282
3314
92506
30053
77718
2721
42147
71749
59366
69208
61432
94
77940
39394
4697
52145
22328
46793
30117
52679
18766
63946
15099
12525
6212
58801
5977
21001
5254
93245
42743
31536
16257
60
96550
71677
6014
73744
32799
43939
93815
11916
65861
22338
27631
17575
2818
90943
49033
70402
83085
15425
81481
55109
8386
86315
40802
48595
23254
23586
58941
85613
50092
86157
32489
55998
4802
87056
56028
32654
19076
75238
76982
28865
73686
8416
13471
35882
3425
7784
9545
97356
68868
55131
63235
35838
2675
65602
52011
58409
28912
45238
97509
33429
22699
22
56826
48473
24470
16588
1182
30704
48229
20440
44453
35244
26411
5034
13811
84577
15292
17677
12667
72532
44381
81944
12111
30138
