80
10255
62
59084
95482
94942
85832
98721
40752
92364
44227
78964
8575
41770
8820
34926
45648
47428
34982
36000
60039
47570
64004
34857
90331
82751
64313
33820
39201
30000
27152
77598
88026
23954
34874
87754
25546
69024
75597
38739
43283
57739
86647
37918
73165
49528
71015
12741
68669
31493
46024
27062
59803
78170
51452
45573
44399
50752
65550
40430
13404
27965
51713
87361
46274
40536
87
29897
54045
89121
96277
99838
92325
61579
77417
69668
14145
29661
33863
78349
83564
97453
40737
15782
24845
94315
7794
73178
39216
53623
76680
66702
81443
95232
81299
19959
51832
34431
53500
47243
25786
72994
61895
13947
12672
89034
30280
63123
8491
31480
93985
87908
82748
42309
17373
98381
18905
75067
13819
78385
9922
51738
80661
52944
95686
1704
85951
90131
17438
56295
21254
42600
55891
30365
65341
93441
14290
8346
87275
8645
5471
66399
54238
14174
2819
4577
99374
9470
19058
33292
47981
1230
83911
56968
96606
92
1935
24354
88867
81220
85212
69828
34322
60731
72082
52858
72222
35140
62727
13906
90706
5178
25183
4128
73812
56765
51212
13596
63597
35434
70498
18109
92748
77571
63738
88245
64252
45656
50468
55925
29002
67927
65823
13589
39666
14232
81969
28944
39703
49320
74523
94328
80114
92377
82090
93861
43327
77403
57866
63850
93541
52804
66321
42326
65949
80600
35030
52130
53440
95719
32064
38615
48667
64062
2645
87817
51872
34417
65334
83879
60362
13712
37621
25514
14254
7737
33550
10473
84931
60177
51881
14283
57560
91640
52313
34882
77122
87340
99397
49
98579
7192
39047
22769
6121
95303
60916
66239
43873
47189
91413
44647
31034
52507
56775
88715
18063
68719
53359
25706
77398
96792
63177
12614
12095
23912
56734
18292
8859
70152
32341
513
58128
26135
51318
50575
13176
96949
41904
32895
62672
73924
61185
29902
46659
40362
23963
13606
54634
79887
31
4363
6224
96827
49155
44654
29892
76872
45104
11083
23160
13237
66169
11372
99059
98643
47387
64751
97789
36668
22062
43948
70064
57348
74657
64906
19131
31399
13795
46345
22191
65026
91583
26
38729
22982
46360
8625
53225
71439
99987
55240
92775
54142
97897
43699
6338
15478
40413
42237
91665
62260
17187
14505
8358
12417
23146
21476
21142
13216
3925
43
76058
24279
51573
28617
24149
51340
47137
14471
72121
85575
25776
68644
57551
50263
22167
25692
17394
81695
39236
52889
42848
74404
71589
30431
91101
2195
6567
82920
55034
85884
20459
85832
75635
16272
85135
84846
18738
56617
1294
8182
27578
42666
78479
22518
6
70350
89154
81579
81589
11273
34416
43166
54
24413
72238
85164
18802
38734
75719
33981
46645
65954
8367
29926
56369
65247
26259
93148
35863
22413
42759
21101
39794
24899
20504
43861
80571
11007
87476
87180
44697
46747
9262
44828
41616
36991
87937
41535
19651
8950
99566
75780
64156
15463
26893
67692
26725
93185
91584
1501
21104
76473
41245
44250
61382
11640
444
42897
12
38201
52103
50475
58370
3829
75871
8620
30385
57984
33473
18584
15244
25505
58
65753
61939
95934
69963
23716
90163
76939
28928
53092
52348
50933
78906
27638
55601
42818
57864
65513
69211
53764
97271
17172
14616
41044
36167
62967
59021
27136
58781
3371
11304
2687
56754
82597
49405
47381
11599
72466
92105
30362
90822
57509
64892
67582
51998
4585
99573
7297
53081
70701
50351
86895
74389
1268
5268
54356
67926
97667
21249
75841
64
87801
13408
57284
74429
16208
84853
92316
76323
81364
91915
11436
33051
86932
1535
48108
97540
41031
12506
56260
21955
32995
80304
10667
54949
40622
6459
96797
35820
72581
27719
49896
34153
30432
67702
34467
25036
82624
94313
64747
34576
78846
59863
54400
38183
97322
87680
49358
44975
9859
8919
41585
55672
69923
46349
83526
38439
77518
88094
23095
27451
51320
93609
57260
12267
43299
27
58667
52657
63966
15400
64188
23121
47434
99105
26881
64108
74618
31429
23588
92829
90207
76863
79226
5526
94436
53647
15803
85249
64230
48321
59307
14381
59946
51222
41
79573
3723
39664
9455
48250
73380
66156
34659
90454
41799
92651
12019
17573
5923
48682
3720
10368
91786
81145
37592
12710
92359
6584
61211
74587
93593
73007
97442
38172
70653
87579
76057
74145
91134
68999
22421
91935
44979
38901
68691
67217
31828
76
15602
52714
75700
13235
13593
64266
4197
91549
50922
63097
24826
15126
33349
87381
54565
20206
15094
21421
10466
7023
93984
29167
48882
30308
15051
20284
48780
19081
36332
61607
70692
30816
98188
94595
86957
31875
3219
70258
71246
36059
57670
67027
55727
26160
47211
14198
12794
29637
20071
3791
94930
18812
28711
37092
71059
58446
37609
18602
30653
29112
39146
79785
87910
13488
32239
87740
7446
44483
9035
69802
90261
79084
63878
64090
4143
79844
85687
89
16188
57153
20020
3051
86799
49721
90298
38799
14309
98179
49012
38211
77255
97233
89222
71288
7419
95518
84247
69671
40849
49123
39160
31740
36409
24676
31560
52914
21794
90958
91064
42793
25477
34215
17062
1110
79732
81634
62486
37759
34650
19905
17713
38740
5976
51348
13174
99437
90635
38786
21866
69440
22972
52151
83646
78961
12013
44758
92076
45948
95476
55244
81534
95068
69782
52363
27414
55049
6979
14146
25451
39190
49287
60375
47577
55405
79878
37877
81149
36750
4525
91862
46038
31167
42935
43301
49733
40054
20864
32343
85
49248
74504
80762
92699
53177
27181
72692
26024
33159
75077
52160
3560
14221
23430
88419
28761
91299
47639
65605
60826
85348
14668
11981
48121
62576
89364
95793
22102
25975
67545
79757
19075
67263
23151
44232
44068
49511
30275
60321
16196
75978
22540
18483
38123
89047
82111
95666
13593
34673
8492
74526
96425
22370
3328
12017
92023
8524
21583
91422
48130
31703
81739
81865
65433
32618
98096
72385
30570
98558
96753
43868
24220
82321
3549
91425
85148
59097
46997
12269
17451
1223
2166
29692
12706
70379
12514
33
21324
49544
65804
70662
48145
62901
67553
64286
66135
60902
50856
48307
39051
79811
84961
99923
19003
20320
96646
67398
38094
28187
98210
47626
44641
1375
23831
40063
43976
92776
12050
38346
91413
25375
37
7759
50677
87580
77828
36627
74968
30450
55235
42790
89778
45679
74468
62517
56694
63454
38422
48508
75626
72682
61142
56102
39276
32570
64035
2350
88093
14206
92641
41322
26608
83498
81695
10834
52713
12752
13462
70695
20342
88
59763
70680
2951
54396
71632
57600
50316
51592
82212
55162
34369
30660
18273
27755
61157
96551
73647
69867
85470
65971
83937
46526
2294
52674
55956
46975
4954
86097
47719
3725
93667
74129
65135
72221
90195
27935
40163
62510
64393
77019
81784
63656
6661
16065
45983
4052
86649
41644
53802
46376
23074
56440
97603
24605
52042
41475
14786
92338
22063
22618
75551
66603
62734
86736
26658
19405
71074
34914
56697
90445
34581
95478
32
68778
63304
57876
76373
18602
34562
30047
70837
4939
63438
66459
95384
8679
99748
61822
36711
8
17924
56305
87913
37085
10091
52128
81685
47320
14588
99
91353
99939
12295
62202
42664
71407
1327
64259
84082
62867
17029
30113
96233
31757
98659
69758
82171
16313
16754
77519
69297
36273
65894
16792
71077
18024
96425
34156
2063
10498
5683
29358
13310
29334
34338
92950
16899
91105
16729
11732
98097
76893
15385
33637
71562
95026
29405
78367
24065
96490
3982
77789
337
33372
84055
31020
30953
40589
48939
63130
71571
64261
36748
83482
21362
56248
17531
50043
15153
3719
2240
59322
38576
65032
81045
98140
98422
38782
68915
13022
91450
1586
99060
75807
54044
11941
45473
49896
42401
92492
74731
90603
88362
71069
24127
45187
99495
82054
78341
53396
24
3980
70073
87731
78661
36658
61385
14153
53380
1748
72008
98576
27053
84339
8451
32241
12244
19936
13446
99951
23551
71205
99174
69155
92405
31868
50
34975
97445
41350
77512
16557
56534
93094
99677
63487
31297
71897
50619
97504
27916
61180
89084
84408
39012
19822
64584
3777
60563
39966
1763
60005
35114
62187
29294
57185
17926
42439
26962
42457
36269
36429
89690
7741
13715
91348
10491
28113
61046
12347
65680
6604
93363
1719
45128
89838
18945
52419
8
16665
59626
14393
59953
62822
4706
42105
42149
48685
71
74743
93390
84260
38913
96758
98054
35863
65405
75701
59701
12282
20903
76800
47096
84728
90847
9234
43713
74530
85014
67795
94389
65246
41238
95424
83544
21774
76159
7057
98208
28036
31234
83272
26081
86941
85771
63443
13948
61576
60389
42385
64988
74977
14116
1966
84872
27305
46229
89675
96008
33909
49992
89869
26902
35493
29586
20215
49312
82497
83838
25794
79729
49786
80731
36392
83686
94892
95261
98707
21503
33305
59801
95
52289
67657
80997
8194
69365
74201
10048
12914
74776
19564
14328
2785
13097
53542
87422
10963
75540
99558
51958
17945
54142
43438
55006
72696
72833
3257
29382
20363
47273
48281
95812
54622
28543
23408
10744
90196
67169
27002
22461
81599
93383
84667
84217
97890
47160
59229
87261
9
7267
38107
18903
57235
62420
43236
21191
82347
39627
15834
24289
61281
54859
38578
55325
2378
79454
71110
78255
32768
21986
91304
3185
24998
9800
54374
14663
45701
17016
4625
7565
79932
26544
544
86538
99714
32467
42947
80322
13429
86155
27992
45853
53869
64539
82149
88664
37070
93
74597
5941
51517
80512
43994
66438
17846
55604
21243
77547
92879
36454
77570
53944
78647
87689
78173
94528
36974
17491
75650
94784
3293
11988
34577
70230
39536
97900
38857
43268
65253
3372
96812
50550
58577
43312
25538
60879
24196
89989
65637
54692
84205
2264
50212
5337
59504
77541
27869
19653
74373
59382
18517
40748
34905
80689
62826
89429
3175
47462
11515
22378
13346
71369
88973
14975
53337
40700
57262
34554
66264
78763
1142
55932
9547
76356
52536
85213
46385
710
73733
128
34261
77098
22603
85617
18193
11314
30273
41874
32626
71311
31916
68734
66
74507
4729
85078
38162
33619
83643
24831
18279
98353
44968
62176
75839
92896
70905
57756
73801
89837
33753
84913
84199
80036
67627
90462
96396
94915
27661
67975
3157
12725
71875
73264
24799
33598
39323
91500
59115
39515
39589
73346
25327
64814
13368
93475
4047
90434
71592
49056
61991
40841
71464
8036
90183
6415
41758
37470
77411
36047
26852
90692
86929
44805
79257
8771
3662
59735
93750
96483
72
83225
42729
65945
47202
87828
42043
2089
51148
69029
49314
93307
17020
73179
72613
87905
94865
86654
46403
82379
90141
19270
13738
21101
87474
40103
39017
88633
33633
27051
63920
5681
31484
72846
10692
97622
27252
49707
31553
90553
57099
72381
771
3992
55873
15098
46812
51626
20780
31751
25988
31923
65842
652
46151
88962
99168
65251
59233
50488
4384
70469
54813
4982
10023
621
3398
62460
86227
9401
17728
54742
16810
94962
24
70076
56558
13886
54201
84319
98563
46662
22745
46273
44469
24275
36771
98285
91698
589
82142
64927
26031
8457
19645
22317
35381
68815
90339
68579
42
31502
67077
51943
77115
14139
37805
77199
33198
71129
57110
3437
20176
68681
56501
66480
6029
63739
61040
7895
19541
84796
20174
69185
16733
90783
24024
14487
57952
40592
42868
78067
49051
40242
97200
93912
58751
47308
38503
53865
36135
2966
96717
58077
18
30816
29454
66910
26923
88663
90067
37001
56434
84517
16990
25836
15285
71269
35114
78968
41167
15900
51480
71933
77
98503
22197
64949
3323
34021
65246
42638
77021
25340
94709
53302
63704
50169
55968
32693
61297
56191
48544
95758
54845
88992
33514
6477
18723
5542
35791
90735
77212
32344
68101
40038
90931
11818
23076
64961
45282
43115
2667
96327
78921
64251
79942
99452
5172
41318
17351
62161
47387
27498
97652
40840
30449
29687
58968
429
44915
73791
63804
64076
27755
91066
73370
96044
84198
57378
43168
77527
8893
4841
3589
99181
51409
91014
40102
86467
11026
54692
41645
95
38871
9288
42971
55999
71598
24921
46910
48418
20163
28520
75939
39409
89663
7626
68926
17351
11805
38029
8533
62966
30214
67992
37564
13081
90662
82512
98361
83196
53192
39951
8408
61139
61210
20304
67394
57639
73796
49494
76267
1277
91798
67301
37175
95097
85732
87880
94693
10039
64052
61286
73372
76404
4062
82033
64403
48731
4565
6445
15045
61721
9263
34366
78501
65297
93004
82830
89034
25375
99167
29318
37373
3628
65779
30529
34845
84266
80404
28859
71164
98812
59422
43326
90437
10841
55990
4232
32717
61846
62802
31590
14286
46666
90711
76197
48871
82316
73
39191
44134
57605
60935
61047
42999
2579
69291
24177
17798
96620
20490
44646
66688
41937
63428
38001
6441
65213
39257
31783
3450
74349
71956
63053
35687
89519
96119
43072
32339
88163
28102
93264
94978
52073
32891
56701
64391
81414
38341
67545
60555
45259
896
17259
89754
71186
32464
90837
82467
37464
56805
58941
98410
20559
75609
2522
10982
67947
89395
15366
62383
11651
36403
76976
62803
11438
83866
13299
92309
18284
30357
66022
52476
79
55343
72525
6276
56777
82648
18038
39382
42609
8224
59147
73813
18382
79435
33519
65693
10109
3003
64579
22924
11888
1848
41811
85705
73838
37207
7488
23054
69900
61786
8830
11913
16665
72090
80962
81877
97316
83672
10494
28240
55802
61734
92160
18809
65504
1301
31659
45793
43977
66180
66717
3112
80714
63921
75313
1553
68458
55246
15170
69510
80222
70690
91788
25375
13954
34657
83658
49179
34739
77652
62779
25701
80400
51149
36181
79022
60583
46365
99901
69367
71651
59
40669
77108
70144
28328
42587
55897
96097
48775
56131
97177
14150
4346
65058
11685
45206
87550
43149
82
94251
22972
27158
54435
41032
97856
44990
5085
49437
7172
28801
3268
68674
86397
11588
8874
44812
23344
52811
34880
34730
11518
63671
85204
16220
31840
5904
11144
17744
26977
19297
3053
49270
63131
92592
28533
1667
57785
30065
26175
96240
88750
82
64780
8350
89788
99266
81953
59405
81156
50730
23146
70082
79604
79232
12428
94291
81669
16442
99685
8180
16578
70171
45410
11369
20596
88740
23918
8673
93381
67720
48547
79709
58712
5312
48280
11060
66895
31517
54259
61114
44220
33167
86749
51187
16037
72030
68407
28238
4336
46397
28041
24242
28145
77924
606
45213
15644
14965
73758
58893
70578
31226
79069
14299
22352
64311
76895
18577
29170
82554
37858
17067
96599
90524
81070
70959
20174
83677
89453
3641
59949
40855
85897
91580
7342
100
20519
8505
10213
94333
88870
92705
80770
47947
73759
96391
22740
2251
79161
93385
79171
36368
3756
66775
20315
73286
83719
71757
62193
97818
19672
70483
30816
13018
91059
65589
64431
43381
52728
16926
76748
52624
3136
12088
87787
81464
11319
75488
65822
26488
90689
42992
13795
75108
11682
99574
76699
83525
52449
75950
42565
34754
96997
26832
59045
41959
3605
68222
89995
68725
82810
34074
92049
22330
43908
23695
99865
38705
91669
50402
70519
18497
80818
69251
52490
92458
64876
57063
12733
91406
8067
41488
76533
71073
64221
27542
9144
95372
65052
49808
95656
12990
1613
86410
56119
71661
27424
7
66618
2078
59486
90447
43823
69132
4280
42673
91
32017
89872
60547
92403
76688
42341
42460
3579
84280
5035
17936
55613
77329
62513
75870
79805
41937
97551
3196
36013
58552
79213
6926
1012
86591
52733
81630
80892
38872
77860
1743
77011
50679
41282
63480
53043
95227
50914
74671
21895
22424
5061
92504
95544
1033
17857
38935
18317
25684
73884
81436
34683
9660
79506
52797
26339
21990
76201
97845
90154
43083
82053
77239
18520
7010
31584
28904
86685
70485
91212
86199
47864
98728
37891
78590
86223
86575
1872
95359
80279
39590
91004
75821
84826
24375
33651
517
48186
59883
40
97060
43398
63
87728
41547
6913
74626
85907
31892
46405
10031
65352
32968
523
11218
76116
45085
7719
83680
73421
27138
68711
90126
33720
13666
67735
3818
67516
1081
51412
5871
83293
42513
50877
77313
7784
82976
72760
80577
21813
86988
77671
47041
28058
59310
11044
87351
27367
36119
50491
19471
43606
28725
86288
65761
3546
34854
57141
4851
47905
93551
22116
76674
22436
48899
61402
29762
74
5077
63522
68719
54085
650
74693
6809
19565
3535
57199
53644
95347
29752
27978
71214
64926
18847
26063
12838
35981
56779
88066
19075
27963
23124
94614
82265
24909
53564
87440
7049
37764
50958
46774
88098
24512
48690
61766
98246
23534
28493
22838
30304
65867
21665
14201
64079
45437
77322
87190
36449
42798
64283
50668
76836
17591
84199
23410
32992
7652
12696
55216
52762
98590
52602
38431
6328
56673
78717
99622
30388
49957
77146
82363
50857
18
33852
6359
93887
87914
6875
15646
26323
79329
24600
9089
76233
78855
88440
80167
71713
20642
22519
79805
1899
54
5180
55964
47969
35723
37576
16776
53893
43074
53130
10192
6775
59522
48309
12429
74871
54008
19955
69957
7695
36749
27298
45303
37114
46393
57845
75681
30923
95425
65477
65231
41114
76729
66370
96629
57904
13177
23793
65873
27552
14276
26321
15242
17106
89135
65730
63759
12425
53409
50549
11913
17194
59359
49219
27964
80088
73
42814
6855
14881
18656
81433
29567
93979
16963
80675
40687
89722
36697
65011
5036
9791
20
63408
395
23103
81315
89196
52671
859
58008
91000
22300
3712
86878
44421
6252
30522
99177
65212
28670
6742
30628
63858
55032
31232
28235
28733
79625
19095
4876
20439
4215
75172
44737
83449
46974
7854
97938
32863
95053
46154
41049
53826
41615
54295
21719
59119
28722
47550
50265
86436
51157
684
48812
81020
63087
6034
19469
1643
69383
83
47022
8284
76532
55901
8744
38448
24212
40910
24203
55660
17964
13716
41300
58531
35794
45008
21283
71628
87151
78074
55127
484
61373
59035
16389
22180
14533
14223
31563
271
8573
38877
27948
58203
34632
8327
1152
18913
23731
47910
29660
19977
72223
1126
52203
43426
86930
16828
15238
57302
85389
35769
92427
52019
70368
94406
75788
68777
34611
79566
39048
59575
41701
61454
77749
88733
72029
4451
37778
84428
19006
5219
54250
75353
70014
35902
36043
2443
9001
76511
47806
78478
33199
5088
61
79435
85165
76820
67220
90627
63096
64014
76749
97917
87395
47679
46594
9744
69451
48428
24051
19215
49846
59547
19335
67175
47481
98242
63102
46954
88587
22478
45049
99413
65114
70262
74575
82927
5724
65835
52212
67109
29397
2958
91444
91380
91621
59319
84511
49871
26193
18069
62930
12706
31860
72585
63741
70363
52323
68789
75820
92582
50597
95693
7153
26232
84277
70
83563
17552
46924
67679
62142
33358
52656
65477
18529
73085
5909
85503
46166
8959
16461
31348
87807
65103
90937
90631
4786
48064
56395
1377
77958
71024
48991
55538
25715
71864
31292
73035
19092
11301
85528
17378
71778
51455
66841
39599
83670
57506
90579
31089
20656
35507
70720
37904
20420
17949
22709
39217
24317
35344
93306
20789
48758
66862
82498
80698
26025
45984
78073
89037
64101
8160
32160
85880
97808
6623
70848
43
29470
89790
42955
30055
86288
29105
82043
35545
53763
9693
77033
42744
79749
47878
21014
45508
82098
79385
35347
95033
34355
69959
46689
90709
48616
36181
28275
12192
22379
28412
3599
56010
67127
20069
50595
83867
90367
67877
37457
11751
59996
56255
67458
69104
41
15641
9426
35474
50658
9399
42982
18464
70240
16782
53212
71247
70159
546
68134
60500
41630
36896
44134
86366
53092
2778
69513
24866
53981
60925
74292
10182
23355
56595
5698
99313
47003
41602
52993
64834
95079
71047
82789
42846
63767
76021
76567
23
39157
1634
45775
2307
39228
13861
36716
49967
90734
20974
27397
4644
1787
25766
61528
22177
98063
23277
61110
22138
792
85412
8311
19703
39
28627
89816
32850
97857
43755
52377
39720
49356
78087
26987
23553
84902
98997
40923
83376
56993
35648
51836
7421
16794
90777
6143
3261
91238
38039
45158
53729
71488
72099
56716
20907
23820
58405
97498
51842
75554
37516
91811
49080
73226
75
46282
56752
57981
11090
6749
78627
54049
60045
23542
88427
20148
22633
84461
14647
70808
32354
20892
82242
34854
25756
91883
71748
81660
35432
3379
12760
12305
36236
25433
63163
82376
36371
28866
38114
95926
94215
74699
43475
85974
58978
54572
37278
75920
78751
98497
89740
98414
93001
37420
37476
33434
28234
32424
30751
15723
45362
59835
53994
53250
45178
72049
59222
92960
24402
37615
89678
67868
88923
889
86653
60398
73146
91549
66359
20889
84733
58
25645
87326
92628
89379
85493
62578
2834
59485
9420
18849
21269
89792
40267
15503
85889
32555
83336
36090
61327
45046
26441
73139
28437
7144
28126
15165
68449
43887
24199
19328
36803
83345
99663
85350
45323
1407
48255
81486
22998
79340
94992
11802
5459
27458
88509
55441
11133
8784
79410
53244
98102
30286
88485
64812
59841
56093
34342
69996
10306
38
33850
42789
29250
43784
10803
82740
87175
37618
48247
49237
46001
10998
98191
7425
36292
84037
18740
60988
44835
47353
43179
16681
7344
1054
98107
98234
90271
51268
78487
3148
62971
90593
56270
74887
6871
6893
46282
45108
81845
37
78110
85828
71638
98791
25980
99803
59994
38456
29949
68898
47024
8513
1216
74842
1397
40623
41947
4559
58108
62202
25742
53075
13848
21745
78697
41087
42413
23368
73027
71333
51128
68255
95266
58206
25922
49976
79319
78424
68
53085
970
7041
3773
59995
14932
22771
75401
79799
78119
89287
29168
74527
43533
45086
22809
73272
28031
63488
39009
32685
54184
76471
30523
23536
41551
91308
69773
97334
75915
67334
56153
14463
16361
61691
42139
95856
9581
97515
75355
93894
68336
55797
17896
65071
36786
43007
96509
66879
9211
40607
57627
94448
90617
99667
49800
18657
87841
4089
32706
86764
97976
89304
16749
99020
17289
69808
70108
80332
29
98544
91189
24694
35043
53883
33554
1954
8183
25843
87704
81399
68596
52169
69505
44734
87415
37064
38561
32196
3680
70564
71528
89883
64970
54986
45129
63795
77400
36324
41533
17
10936
33151
74823
27436
43545
53288
51413
69690
43412
89432
19568
56012
82343
88886
33596
77441
45394
99712
57
64042
51915
5839
54025
41625
31372
77072
79104
62165
3703
76430
46076
41024
98401
86871
83239
42780
9133
42241
8947
19279
21425
73112
35005
18471
69783
7246
99009
50639
77605
96481
50528
19865
8317
77147
67654
2833
9422
9459
60253
84564
62450
82856
24153
41216
61326
18887
46546
93778
29218
50989
27023
43312
49689
11377
70970
38322
31807
10
32448
17914
50830
41969
32218
20596
6215
39886
53239
47865
16877
12
20735
24207
30011
18162
6868
666
54240
82439
61044
7852
40454
336
56090
77
24441
10540
57785
5128
14235
47429
70657
84718
52094
89411
86492
36891
6123
98650
63655
77184
49768
36690
95113
67811
68757
32022
80964
67202
94538
70236
7295
63763
871
75175
47375
18577
15943
50389
43453
31693
96205
54169
97860
89714
80164
88595
628
48609
90369
93265
47525
54961
80151
47778
57160
11321
27934
3506
78755
46911
66485
84868
93184
63584
97005
23026
49069
88799
78731
10852
42975
82281
3546
96956
48199
11126
62055
68763
20137
29282
82726
9827
58
71667
78860
54974
81684
628
69547
8367
93074
22992
50222
34211
21992
29677
76020
77569
27524
96637
86878
23653
12668
25843
47156
57927
33181
98087
94533
46529
29333
55589
93037
16734
85998
31679
63264
80588
31341
97296
19236
11328
17213
99597
75768
51843
85455
26657
2847
7180
13441
44078
94239
48976
49481
14235
86386
38710
94118
26985
10621
58786
57
41830
86847
25723
19801
65869
70020
48091
68451
69282
42156
83363
9860
70685
2023
42451
81835
8373
42303
88465
73062
50281
19709
77121
15310
85446
17414
90200
79564
82810
71099
20617
6431
99394
80031
77904
27840
69207
52825
96278
91815
6659
43853
43987
85049
13868
20773
52239
58987
89877
66226
4797
4361
1676
57476
55169
86316
91816
86628
68
47761
65505
81010
8202
12059
21239
58423
54797
67839
63356
5172
18430
98533
62341
96149
28537
27091
9255
85697
64343
82423
44397
85604
69850
58237
27060
12277
38636
27239
53260
29001
8954
94081
21311
31166
66735
18954
91356
22445
14364
20420
84273
8104
26467
70817
17801
88015
80460
30525
83305
66363
19240
28378
25308
7700
76135
84703
97696
59649
68140
90719
35493
31471
42432
3462
99114
64648
43326
88927
20
56734
52048
47787
94802
2966
40115
87810
73799
1452
68596
65053
77670
27242
60153
1879
13108
18185
68534
4081
52411
31184
72
41607
53249
21324
13618
27855
31795
68313
44917
30988
99401
24776
86804
77423
22276
89161
1065
62403
66100
12372
29466
65484
43046
31703
3469
79810
87389
88263
42836
3188
47692
24783
88179
6285
98506
79566
41539
88664
42578
89295
21191
56912
95756
88527
72138
10782
21111
46901
12131
3047
6201
16472
34554
46675
58020
71022
34144
78978
23809
6803
69271
56534
32784
39909
25381
46982
93708
79306
98206
4185
76372
76514
72479
61804
52
53050
32140
56975
60407
84964
1410
576
47050
80120
82593
43473
72914
18386
26113
49180
16067
37467
41048
72507
49790
37844
30276
61087
69989
49137
13398
42049
56128
47172
82674
29669
21949
36140
22519
91466
36542
13448
11445
40017
73770
16225
16851
75655
78640
7892
87705
91270
22871
839
47886
64571
58766
26939
94
5472
70392
61510
4445
96666
64177
78265
77140
63977
37199
62951
16641
39764
10774
41523
13383
37413
19383
85125
67418
37871
540
38558
32046
224
39916
81553
74554
47449
87819
72871
77253
45801
78096
46114
31013
91660
48586
23082
5622
43226
83421
85628
16558
86109
71835
183
46136
1631
5528
20459
18487
14584
17238
3321
72476
33206
96853
60422
24400
58323
8205
33893
63198
30853
69637
28259
74894
7318
54499
52710
50155
1515
13923
27937
89052
7169
23531
90007
80540
21188
8191
80049
640
20011
4488
43045
42954
2638
79265
71570
67894
3021
34429
21093
33
91833
93127
92251
44786
33026
80489
22539
57976
34103
83303
54890
26661
30730
97337
53904
8516
76058
48423
21778
8137
63068
4018
25520
43471
94263
75634
84556
16155
27207
49337
83643
67518
66692
71485
70
6079
44712
59904
63763
99433
27983
6924
67376
33721
19385
89997
74873
57232
74497
8060
4472
41196
37307
17383
49472
10461
10211
49321
11506
19492
12578
54221
19059
75016
49441
30651
53253
35642
7287
67214
99890
50895
17441
45385
21791
37397
79228
26123
98757
28258
14853
70454
13772
73283
35859
24806
73563
12207
37067
35533
39242
90936
98047
43910
8446
41650
64471
52813
34270
1607
2090
49360
88237
2664
64628
13996
75
23721
93544
45787
81993
61733
72385
86186
13020
43393
91378
29032
70395
69255
38940
63297
86408
54779
25945
6871
76762
8710
65865
54630
66903
68155
79322
82102
86442
91882
65124
17245
52286
98625
81503
17126
64367
25518
11080
63797
19135
73338
40976
24172
5517
99822
75522
2436
85603
20102
13201
50308
78063
74171
61715
90452
56127
25299
35495
51365
43963
60446
78504
8279
45346
73978
81845
73933
66772
29364
20468
85504
3491
10031
16172
89552
41423
91
45163
35535
90508
79319
47544
50255
5762
19347
63444
80547
71185
43672
15869
59587
18585
37911
83906
73369
28550
78620
61581
78259
13956
64064
77439
47928
17797
92769
57829
8560
66564
90208
52931
54920
8013
31705
8685
26677
27885
60553
60114
64319
83971
54311
41894
57067
17923
49408
60596
41387
5256
94396
49676
8010
82281
65618
33060
27813
44976
45524
56096
12494
49342
33513
3681
84628
55349
31936
14517
43570
47316
25764
17750
78532
32408
53441
63653
98314
65921
48547
93535
18278
77099
17193
95744
69541
72472
4395
24390
72751
75043
94223
16
49408
17125
83131
20122
27380
42217
63619
92298
34052
87061
56280
3650
60535
8824
32261
37303
23393
95
75335
3947
46532
38626
42977
53739
35261
7376
99286
11297
16901
5987
9033
44134
77966
60241
1791
85882
36553
77912
37834
74852
50466
495
33377
35707
76482
73334
31731
27513
64271
59384
39077
4881
89656
96916
78823
90647
6222
54712
56873
38276
21718
69643
71651
70106
86278
60988
47356
13576
13152
3459
16663
21749
39476
6620
29978
56721
74556
92218
22353
34911
76171
82944
26294
81781
41649
16219
78954
20176
99723
74827
35580
21264
41669
82580
67583
79975
35761
47636
93231
37870
27786
48737
61728
65508
42166
50317
87305
33718
63190
1301
8961
48521
93911
19367
34
98053
61471
87575
5775
61449
61906
93449
34843
59454
14959
21973
3435
84442
29976
73431
73775
33548
67638
14608
7726
82779
19134
87599
16541
82265
14292
94328
60502
23207
13259
46825
25758
25630
32520
23453
16
22695
5351
99441
9260
72116
79255
26484
49193
8142
8482
20599
54709
58582
8437
80049
60964
