31
34503
22
87423
95525
26444
28965
55188
11690
21755
80512
93852
88175
32770
49986
32643
40492
42619
97479
51747
30241
78125
53640
42446
60242
13076
58
15866
97079
1434
85939
39625
55343
62807
46752
43494
18614
68375
85733
50147
91054
4462
39638
55105
70460
23101
1607
1195
8718
24164
11672
67166
78829
52015
66399
17518
99026
31165
49381
41200
73966
10009
20363
40494
580
29512
64930
18251
51905
84549
98977
51541
96025
99649
42579
32905
29290
97999
26433
6524
3001
2814
70694
25994
1036
73577
81
12794
82203
46142
37832
128
35593
15323
21907
5499
9797
71357
96402
87196
67581
77486
97913
4812
86457
54944
22432
21981
72555
23707
71641
60712
80309
32693
24949
41017
33682
1396
32647
16961
26020
86508
83491
50847
35069
81687
86045
50918
27319
56359
17265
34801
41536
40374
34126
70828
35206
65289
14465
92460
49580
80205
91765
77230
99112
70346
75276
30916
19299
19924
1636
20123
13286
77348
47063
52002
22058
476
40259
8532
5668
82350
55271
4605
63632
83725
30889
54106
41508
28
58553
96217
67621
44117
4257
55409
39010
85773
81639
82862
28888
78648
73190
54518
19256
7616
4455
81536
71787
85543
12116
22592
37681
507
11018
74311
72945
87035
57477
57
69356
21208
26622
98224
33376
96627
70061
89917
45364
98465
96818
40115
9670
56241
25267
60244
62510
22424
86720
80536
39048
93628
22325
71798
13647
63893
4142
55885
18029
75446
28483
53106
10883
11326
75088
32894
19483
56384
99172
5226
98923
38439
25100
14621
57840
49729
40176
75978
80826
40325
44998
22079
37204
69768
2811
16266
3434
989
45
20653
42161
21409
28136
116
74737
80153
22299
85433
56031
37415
81207
15089
10453
32272
5973
24610
16324
88649
41395
54705
32066
95597
40457
5083
42190
17707
39776
69503
63613
14227
28394
49399
93603
71335
59617
58409
99462
81001
50980
98182
47054
32032
40971
7012
40367
15
22815
57195
97529
74208
55386
4431
20052
5530
59238
73155
21521
95305
41766
95381
69595
3533
60
7461
60847
97267
19376
49091
91875
18207
35670
1972
12044
18748
19021
51724
43352
61845
36587
55967
31101
43443
98415
53917
45442
62708
52389
58433
88291
34950
32743
30105
72753
14851
96125
44833
32877
73530
96445
31255
90448
51927
95165
72466
52452
95179
77235
37653
38001
57863
44521
33592
36674
58385
88363
43393
81614
52301
812
50442
80181
88968
70142
29193
83
13689
20359
21258
84420
78396
96759
5200
53684
27912
69958
11508
43188
35962
29377
30397
1439
75365
63818
9415
21628
20214
81546
40283
75543
94342
5205
89934
63460
33
87947
39442
73691
83646
36282
56326
86196
20746
92472
40656
73497
32301
24684
53472
49131
75660
96664
57195
88953
89263
40333
72050
3841
8422
34532
79930
73677
11018
999
87739
61990
96576
64750
95903
18203
49952
90147
4576
40179
91723
96267
30009
13592
71399
75559
96608
66629
16675
88331
16405
78622
12239
82268
66981
59444
45
90954
31315
72821
18950
98304
68615
11232
13195
16822
43855
42612
28001
16779
55589
39845
41402
60683
66518
72842
76467
42820
59390
90004
62156
7202
11969
40944
55782
18866
9161
95572
83466
93330
87785
96011
46486
46846
40091
37246
36069
16178
85776
10050
96886
10762
59088
56
80442
2420
47544
73668
33507
28170
61866
3057
73911
80248
12894
33464
16225
84099
20607
48123
23285
19877
82768
93397
75978
25913
86318
60697
73363
33641
53316
27387
97938
22631
75033
44180
6748
51666
2767
75417
38044
17215
32001
95570
55316
14162
37717
20408
85777
25362
93000
4509
48771
46329
30502
68120
11070
59293
86915
25861
50641
7
4270
77358
58254
80062
48724
85608
57135
26406
48
12743
74915
6910
37030
4810
59226
75921
63983
17306
88559
37165
75280
51407
93378
32752
91756
27189
68986
55216
60817
54624
31276
33639
44550
75696
39239
34068
10893
41748
83983
31741
60472
58982
23049
57997
39801
82034
20884
98353
62716
60625
41643
19819
86247
47518
28829
35361
64552
57365
98
71297
35123
25490
61860
89470
75159
53259
10136
30187
2806
42407
56903
84204
87929
14536
85259
72448
80125
83994
15832
10703
57889
2395
41079
63134
52155
21319
79283
43337
99886
26034
18779
4476
38944
77583
42612
71138
64161
63158
46566
4672
26355
95418
89389
61077
70975
20249
43022
95907
81125
89438
42821
94201
10903
29841
72940
55108
69312
93816
60490
40642
42455
7090
93556
5959
22250
39651
22792
64513
43658
12886
54060
5686
19163
21899
90486
74707
99240
95783
36266
45128
80580
40616
31722
62628
30051
10007
49348
15615
91679
26298
43952
92838
96375
31813
16528
21161
99717
84072
22
37675
31758
21449
16593
39491
54677
16500
41447
71824
89010
3005
68153
60421
87275
9782
76434
67880
5000
59392
69518
55103
43462
93094
47
58900
15907
64747
32083
54646
19576
5854
71130
58981
79551
1494
70122
41641
67266
32664
97391
57854
86451
34356
34869
83092
62349
90701
92797
30537
66257
38573
5783
58280
56718
79321
42384
28034
21180
4580
76898
60070
57460
26643
91695
40125
43078
66435
1122
73171
2320
92874
13968
47
95832
26240
80404
57880
25642
15149
1499
95429
69642
71835
14640
92808
33944
3643
6566
81495
38908
10021
47224
55121
35252
23723
82319
4214
80310
62586
70117
41793
91345
23912
99016
32746
32748
97393
76340
60405
87041
94422
35988
12202
5766
91802
72777
42992
35681
66024
74749
79401
69
50681
91171
61458
64933
84025
43611
78826
73114
26288
60218
48080
52064
17112
89219
94799
2340
12270
26637
49607
2831
85834
75384
40884
34497
9065
38111
68476
93110
20480
34604
72550
70881
82953
25992
69661
17428
83125
22677
14080
74228
66038
50658
56666
13516
13612
51773
15777
2524
69419
97414
45184
57040
84226
2384
82453
44437
6809
35824
87928
45647
72834
39516
39237
88008
50885
80370
29160
16455
89251
83535
26
79236
69620
15326
92431
66145
14607
11041
34344
52205
14863
71738
30039
67789
38465
86177
34401
37394
60446
69396
87738
3544
3470
47742
47071
79801
12068
61702
64
57372
92289
2522
63095
23536
36227
46304
61694
36909
16609
217
18757
44506
80475
29408
77718
18636
92953
90353
71302
37852
82239
56645
55704
35486
15087
86574
39789
91763
88505
48386
8715
51027
57782
88707
2396
4318
33601
2400
98406
89369
71694
37982
66188
24989
47361
51740
4851
14927
54128
5811
50379
27447
90934
90754
39728
81185
5453
41500
49076
45320
42498
7103
81392
92601
6
29298
64551
27534
80151
82685
35341
48791
73
30168
27037
94877
34238
51353
48595
65143
81967
8673
42067
4438
6389
26314
31503
88986
65159
70362
31376
53547
77523
35104
65493
55460
15631
60056
58381
79867
52089
25026
286
52242
63776
96416
54251
39277
10811
26952
69076
87247
6494
43188
85585
68181
69202
90354
75207
78453
372
42514
29715
61889
64109
27495
28856
10001
53408
60700
48642
25711
15555
29626
37234
23690
75046
21837
77636
80403
36152
43115
76828
40031
69279
29650
69498
29
85339
18381
1195
27979
80588
2987
60512
13884
90718
69524
62821
67499
27489
75323
49098
29139
83750
7551
52572
74097
83452
33671
3179
55798
22083
35079
85236
79465
89945
97302
38
40656
95765
15408
84688
87374
11390
61648
25400
41886
39623
53861
47178
48956
66776
57797
40585
877
99061
54273
86279
26521
97712
2950
37361
21556
21549
38522
87978
40044
57671
42249
17902
63833
71072
41997
29466
15467
32197
7358
49
82787
87788
22890
40104
78947
24852
42187
14077
70273
40190
48202
8110
66213
68637
71154
36474
80549
42001
44352
61465
41137
47695
10367
81357
46593
31105
25289
76560
42703
39023
47132
35929
18741
32746
35988
93104
4471
8986
38159
38751
82278
54286
74219
38793
15711
24379
1875
80937
35643
83774
79
92282
18332
62820
5215
19268
35863
89598
95042
37942
58742
32225
70302
67239
42884
43477
61814
90953
38793
34140
51391
55058
19410
14071
72214
96218
34945
30690
57475
74616
67925
3465
6649
29631
79786
99917
20942
50433
11499
23796
44663
55217
25053
89262
37675
2609
50059
36290
95593
16642
30297
1970
28981
92784
48732
99971
10624
66627
46326
76175
746
69132
39925
2312
64137
62773
87571
41428
201
51393
45761
69086
17246
83314
12516
62445
95695
21974
52538
75699
1399
42
56332
4830
29863
14122
93822
7244
84959
809
84849
82541
21572
13188
23838
39574
10623
23466
64022
71870
17054
12005
87789
38628
16606
99178
64016
1696
15600
86380
20746
301
79446
39197
42057
54778
20209
81731
31746
78108
41346
35288
73190
39859
88587
27
54747
70910
9931
13411
23088
19341
84890
16004
73070
67982
43315
35461
82044
2295
57586
24799
48979
73661
58366
27573
4293
37575
93845
51810
15032
58870
25061
38517
22
66811
25836
1004
8845
11756
34825
56689
26674
22022
89325
46567
57915
84736
55737
39214
41292
77640
59962
45945
46134
60183
12500
31690
21
91698
17661
92161
18643
82057
54064
82068
54017
95948
14438
21398
6661
25707
96793
77204
65991
19680
46121
16885
78930
3136
56060
56
26250
56998
53318
75093
51424
25995
4178
74717
21967
12332
2018
25255
11946
73545
17533
36824
56135
83941
19239
18230
41275
37890
830
1127
67907
70174
84093
25726
37490
43718
1337
36474
93808
8259
99677
15891
75107
64822
51011
92685
13974
80385
96160
96298
55689
84683
99401
94169
52532
46838
40480
40333
31551
73353
25230
84333
