46
65924
83
49046
89992
66068
47810
70616
97915
77015
84810
48060
58668
76327
60278
49154
25578
27936
96719
75702
65693
99685
38262
43187
24621
33246
23
25983
46029
62951
70381
70980
1276
80947
77542
72394
78558
50107
2227
43610
52845
73229
16817
18080
8049
37331
57979
60639
11055
65232
94559
73028
43588
23084
35453
32975
82393
52192
33188
14897
80756
16168
78124
2081
45179
80381
45454
15146
19797
69642
52607
49678
88160
82216
8173
37083
77066
73478
85148
17059
364
60940
31081
37491
11997
43856
35598
79
47012
75255
11831
28461
16887
71992
12431
35646
91225
99310
93140
81080
41725
20377
57284
33765
46308
58421
63112
77612
51369
79326
52555
7761
68372
65922
64742
43803
37308
21733
30572
13338
24062
11539
5619
17976
31289
18905
87844
5707
93148
76667
83860
38524
93073
5391
32910
62214
90755
76959
71254
56468
69578
5665
21307
67734
18997
57596
19680
4710
47690
60588
56166
6938
82772
91646
81763
80614
47988
16510
57959
32608
29488
56891
61834
23572
31666
64925
31901
4113
98
91524
38166
94189
17905
45546
86540
15203
82965
54091
22530
86716
33970
50726
82029
55254
60022
38091
48078
31392
45292
94069
11621
73105
13846
16593
1566
68317
37804
31167
44873
37640
71546
17300
40928
99514
49787
45323
86106
14230
40562
53412
64240
50804
75514
36165
26607
1203
89350
60706
21055
142
87926
74032
94115
95463
30133
16212
82153
54064
52639
8038
28088
81413
88465
38874
8707
78863
30517
40682
34269
62307
69389
97597
86889
18159
91104
6924
97084
78191
54952
77057
18923
53489
84155
20581
53357
79552
92828
76675
86606
89559
41553
75974
55889
50836
60839
43141
28313
70804
7
17679
80396
2957
17117
61879
95499
60892
14820
17
54327
78959
70687
57849
79718
41815
67917
13157
11085
41947
32232
81061
26166
14208
82541
21715
98150
39448
30
77218
74773
5530
1725
98776
92644
63330
99239
68846
94857
17761
96913
23179
2825
49431
84083
97336
4349
71241
5952
44999
59051
86024
4718
1257
89618
26302
79585
93088
22711
25271
82
31351
66895
89330
33713
53873
66657
16802
21823
27600
51326
34895
29692
59276
5629
7562
5339
8737
24664
592
29928
46678
80211
77057
27988
49619
17611
36239
1035
78793
22821
2155
88733
46831
47834
14062
61825
36346
59254
70573
29270
97916
79668
31515
98395
21462
24297
87187
61327
44637
96516
63374
93571
34635
94921
42319
41330
55635
1969
44744
42989
13185
69580
36131
77201
48895
90657
91623
55054
44082
47122
78261
77063
79409
54852
90660
57072
89030
83832
6864
74600
42408
17830
14748
55
84711
32121
96177
90863
67581
10014
46098
17670
6066
89380
46750
17261
4646
28914
13427
87018
5513
10504
77504
29525
25683
48880
74904
29465
65984
62625
63730
67395
94608
71670
3496
82834
30687
25534
90188
39799
79184
33877
56352
66807
97464
66347
13440
40303
5955
12200
34872
55593
90651
41898
52557
82572
83502
92593
67084
34883
49
7396
52339
90634
44401
94304
69001
90360
87815
34850
88202
3696
81283
64819
66559
12
37419
69781
6849
80282
77378
86723
84816
27536
47124
79739
21886
11462
56944
62497
36022
39086
16326
73138
8517
77930
5960
68272
63215
90623
1359
91925
66455
10706
38484
92543
20988
58158
90771
6600
45191
41
9059
870
51
8122
61212
67097
50771
43557
96561
92573
27243
30158
51839
88052
78207
24591
9880
40450
97636
79578
20122
71967
38666
86835
90827
29513
20354
1762
66943
98778
75597
83716
14647
35774
84769
35765
43879
35366
88900
56072
13542
11097
79
19391
80559
43497
11314
91625
73590
65120
15273
43008
94989
89728
6142
66195
80441
60269
50034
24360
74728
85790
80462
51435
14202
60881
95045
1651
41812
12957
32966
98829
18874
2454
61510
67161
39320
8922
80558
34740
96759
72033
87628
88660
2458
20698
32864
26258
3207
15745
33296
90889
2070
52049
8792
2628
42106
14514
48299
94369
73453
58986
14269
42012
87496
93956
45645
33808
68374
71817
25318
58352
81709
59476
36663
3368
93174
47294
45597
48108
85416
72585
9516
2
20854
79353
32550
82
79974
9442
57775
69533
90038
21968
11308
48921
47466
67656
90687
55514
28685
2646
20481
94588
78826
12342
81772
35187
65469
30054
58978
1699
85432
77458
37405
77748
16690
24320
28008
9357
14564
63446
92014
44418
61625
23511
87385
73724
94118
97170
61534
45184
44203
44794
70288
7287
56967
45190
11757
519
63892
3824
25618
56105
20348
96377
23230
80357
43694
20837
82090
99824
20685
54884
59323
17585
88139
66999
53196
84216
29223
9485
69126
18322
69160
29507
27184
21009
98873
70318
81800
17
2748
98954
11201
14775
17651
89012
74035
43209
4281
7493
23724
1636
69110
3256
17249
13511
35399
71294
55
9564
25145
71784
36168
43912
80346
15831
35664
75033
21575
90824
35433
56836
14631
87487
94577
75788
91879
8010
75867
38921
53940
80027
80184
64499
59486
74777
7054
52219
96157
29420
84382
13072
14011
3256
87854
20297
94400
55556
1123
2367
21812
18676
51514
36523
23959
54351
92864
17106
46280
23307
96997
66782
31030
68766
58443
31
78242
12937
13185
43903
76132
92255
21517
89924
1860
11916
67587
76056
10093
83158
83698
33746
46432
17779
16197
16382
45510
93550
11544
6828
99478
71450
16139
66130
11557
41068
51520
51718
82
94067
47746
8562
5045
77226
92101
89947
7810
56420
77702
95884
75615
30737
17124
26641
87809
72035
19907
36486
7959
29356
19560
38445
37127
29908
75682
54738
88964
28764
69825
29516
2989
7911
59974
20626
72657
1999
57783
65359
28217
32881
45191
71473
80856
67962
52574
19260
4250
78419
79309
73029
2409
62499
49415
91091
88571
16394
59901
92185
78911
80595
97507
83256
86945
63188
70709
78585
89797
43168
28194
43526
25833
86687
12423
77387
74695
67010
27511
9551
65404
65037
84287
20455
56
41362
22269
14801
28512
13174
98190
68241
49066
39659
73804
40695
46034
18160
31869
99619
74408
19950
98546
24712
43969
49316
52869
71943
7285
92510
59534
59211
22678
34197
69909
98586
30087
58168
98036
40760
3660
16392
93278
16240
73889
45851
99389
54717
44253
36197
10918
39225
62571
2873
12230
4839
45652
153
11824
23090
97335
16481
66
22683
4639
30474
13406
84752
44491
70174
50482
16563
84400
10378
74455
51464
14411
63300
67719
44830
4844
66347
345
35849
44548
47469
48413
23237
77790
53307
72127
59288
24400
58276
4006
1166
37429
33777
56141
70922
25315
45861
67325
66463
41449
66973
75791
34522
23028
32817
21378
63670
43203
48896
52130
80511
25813
52968
34637
35396
60325
69424
44888
45386
46161
49522
46964
21613
90177
77416
51
45826
78843
36126
75329
76629
47520
69836
39364
59724
73280
49331
33434
88512
24792
45941
37224
11437
13090
45983
84412
10726
401
92510
85206
83503
40713
24062
70724
40741
45404
91164
32277
2092
89996
70476
90403
5396
3974
63769
43479
68464
14639
64335
13775
37765
48045
96953
30014
33688
25386
89209
59821
56
31518
11741
32896
38903
73851
32897
76283
74031
94436
69331
16824
68371
45874
78215
92699
18524
92491
29029
55891
87598
52292
13324
40468
12483
52282
99345
17801
63786
30025
15109
59111
59633
77697
48281
78211
90877
91353
84126
32860
49733
57815
63824
21844
66463
84288
34636
26711
49447
51721
80643
12027
92822
51931
68236
16097
62862
50619
15
35272
99345
3689
84605
29295
71394
42634
67103
52560
8622
36266
7889
46743
87869
30707
2216
14
93454
67296
32217
26371
84532
78950
92729
18213
97054
69530
14896
49117
79753
87875
96016
24
13701
18446
70776
3748
93201
23867
13798
44236
52118
91191
46307
55140
4240
53313
30811
80749
28836
79737
76806
65144
73326
56757
47809
79890
63806
7
55458
60199
11155
23486
49923
16770
75537
52788
68
64804
5350
51932
76397
39137
98010
45570
68423
45023
39426
6280
82715
27749
66642
52766
8819
31133
63817
4674
11126
54842
45572
87658
35843
13578
3730
39413
10595
47348
93518
27670
23357
31354
13583
54525
72185
86489
90482
87967
10148
96977
12790
31111
70894
401
72573
12393
49425
27169
62683
55850
29961
31417
47201
69640
98180
73403
69298
73052
48646
84657
85912
67538
99905
71446
21829
45660
59518
89566
18
23358
39194
54049
1488
75573
6250
31035
66126
53012
71742
95913
20549
58705
57950
31747
14275
67056
58255
85079
77
75145
1029
92398
75227
86370
55787
39878
29970
39831
74639
21417
9892
15412
45024
15593
44463
64111
40679
10841
27723
35941
97027
69953
42239
3597
4397
39976
46492
9094
7941
81620
66528
92691
26603
13493
7833
98707
55211
40801
56587
91172
93497
65583
70820
53779
53788
56119
71459
93253
35143
86840
30842
12956
15865
46899
22031
74477
8597
55479
36044
18937
42650
14996
96175
76852
86698
79557
98597
55692
1690
15312
86717
57616
18557
81828
23068
46375
68265
70
57016
52026
52734
83861
99145
74824
34364
89486
3909
25551
39144
71083
30994
18553
13766
12478
2792
15869
50685
45373
508
6103
96726
54055
44607
90058
90624
96852
86714
36664
32807
36026
99482
67362
76742
51507
88604
24842
45348
50666
66819
82939
18255
76294
23654
58476
6092
57987
96567
92969
26538
48361
99304
82387
23506
34817
91465
46510
25655
20021
79651
45947
23280
19837
25010
74508
53718
36134
94633
77368
24540
24
34924
71339
71081
85519
63969
72595
40291
98443
76872
69275
16403
93053
33108
11698
55594
85125
48219
31267
76576
84087
43467
40646
62001
84186
16567
13
61544
77820
84219
81359
51762
17302
12853
65682
27
91285
97892
57935
323
75110
74
91716
97166
60567
37050
51931
90616
69846
43267
59064
20099
10908
94324
24587
57684
37077
67935
44272
2500
32338
53044
68905
57124
55640
45960
67795
84067
42465
30760
79447
85890
79946
14507
25938
26014
43075
12900
52755
8961
3783
85231
44235
68538
2177
98835
56289
70382
99759
62714
2659
21324
18129
7621
28767
92212
3532
5576
8061
3060
47498
15682
99787
89879
36950
15042
14216
71007
3281
23695
41651
57463
89271
60714
14876
6626
55139
75
91247
1423
568
78331
60219
48288
88278
72419
4905
26284
16491
99263
72079
87066
2617
66909
34108
799
8510
96522
58360
66641
58890
13366
34947
58100
78781
57050
52005
53331
3315
17804
49214
8358
93779
15038
24934
67257
27478
21992
20021
67459
15840
6066
52324
90665
45064
98216
29840
30225
26748
26804
27627
94417
92082
51374
73853
41681
62508
10059
53718
48671
82227
50659
6494
44898
3450
49919
60565
8756
74014
38109
24090
8909
88802
36770
25
92269
31318
86283
71478
65239
49872
86952
91633
88406
83984
2331
85492
6539
80978
76805
24355
65535
20118
720
13219
25856
92274
15893
32059
68041
66726
92
67897
50
13601
19153
50734
18444
40319
59072
10365
45871
43519
62740
78260
65812
74145
20633
68943
2219
62639
33343
88656
46493
53676
42
35640
17089
55422
5721
75962
48162
16986
50904
1569
42733
9561
8239
3169
93221
1683
9204
19478
67543
87108
61163
56570
82546
45006
70086
6269
38178
86463
97479
30923
65616
68755
11409
23409
50442
39394
1003
95826
28029
5672
11354
98116
12437
12201
21552
18694
12416
48933
32342
73216
8505
5182
51932
44711
13785
31372
68541
98556
17466
69541
76519
59180
15295
66100
79208
1864
63684
85867
26188
82625
56
5137
55152
1959
4461
73332
99370
74064
42945
97717
90567
52181
82281
23761
33984
42829
59544
54888
57515
26946
95424
79682
40027
94332
18050
52069
5308
89317
65453
537
27577
60156
65346
26185
32074
2471
5110
86160
89980
87873
47142
49032
758
72963
15110
51684
26983
90980
75240
83509
96825
38675
63373
73010
17576
84328
63355
54354
50
39336
25199
46976
77324
55458
22520
90041
66887
32508
87894
35378
59932
47214
32071
17448
47971
42930
48385
86963
87825
52035
27255
15973
84217
58106
57308
56560
21505
43315
69448
62706
57583
8032
88119
65471
2443
94216
90019
25324
91471
91948
34714
72264
29290
59334
23848
84327
23816
40008
66096
48124
53
19598
73510
91275
99992
22764
91584
75882
94668
15807
70150
94656
7825
46345
15105
16876
38811
21176
22056
90022
1955
96223
82055
14784
31888
28298
66954
76048
89839
17469
47272
30561
808
50908
69024
23140
76637
44372
17615
27629
83193
65838
26680
86238
91260
17324
47684
51460
10169
45551
82102
18464
40841
49856
92179
73
586
56651
48552
67232
65899
33716
43420
87879
51436
24755
96486
59491
93452
94887
7557
97164
34234
91126
64475
7713
10358
38421
97957
2751
32133
11434
85953
93289
4137
44995
49312
97589
77520
72072
47804
8960
43548
7066
80971
38243
74888
24387
21818
66928
96183
17531
63007
21151
18724
62229
35002
4288
5347
48767
63540
6389
41188
93205
69797
42423
73481
84948
80842
58102
49357
79042
10188
81997
24407
95538
88716
95728
36779
45422
75
40196
41646
62834
48688
75156
79128
86710
2577
61843
5089
1463
67510
43969
48702
15946
83283
61050
73275
32721
3504
39902
7551
35496
46812
75019
83549
1636
50250
26662
63978
28755
54348
36661
67358
49659
51147
86243
2200
98297
56181
97653
2960
80864
23343
11890
19923
848
7584
58584
52810
84549
94575
70839
33596
54490
58732
87828
57876
2136
81414
30978
36114
18473
59658
35779
86167
51247
62439
70574
16737
71037
46274
76107
57732
44861
24854
16
77985
35619
98462
30645
93398
68434
88065
71034
9276
30857
86269
59581
59496
2869
32736
48559
2077
45
45194
23574
5879
6246
88826
96004
16329
58464
46616
49434
19448
92173
61143
86468
32913
69899
54341
56024
40496
67678
95908
27977
51927
92869
83324
22012
14107
18508
16870
90588
21527
31819
1545
2103
73889
54747
84462
69680
7115
57753
41079
23425
80301
54624
56531
29575
36
35668
9366
18667
60842
69422
54152
96621
74683
78897
16697
77649
24370
77353
61043
95893
31393
30757
60931
23937
46808
99321
10089
50639
80539
98885
35468
48155
50516
14434
35508
88622
56938
92654
51475
54635
24579
38175
95
24484
71733
39069
90398
3044
58291
51114
84488
12296
37379
77523
27772
51627
85092
91054
16723
87404
11101
58803
94332
33707
59226
46502
12666
41745
91570
98747
65461
24088
12384
14357
38767
1746
28576
61935
94971
76993
62601
9700
896
2961
30468
75803
34253
42181
72673
40579
54354
80582
79112
575
2784
90894
80353
85691
7649
19972
87143
5408
1041
8251
47598
37827
23535
36343
57273
26121
81804
33754
1131
999
45847
77741
28425
4932
20890
56534
61584
54116
5628
70466
18447
37554
53317
96979
83485
19113
85087
51069
98192
78075
65923
31386
53357
96422
42883
55
56704
76995
62446
41278
18197
55670
29258
49526
42302
52808
42097
94022
41593
94503
44545
49625
89301
22535
57619
86403
9756
3416
19544
28387
65163
41581
43870
7772
34716
99490
21307
23670
97818
28322
32930
4425
26971
16921
12823
15590
67942
73798
96755
51854
34828
67234
20147
508
75941
61919
83392
66503
72725
7067
85454
4710
19
50556
37769
13667
85783
76428
9567
6946
33887
88927
23080
93190
22867
95298
12454
63941
2481
71651
83772
9586
