92
593
96
25494
15789
91467
36347
64824
82113
97276
83848
18302
535
47101
77369
71231
9937
71679
67555
7760
60412
12405
22142
5512
4588
65681
29348
28529
22194
11433
34278
22894
67289
61469
9164
70251
19889
3238
2089
8459
44104
7666
30826
85733
3456
15900
88526
74902
60691
19143
6186
37757
94209
98164
73221
95998
96110
94664
51876
34913
77923
45367
33885
38647
99227
21495
78426
31845
51656
81271
39340
81410
76210
61123
36514
94289
65303
2459
51432
32410
2649
35233
30127
54314
23900
16913
58117
84498
38796
56066
31372
6135
41695
33447
84960
70572
51460
70312
56738
17908
64
83596
57327
6936
71065
10678
89536
59880
97780
82643
10539
37596
37377
74266
58319
74300
17218
61386
70232
17378
12435
71903
6020
37470
34884
25317
50219
96765
64187
17567
9589
89337
54908
22830
40095
96335
49347
52049
34887
31001
48950
29119
79865
83697
49001
19990
36611
15553
21053
77390
43847
90815
35458
44428
38004
82610
52384
94032
81139
34611
73887
68007
50124
11950
41877
19399
85
28732
87225
54986
15440
96641
83803
20825
87624
99377
37903
73179
85509
61039
48268
29527
5006
43078
4879
99975
67510
74069
55670
58032
75083
89314
59515
21581
99399
33151
61113
79764
65507
55862
68793
19619
38448
19193
89818
77443
45860
9765
79409
64229
72931
48012
89516
91920
47390
71815
61236
57808
91732
68596
90868
28109
57428
27434
13693
98534
71633
83585
91909
99639
20735
31857
63519
57806
67046
92366
7534
18870
45068
22487
7485
90759
11961
82174
50055
63931
33201
76336
78534
23969
68877
17586
31822
80
88696
75422
38899
89507
84466
3800
5943
92216
67670
68028
28680
99483
36760
24091
86115
49698
73828
38703
23420
80208
83606
76835
11568
10887
19036
24903
79184
10122
47163
62486
48156
48288
96684
43157
68662
30635
94206
95908
41604
41388
40126
12656
36807
24008
97007
44436
63915
68676
63435
89143
29528
77429
84545
17074
18973
29803
6769
47009
73947
77405
18831
55211
98346
54510
33589
72478
13750
3641
56092
246
3299
79971
52006
55770
28126
16511
77598
38512
74045
3191
57522
96
87830
57291
99884
48898
92248
40103
19431
50666
26874
5277
99142
3548
47782
47997
58141
10719
33363
60939
9540
97032
85774
92927
85686
58937
87998
49240
80248
4387
74941
68736
6695
54662
3752
62276
915
93406
63239
99341
2085
64693
45246
85364
30385
41571
11837
80910
42728
9250
31323
75727
88401
33031
23433
45586
5387
10046
49361
87909
95071
35994
5930
53387
88160
53362
34814
65074
67862
85941
37482
43929
47707
5996
94519
40306
10880
25049
23931
4604
5528
47003
77269
17087
56213
73211
64648
36869
95561
3093
20172
23050
42092
31040
67794
27270
50350
592
24319
57
37640
40259
81017
54853
48065
71856
38264
67609
48981
51857
28601
91597
67638
79017
52845
50084
66458
77403
71081
77511
24263
42965
35850
26352
37746
23919
28339
77038
82554
90455
60048
56507
76610
37685
32205
48402
69600
57214
3104
8487
42080
7383
99564
82545
35200
9963
22892
60859
47810
1963
41995
93283
31536
75228
36713
32017
86383
43619
53
65342
9551
87830
57950
54951
78326
41271
38544
91887
54300
96955
68663
41713
80612
34945
82784
58213
6532
92690
31639
6730
14397
26434
63577
53217
42784
40909
70422
43102
96774
96636
60207
15305
11232
39412
70835
71022
86299
34961
18486
44363
45582
33195
82503
2467
77058
31193
64540
36448
4258
51749
23897
91292
1047
6
83250
22824
7158
56283
19424
62870
23612
75
2355
19991
67234
9749
22062
42424
41741
87749
48253
22354
39172
7565
63
26182
19950
66526
64493
94153
32434
31938
91248
64509
23547
44151
8989
42320
60928
17659
53391
51137
34017
88591
70966
76884
26565
42269
64233
37657
56325
42838
73654
90575
58980
78496
49608
17393
52873
30498
53748
14257
58679
71831
43236
47815
63894
2345
33639
29849
15866
31161
6662
5618
99040
24239
27456
47354
2236
45325
62883
93613
9938
31800
46901
77653
57985
63504
23
43582
78471
2230
97925
57690
21302
2314
3562
84213
80553
18662
84234
9704
72622
67518
80684
68276
10169
27446
58665
41134
90889
3224
5173
79
73434
13740
88425
16854
44106
6477
86457
54031
87448
45817
25223
60357
61435
70124
31269
13367
43705
63468
96307
65551
59109
41848
71455
56670
20828
10888
57420
25791
17426
12263
33581
77825
56387
39451
73693
11799
31089
69958
28866
23662
12576
30745
19489
55105
80157
86378
66941
71708
95507
15275
13212
18649
93873
18440
21963
20301
12886
87209
28101
61197
4635
41765
4592
10212
79847
40579
45024
27193
14378
52431
18353
21893
7696
77294
38280
18701
20624
115
3888
17523
36
62400
10437
31079
74478
40544
99629
21963
88156
26930
17210
59008
67825
20116
72390
61782
74092
43778
48405
4543
72002
30605
96408
6479
51723
26952
55933
43804
75202
96824
84342
81060
30066
29627
44923
33956
90884
85151
99
44087
84905
41358
68936
67127
34449
45795
97551
50360
1384
9874
95309
2884
90447
26701
91992
42364
77647
37824
31631
35934
17591
21985
20645
39622
49285
29865
29379
80664
63826
42784
67938
20090
19352
90497
5722
79185
88736
23416
80733
12751
3720
98026
49511
64500
15539
739
61477
45526
26544
5042
2468
35448
59956
29603
41443
17662
25584
40809
31599
25069
8191
22277
62560
90722
52175
15961
33831
69011
41319
24756
21366
17334
75590
54882
38902
5646
28322
67816
53589
51826
26571
6176
1516
64515
35055
55738
62875
11887
39790
6602
98777
24746
21397
80566
22183
85417
80015
98879
73910
51
23865
74795
1347
1667
61727
28742
92308
32274
45935
40398
99345
10853
96976
71643
893
99080
3369
17049
84767
41352
31231
64491
6824
69201
96776
77467
73012
28635
51978
42808
16561
60099
8701
62752
93728
35075
79861
8716
1306
80750
47494
95604
27000
4778
77102
80120
79825
65847
85232
34321
11821
22557
33
96492
34687
33095
61948
55471
55337
71214
11141
81645
2906
70258
53447
78116
96410
6258
68478
88890
7040
83582
24969
67488
1986
92195
80385
78949
17719
64243
17956
81005
99808
69546
32121
6045
63661
55
42201
44518
75966
46718
61055
12534
30151
19925
70642
71681
90832
35879
59566
57477
12036
60141
59063
64327
91852
76971
73366
29551
12224
13398
37963
56752
26759
19004
54991
19680
1708
37940
48872
91793
85675
52781
57248
53775
82153
76004
22374
41588
25664
14170
76378
10984
17023
32381
20091
10905
56208
2094
79689
77838
22297
24113
88
85947
89156
80357
77439
13673
32776
82982
92726
16503
81643
57457
23731
27739
84991
17434
39908
44352
25498
63523
56176
93372
82743
65566
93860
15800
61662
68522
9105
49616
36277
95831
48836
41245
23124
10865
60084
65705
91108
37090
22331
89664
34896
30568
94501
68776
87525
44660
68316
30901
24540
26093
97994
60211
16773
33989
32547
63665
21770
79029
11482
71002
64941
38616
97252
92108
50623
15725
8561
31528
60566
74032
87441
38890
42749
50
80042
56121
66968
14105
36105
7613
25301
76391
35385
67845
85336
11698
30576
32518
62
7050
55800
13833
59577
20121
87312
78336
50636
73163
58781
46618
98942
97065
27373
78173
6246
33302
58835
71813
59450
97646
49847
22346
82286
58885
34180
87551
50125
88215
25500
36025
9514
90534
34163
66073
55051
37562
57917
8605
55366
84536
87181
52843
87279
67157
84386
62673
32602
43535
93856
83596
15587
67081
13806
75478
10691
50596
15238
44700
30110
9262
23881
90784
9
50789
90798
27226
37867
14689
64853
84003
71421
49431
45983
51
4184
56214
42060
68499
62646
21116
74084
52834
81042
3605
74571
55939
20087
48696
2202
82912
88364
42480
52163
8610
59487
36330
76060
28743
39242
23761
37915
46564
26012
65755
23440
73055
25144
25295
88676
97496
23259
89918
81002
67421
2098
32286
90678
2249
73120
83107
94253
53223
43870
68157
32556
13825
86
91725
25437
79438
53164
32518
63040
52799
38140
54841
29098
92653
46847
27844
5593
7030
4818
88667
80103
99691
56219
81528
27247
88550
69195
54096
63864
28243
8346
94945
83914
85537
19066
51446
63552
35893
79466
76154
89436
72241
14787
11542
4045
42928
36493
37904
80629
64773
63636
77292
37392
89326
7620
67556
75603
35644
53170
94875
79552
41313
48055
585
47614
24929
22088
58713
33170
97868
91887
54288
61707
10969
72111
79328
56166
72584
6113
3345
46438
28490
49405
68267
60893
51270
87832
3878
97913
47025
50
59197
53633
50670
70626
97632
38431
47541
21084
9344
49197
28715
31141
52937
76984
60153
81635
50385
20397
21679
11886
24086
43889
50821
57635
82966
67148
8634
1268
35764
96807
69919
18672
33956
14976
28602
36866
24173
20424
559
74455
20602
77689
786
22981
91490
67057
69580
41438
90712
43980
23275
79
55315
10448
9067
7100
33004
72727
50611
55789
99717
10012
81312
45405
76780
6760
75613
97581
59553
7808
5098
61954
25045
39855
65842
21269
94682
5498
46198
72347
90219
96715
30106
48238
35714
93552
59977
42273
26589
10726
15385
18273
7943
29980
98993
42835
78635
9222
59581
55387
65098
90839
23487
99636
89367
41056
50465
76039
89562
39794
77645
39130
37825
6217
66232
55757
40682
88992
19532
60772
99869
72275
98038
95180
57828
48516
17585
88458
51418
87414
79916
51534
50
86687
51554
79793
58254
24815
76467
26568
27470
48475
80785
96685
21554
18164
3707
26942
60555
4289
67729
65800
73277
73040
83465
38114
66408
26407
69578
82372
40556
63957
56725
77714
61216
15320
35913
35899
23226
51818
6301
19434
31006
23244
75246
61232
53636
81558
64229
3453
3832
47076
78368
43587
33
44729
4279
74400
29843
88052
11370
30968
62604
16795
44969
12883
841
379
16245
32549
16487
3918
13472
51592
66006
76103
81952
6507
20601
58975
45810
91995
25396
38474
73837
65830
36734
51591
23728
63
7888
41089
34297
55622
67842
1950
73622
85076
65181
95060
92590
80404
29770
13141
77943
38435
38514
71483
46662
84948
58378
61818
74430
38636
79736
51472
4895
17136
46213
31927
43596
73278
33368
21027
671
26384
27872
1271
9835
58222
11299
32991
17626
76128
58189
15685
6550
6861
16752
83375
88499
73891
52393
10574
80698
28122
99169
74306
55460
47462
82378
64587
37122
94184
47
60869
4814
20675
48220
95194
48091
43962
47575
4110
13955
67331
69084
30930
78412
13340
78098
77457
73491
46762
62668
20065
1514
8193
97068
98839
72394
49558
7312
60479
6905
61200
55106
85750
59093
6970
5927
60493
24373
38467
49426
55548
16393
42512
95869
65438
15335
86981
81050
19
13105
69263
73915
9705
6729
38903
96076
33937
20283
61407
30471
79070
67815
13715
17609
32558
4956
53499
12151
93034
56
84249
30
17503
39248
45999
56878
41956
77231
97597
62209
1115
87780
20570
70637
38750
50803
66929
81336
43850
61231
93667
40031
69892
54905
75232
53982
94564
48967
61930
99764
55528
2364
56983
56050
54123
68611
17891
99216
53426
82522
48771
58244
9642
95462
39518
37225
66556
49467
24896
78712
11593
59637
82113
59236
39043
56319
58934
80
91056
23840
26066
35949
50287
60952
77320
38354
39381
79637
58998
67605
41981
53550
95927
52867
97524
25142
95799
83053
37829
81382
55687
58008
27320
11985
65076
27748
40695
71202
98249
64271
61963
74477
15532
59799
16977
74639
47706
47740
57958
78836
20784
98230
2955
86991
89390
48808
95808
55390
86148
92580
92883
14802
61763
61194
1705
1627
85889
7989
93593
92613
2417
17887
87484
68998
84472
44911
55371
74283
14197
5656
31117
71349
20309
37590
13882
49265
42456
64782
45004
78
55537
444
2890
59230
79478
55629
4323
78570
20323
16495
22562
15432
37057
98718
32720
34783
5235
86989
73105
42198
53272
19927
67589
53242
80168
86344
88505
96940
24458
57469
52210
45970
43365
91562
30136
42081
78395
12283
27027
64258
29032
80259
25014
69272
29732
48477
17302
19501
27068
16438
58430
1314
83657
75473
39443
28787
93433
68157
55775
22151
78832
68481
73245
48151
54652
26227
13276
10340
85604
8957
72325
81362
34993
18082
62442
76388
518
51669
10016
78
59810
35962
77966
29339
3136
50033
82973
52746
13596
23551
63860
23001
66184
96337
19773
6666
56228
90204
77585
57225
35036
58509
66765
8558
25948
46917
76936
34589
17567
20069
48439
79083
82581
83162
99456
97914
50368
54890
24573
97661
69511
28748
9144
98981
32355
93433
91437
1006
97924
69830
70213
73846
41783
62077
99307
60321
81846
13220
32677
25146
77677
2191
83560
50061
77472
18136
39523
36781
91704
590
31614
46133
5331
39525
90234
71371
1490
88021
32983
17
58767
52111
20441
25862
1410
87298
84704
91703
27282
49297
82448
45702
11855
17763
49415
29269
88240
36072
37
22937
33003
87669
88328
8111
45454
60053
86962
28655
94101
31173
16392
17600
18165
49818
24932
55148
14275
71535
51885
28122
8941
54650
59134
68185
15886
17198
57713
56362
3997
4849
47778
94794
56451
22372
96683
63177
84462
37
64391
96931
70137
68762
48010
46924
52106
51589
57985
6447
34843
50095
57328
20144
98039
2325
92225
21716
5897
66070
17467
82497
67901
27635
73381
91344
82373
57375
2263
27831
2064
77134
1818
35321
97047
38428
673
48278
55
97019
6793
79037
46005
9458
23443
23272
17762
70263
49324
520
98927
54580
79619
6369
10851
30482
2896
16315
56053
57513
45148
47774
3036
93651
46776
56380
42848
91555
70838
15453
82593
76767
31692
3387
58391
65491
1948
2729
95711
97641
2647
96833
18490
32037
6675
35245
10174
74927
88639
27333
59548
90496
35791
15196
82163
73
94041
71505
94193
40242
60712
65703
29716
57647
51416
42820
34691
66679
62251
63242
41341
66228
20531
58818
25142
66323
67326
71002
73318
95585
43328
50082
48506
42638
55898
11059
14180
67698
89634
61350
99435
29275
85383
38282
19919
32726
53354
20170
38965
22344
4826
3831
48403
6726
83932
73471
72049
28371
56085
21156
46544
62752
62834
17462
13982
59574
84306
72384
68714
19470
59826
71232
36694
33101
4944
17982
29942
96427
28800
69445
11
55866
99594
97589
22385
30119
27935
74531
85553
1635
37909
34906
48617
70
73939
33753
69254
11986
47865
84536
50226
98555
65140
31540
6923
77799
81625
83665
35248
44619
33208
12485
65451
82909
49301
96472
32954
84024
8255
75393
70735
16564
17835
64161
29498
46771
7084
63772
61640
86324
97311
98506
62949
74829
79357
3150
51976
88055
61923
81797
81218
99722
71449
60625
16503
14642
77896
61080
91398
34035
92741
27016
41988
10073
35601
49580
54035
95985
94129
47035
9315
531
8152
73201
835
12
93521
47833
97673
59134
83729
24988
79339
60800
8060
41351
26842
85961
43913
16
53067
70073
77878
833
78577
10019
85281
31606
10653
56627
91105
36914
63124
44764
6540
42726
62492
83
44937
23662
21868
53849
8455
15522
28398
78659
2502
49964
82145
8714
78846
26818
44811
37729
30295
96662
5209
44668
59912
86499
45048
91348
25963
64804
93402
47116
20157
8668
91126
19014
71182
5426
47513
24541
78169
93897
60672
55946
69409
26239
90359
49919
50529
10447
17429
94621
53268
75616
97599
77174
21121
87375
18876
99065
71338
29275
1791
64338
54087
57387
39485
76039
89106
30041
60726
60044
97716
12354
13121
72248
63849
56084
6023
34994
51519
59370
23102
91731
78220
18013
13034
65047
94
90239
93446
52558
42292
10237
58053
97567
91700
2293
59797
26982
98833
66956
53857
57662
41856
33418
23574
34185
91571
98200
79577
75971
12468
99193
17841
79760
81230
6287
45943
44628
85519
45019
38411
61064
19076
8099
61889
33041
20528
51138
18713
82595
12770
13565
93554
20141
87383
53432
51931
50513
44264
35744
31685
24728
40507
67884
88924
40473
24533
32897
8461
40561
31583
31604
65459
57881
94879
7929
29753
7827
83144
98299
37250
34743
9608
15619
13831
77640
70263
51089
26342
32218
59808
52987
52548
51202
82623
20550
7340
43046
23026
33236
35998
264
65
20876
87005
12959
48585
68616
6671
542
53044
42060
55729
25251
13327
12633
34132
34708
67755
60970
14408
17616
7529
36973
26222
46619
14038
59225
5229
25415
35772
43546
17799
53407
7487
60749
99882
70501
42525
37027
3057
47076
35522
26902
23719
39753
97198
8300
2401
42250
5546
72078
19368
22448
98450
4182
79930
51714
51590
87657
78324
624
82504
83821
52520
96378
96733
87199
94033
12
45232
87168
56528
81314
93552
10785
14978
26538
12789
65898
63143
94506
89879
52
1290
14980
20552
52188
58388
9953
92108
91090
13392
88171
85125
65725
28785
1759
23349
60306
86200
41644
79193
84345
18720
858
98664
57435
67394
40400
43969
28700
50496
51020
64676
92312
23266
16099
99020
36321
23109
45757
75793
41053
40676
70356
34219
25494
30761
52798
4337
25281
78620
3295
93607
74327
67109
58
6826
53628
47925
11484
85910
65386
6293
83612
93675
88374
22599
24413
81502
71323
76731
67722
74597
25139
11338
73630
80549
81855
68715
2884
76953
98508
42712
13705
62134
97498
41820
74207
59320
51474
42543
39134
49093
40452
23132
48356
67555
31602
6997
66346
48360
58016
12324
96846
5604
1799
99895
74943
51563
18927
34591
60015
18329
78578
27770
28
5652
28027
7450
83310
8622
35706
71174
10739
88308
9623
12440
82545
36064
36141
75764
71238
47925
34953
87714
19750
69403
80118
31666
33087
92898
94139
82567
96276
90111
83
94656
23372
40010
38022
39881
94767
69282
15962
27641
45586
56666
40257
97539
26669
65149
86765
65991
71440
56754
55085
24794
66897
13474
24607
35212
45050
34885
71135
34626
82305
8082
5836
74489
18607
48782
86689
38097
85609
93803
44070
44601
63699
84593
56762
31716
71389
19086
12420
23748
27414
64878
87417
33843
15820
20561
84984
19775
27361
84049
77686
11123
46774
36792
10547
52336
4752
81021
34498
60999
15924
73516
56335
83492
79696
83840
11001
41285
29501
67608
84753
275
77830
86058
43673
63
19341
22054
50962
77723
22435
39619
88602
86350
60853
9188
34215
75909
11180
74014
82339
89228
69575
64465
40823
49472
21630
76488
77705
93656
32921
18034
41651
73173
14662
93044
29948
71787
58795
36369
32030
11987
29925
35025
33637
69101
47691
71243
26984
89247
92493
1031
35682
11970
19925
38282
29646
31358
74840
48945
74883
90401
54646
72395
35775
92597
83288
77820
23379
32014
23
32323
62245
88507
63068
4407
30405
8242
16881
51582
12415
91415
41120
44087
93740
38784
20560
58064
16248
66571
50796
30958
9229
85320
55735
10
8094
52444
7588
36865
73793
50508
7748
17516
30011
13672
30031
75
42288
23274
23939
56115
73521
20194
24914
91689
63626
36410
21008
79259
97690
31078
80950
99612
46539
27507
57277
92407
86423
86550
40039
81404
30379
19221
51486
51710
32865
36758
40261
79229
61344
59900
54771
87663
63800
60770
49750
61594
99515
90590
7467
75536
41934
54327
35581
8335
7113
29417
37367
99857
8955
89875
36813
72663
93340
89387
81082
85204
57266
77376
35832
5024
16219
70595
35151
90589
43275
79427
47125
48558
66804
92884
68523
89672
81
59198
67645
40902
86170
59934
53073
84101
72797
64700
57879
82122
90556
70842
93776
22220
83376
77906
47791
53519
5058
20168
65189
20425
39524
82238
86751
97097
31271
52482
85875
9425
23899
26935
81618
90439
99259
62434
87417
52680
7509
91813
92094
76768
79243
56341
59658
9274
14848
80943
77508
34953
53413
16328
78808
38502
33717
98758
14156
99237
73237
33028
50057
68417
7621
87095
27349
63428
52664
97853
21340
75622
73633
26706
7306
29351
72616
70867
49888
48561
33609
31740
3023
85
97157
65256
28214
31578
71652
90711
13281
17264
26725
14429
1163
72009
55717
32483
18907
8707
38820
12756
30679
17573
86230
20763
25448
53638
91546
45956
89920
36331
79645
5642
10393
2766
90389
52165
93367
56469
99792
85688
94078
31487
43619
79677
94565
48184
74936
59099
78424
71480
56719
32398
8139
94925
63419
67451
22640
64665
41223
19010
37727
26267
55789
60538
50040
24300
38347
46871
16458
9674
26294
35833
5107
12984
82827
26662
91638
23422
71640
31077
4948
72316
57325
78796
10264
57944
99909
73513
55
63990
12811
57611
87019
17868
57505
14291
18099
7094
55319
34357
61378
22010
7049
1535
71133
21360
24440
4989
75485
23583
94090
70623
68288
11153
13976
13790
29411
97900
65532
55161
5153
49952
10116
8842
95469
69823
27670
47188
62764
50085
47550
70340
98194
78232
56718
60124
55726
27497
8890
77795
91656
99782
99728
72965
27861
97
17802
7116
90723
79196
28784
59263
64512
52920
1239
73598
37936
38393
36364
29380
15639
34465
21157
61837
12618
61673
84764
39555
48854
61315
1113
8567
13873
79270
47466
46284
76543
98469
98133
29465
74101
96498
5354
9536
26191
95549
95241
5910
84686
40789
85652
73318
48081
90178
15034
72732
40482
23863
56487
77107
79489
84518
79708
72954
34750
41313
14969
76665
9513
29715
67907
70555
61175
56860
31664
77741
13694
78032
43798
37253
4613
43552
39369
11200
52554
87430
58765
54343
27210
79164
79063
3069
53194
88352
51097
95589
81521
18071
40939
18029
18101
47503
94080
82195
8
86858
63401
79869
30297
88358
67868
25867
93467
75930
78
97413
48969
53187
55534
987
12291
24396
12574
49434
14729
16360
88687
11899
56755
20475
92405
7085
8640
83686
93042
46351
38429
64712
99053
97338
34143
37560
9346
31075
27072
68257
78001
35967
16038
12685
90035
30547
38750
83466
6049
83589
35646
12133
97025
54929
4085
89107
57002
3262
46308
98508
51018
68216
73279
77425
28446
23177
38342
19974
7724
12595
39549
15334
17510
32946
47619
55928
61381
90038
87624
76999
58494
67007
26886
92065
965
67151
98930
70081
61
53654
23978
59611
69487
94270
70112
2903
6276
33225
36064
98493
1757
54858
26543
64807
5206
73944
34063
29199
41016
86176
37432
16966
4929
38939
76376
43107
59825
37285
64212
15919
7888
82964
56067
46039
35586
55353
98803
17086
50646
82319
50643
14815
56113
16326
73438
30543
35556
26504
68563
51554
55624
40940
48648
26311
27425
25105
11628
45520
6544
62113
11085
12
53061
8441
97382
77243
17522
34727
37793
26080
66602
25485
10671
24703
13046
4
8587
31014
68512
67568
78503
57
95040
72142
73174
83583
91135
71385
87338
20633
11848
33300
4658
24593
88701
79824
86967
67082
84985
61143
96064
23283
94666
64130
50095
58237
69043
71776
81532
52673
34290
35908
81800
57674
45157
98990
88813
92561
5335
2510
97981
3591
73407
49203
54710
82430
64767
44284
16953
2828
54553
26911
60107
71515
84373
17232
33316
5067
76494
46679
67
38331
63161
9577
68259
41985
45842
72660
58740
76888
9452
5757
15409
41112
29993
51692
31420
71887
30535
36362
26404
49171
60105
30962
65901
10147
92804
17535
5289
24669
70348
76262
89251
542
40231
8342
5915
84483
73840
31855
15978
99696
84105
39633
51451
14241
646
87969
6090
65716
1890
92914
20164
77225
48233
46916
95880
87229
8124
32739
66615
81595
19773
3883
83056
59975
85231
21132
72385
91
50691
83379
72868
8234
87139
67574
45506
86103
48830
97376
16860
73351
53603
93051
12709
18524
98648
16149
909
16620
98116
11686
73643
5731
4818
67828
64161
8797
57297
58475
11212
62886
75632
7697
55541
3502
14657
16633
77148
74659
71592
23222
59440
16786
36623
23080
96986
44035
69594
65858
47255
60116
83713
55561
63568
77550
18071
25629
36392
99050
84759
29942
13214
91723
83513
89505
63393
34876
87060
61171
3716
50455
13726
49589
2827
31457
20359
66446
38271
68157
68254
52129
88562
34578
37540
14077
4524
38363
91321
3376
19096
56033
20
46588
22833
72619
27705
73296
53558
19737
60077
31550
22915
59383
6931
63157
30026
92119
59964
18673
93009
77725
46166
28004
63
44065
7443
6665
70688
25578
47217
70040
372
16676
18871
48392
69480
47319
88013
43925
50376
88100
60804
47823
60417
70429
33971
40015
3781
63723
88624
27305
52664
86016
19626
36544
14336
36959
65025
68673
42372
32948
75928
36783
15285
92923
46212
56700
23886
70381
3581
32178
79871
52246
48738
78425
82451
48428
17836
57479
57289
77300
34841
56851
12569
11751
15105
28898
40720
89
79185
22549
31126
95831
36804
81281
49095
60109
4903
51666
79445
691
30806
45334
29221
1347
1813
23867
33408
51822
35902
30911
9926
30836
64715
78721
65770
83100
39655
7371
64840
5886
14649
74037
29829
1438
85037
97033
65476
70341
91016
74691
58567
17954
26247
22737
31232
21096
27432
25425
98433
55407
59090
75530
7970
15150
49235
86168
21876
66685
76318
93485
31805
64464
55509
33369
87793
24092
23318
67683
59741
90873
73526
55869
44023
64209
54535
16358
73809
38336
98505
98833
91029
98094
16027
93232
90324
64777
56562
34236
51
21586
4542
21051
30934
60795
53752
61452
10858
85479
78501
66335
37064
67489
99099
66426
35291
10327
21284
96363
34429
90691
14485
92971
65647
55658
82208
84408
79238
33845
69310
4693
52134
78341
45586
54233
42732
96813
2804
41066
86489
39901
3261
79868
15700
12878
21874
96160
29907
47517
31001
81679
39616
22
87400
73563
55290
38493
94152
84755
96030
96950
26839
95978
47944
42954
32930
30614
10858
86553
36055
73047
33875
84533
2752
58254
55212
21
58249
55884
29810
3827
69995
95563
49411
97907
52891
31860
34107
14369
88567
27099
1812
75044
92534
38139
2670
25896
7690
29264
40
88275
50404
97487
79025
94676
86273
88875
9690
549
66667
4868
72691
85653
14288
46164
66844
58569
6246
18340
4992
56180
66506
28205
63210
86302
46090
32777
66446
96111
39022
63803
13356
61594
54786
39921
54868
84009
43923
95835
5977
48156
53
3278
88341
44237
62524
32091
72410
80207
63433
1392
12184
14703
82529
599
43087
22014
802
17987
44055
60019
69537
472
48585
49609
43714
82517
26348
89845
48264
64283
46890
26948
97334
89622
79998
67177
93883
72983
83540
73775
47139
51012
78857
16350
58863
89379
16269
47452
45847
58295
88777
65519
85709
1197
60802
87
95809
60270
40525
83383
80978
89725
39439
84834
14758
83185
30693
94926
50986
65069
39071
3776
97805
47492
69729
85923
24564
34037
10260
27756
13568
59608
21235
30994
13284
91655
64039
27320
97336
82195
1670
4965
84532
52340
48058
91904
29143
11477
34602
62298
47808
61740
8725
32898
9657
15116
78649
94365
79671
55272
70975
78811
71763
9148
73240
99315
37695
54342
92323
9797
90743
77512
71361
24325
38833
16299
72820
3808
80932
62667
53389
64972
2588
79113
27573
91637
91744
80842
41200
31517
84376
66805
53453
43126
41
40396
56648
16845
49465
46636
46642
31789
48191
66844
93585
25848
62891
54081
52664
50133
56322
63034
97557
50995
95739
26597
55518
72931
53975
58003
72298
3870
73175
12200
37586
90713
36731
23033
57195
37442
14623
43867
66926
60750
70092
58407
44836
19
41481
95787
93613
47785
42052
79399
32792
37287
52758
62460
61757
51783
18151
54996
28785
57322
94032
26677
68838
44965
37
77883
53356
51464
70111
7385
29012
65393
8645
69199
9205
72691
76798
3460
22004
39365
5185
46571
11317
51143
52135
74396
34261
29896
53999
8967
97030
24926
72540
23928
23972
33537
74013
16853
60185
39770
44197
77620
66621
73
16368
71191
78487
77308
65121
70399
62705
56550
97897
19790
28231
96741
58267
85089
14246
5297
40213
44512
5527
99651
1080
7938
1766
64221
52325
7872
98168
52729
1881
92153
18332
50634
19637
62524
77274
28193
98473
45474
42337
8470
87257
52164
2864
46641
79361
82785
55644
66969
50484
57363
62489
32129
52980
9795
38743
25830
90363
64839
87064
14220
15309
28782
99550
14106
17216
63693
13052
36782
91279
82446
17502
95089
10019
97113
86
58291
50354
76851
9577
14479
64536
23078
18451
53415
21679
49510
49887
14074
88078
62557
64762
50638
59181
73588
99481
58262
3798
38744
51300
65685
32028
14281
28001
45581
52400
35811
86836
15532
40814
78347
33830
2607
4163
30736
53862
22738
84881
22833
94371
82438
19153
76680
31119
44894
31164
14001
3106
15038
18537
41463
15589
88939
59934
52469
75058
81713
54871
29627
38102
95101
87854
5590
27321
10974
94262
41629
91686
253
93723
13071
66277
18062
48290
48651
16814
15426
97297
56865
38150
35399
18582
86567
13
77257
66593
11336
24542
6220
41937
97563
68643
58133
54045
14720
89578
38671
48870
73
35002
44799
86927
27901
10318
42623
73495
75645
77193
20196
62406
71510
47061
96470
77617
45897
82611
8291
22645
57364
35193
16185
76927
18702
14143
66669
10321
55268
5209
23890
82198
6482
29594
36650
29966
61188
62563
38207
93366
25509
11120
85696
65512
57810
83975
33666
9390
69609
73815
1877
29435
83506
11839
41422
41776
59643
47602
25157
43891
50723
53373
88550
44666
22300
51558
25271
79221
79803
16158
98194
99372
76706
4819
60956
1
39257
36695
98
16251
32363
43200
80295
95673
8503
83624
7847
41811
26945
35682
46955
91150
4095
42257
7929
83940
57453
19891
2070
71145
35437
12050
3135
93144
83254
725
96541
60233
81023
73658
37308
62689
4520
81254
53520
39090
1201
7227
25863
35537
44571
20055
45838
95591
28484
68546
5290
30965
89656
34096
98151
36417
1417
54705
21631
28757
64668
91332
48560
9559
33028
15913
5188
73865
48325
62142
29476
13107
29865
95087
3738
89422
56325
23750
52500
90709
2647
1894
71511
11001
45986
36775
7073
39107
34526
52840
36210
80016
20901
38042
7667
78121
98006
34090
91318
59147
39107
18802
50
58484
36498
68625
85981
57678
53295
82499
56058
7918
51561
94400
9715
79657
36571
1227
32597
40837
61817
85136
94208
32741
72289
15006
53069
82069
24571
70375
79491
60644
11466
43044
47552
79990
36156
36464
16726
87054
26296
1089
70556
9457
51995
15081
4897
83929
13279
44047
61446
89936
92427
90966
84
2053
24486
77982
31525
69210
25286
85482
29562
26747
30464
10650
37555
48058
41264
97657
28105
46614
43309
34707
26470
46302
63071
9339
18553
48232
53414
62726
61054
35605
54400
86116
34120
74658
58410
58172
61351
89415
19724
30623
84577
10656
87818
31465
21561
25445
10935
69905
53631
82528
51925
95285
87209
41073
81832
83442
8313
85439
68405
98243
2325
67073
56495
3508
42653
76132
45183
81078
61426
90034
2541
44485
2903
93922
23089
24503
26053
18894
25283
42781
66576
97851
6784
82853
90623
95951
24
13988
72564
32910
37496
22666
7381
77762
75011
58923
24605
63208
86075
10344
5197
36303
36537
75200
15356
34977
69880
18038
61984
55795
84741
55955
44
57313
22016
41885
15503
25581
28592
82384
20082
13535
66440
51750
22322
54444
65596
41724
89533
41060
77439
16607
99677
56754
70726
27318
7330
42674
27017
74704
10035
85841
34378
2413
51874
17102
48687
42643
73089
14985
90384
34318
64660
21762
71189
82535
14973
91400
1
30576
42075
6
659
71345
89454
13626
83398
33779
25925
75
54750
41593
30869
7693
13216
56680
64974
79651
77234
87529
23569
2472
13580
64227
44739
34635
86586
55940
97647
29585
28230
34172
7829
10697
37089
65721
85696
98278
50193
52889
12079
61699
95939
25354
382
20638
28543
28048
98744
73419
64910
42431
17587
87550
93328
24776
68034
47833
58
44365
74889
20782
64685
56954
84233
60601
7993
54434
20148
51593
37159
90288
57691
54640
22247
92288
69960
1248
55232
38791
75932
57682
88228
93071
62744
63833
22
61325
81164
36697
10301
64287
16237
16767
656
89837
16442
27086
39489
24565
24144
9393
18823
45925
87758
99517
5331
93446
51730
100000
2
99999
99999
