42
35
5
19
43
60
98
58
98
9
87
47
96
58
31
61
65
69
86
92
10
92
20
29
25
47
42
45
93
70
56
91
5
82
34
24
78
49
47
4
69
1
57
93
45
8
97
16
100
83
69
98
19
55
60
8
58
100
73
68
42
9
61
9
66
10
20
70
86
48
33
62
51
82
5
20
70
3
1
79
66
47
10
87
23
52
9
96
81
3
1
37
36
65
8
83
84
71
85
12
61
100
54
26
9
38
82
40
83
11
33
94
58
23
56
1
52
80
5
17
73
8
23
59
55
5
75
47
14
6
27
8
8
29
98
8
33
71
27
38
51
13
2
33
24
66
6
69
53
42
96
51
42
48
3
9
22
77
9
9
7
42
58
95
46
45
97
54
99
6
8
12
69
19
42
1
42
10
12
39
6
65
42
94
12
80
99
73
8
99
21
60
37
81
33
97
22
75
1
53
65
6
91
29
50
87
96
79
10
9
30
55
87
38
68
9
19
58
89
20
9
39
22
62
12
15
96
48
96
16
94
5
85
78
16
12
48
52
3
86
76
55
20
7
67
87
94
47
44
27
60
1
8
52
12
85
6
70
57
50
47
18
10
61
31
34
56
46
1
72
90
66
83
80
2
86
89
59
2
91
67
42
9
73
90
61
29
25
23
89
88
46
97
9
36
54
60
73
84
17
1
80
25
99
5
8
53
17
83
46
69
3
46
19
71
38
7
33
21
7
78
29
53
29
6
10
29
6
5
10
74
66
90
79
17
40
26
9
56
28
17
22
14
31
17
97
93
24
6
81
41
33
13
92
49
