45
100
9
13
25
3
41
63
17
50
69
7
31
7
28
4
80
54
67
98
92
59
1
76
43
3
45
40
17
27
6
30
1
88
34
78
58
62
3
4
80
12
15
5
88
65
94
16
50
50
5
35
57
11
92
68
89
3
92
84
90
40
8
27
81
63
87
63
3
74
91
3
4
43
19
84
61
70
6
53
62
99
86
18
1
73
5
55
31
43
16
10
79
5
63
62
11
15
21
79
5
41
85
6
66
34
34
3
8
28
20
13
5
92
7
80
24
97
62
8
91
52
62
3
17
35
82
62
91
5
47
55
67
3
76
63
9
65
26
27
87
68
48
31
44
26
99
5
44
32
15
42
83
9
5
28
94
33
48
75
56
2
25
45
5
2
95
15
69
2
86
100
81
4
46
9
69
75
63
7
26
27
35
27
46
56
65
98
10
22
99
27
14
28
80
60
46
82
19
7
9
98
59
68
43
44
35
89
22
79
43
2
32
44
97
10
98
71
55
81
67
30
93
99
10
44
67
3
22
38
75
14
7
29
10
95
74
87
69
44
84
7
94
30
7
10
38
60
21
47
6
20
86
32
36
31
12
93
4
42
90
58
71
8
2
2
1
16
2
31
68
87
2
83
69
39
8
84
3
23
65
85
2
85
85
77
4
49
29
39
53
40
6
14
54
39
23
5
4
5
8
67
85
20
81
81
37
21
81
51
1
3
85
2
59
51
