27
90958
54
38003
9207
77930
39516
74299
60850
85691
56660
37181
64203
48873
18167
74426
18326
16485
8625
66299
23971
49427
26892
12180
5750
20315
90453
54511
350
20431
26361
64847
58353
25586
56545
90338
78411
97767
70478
60611
16851
2692
66644
84814
93223
4711
35665
26515
42859
59985
52652
30137
51216
66467
44052
86822
41598
44931
96
69863
77760
19138
68462
40281
86016
35214
10107
21632
97613
10398
32071
69824
61478
29547
70925
18464
79886
14140
40655
63213
75152
72970
16595
59626
4145
6358
10290
48134
99248
76385
20979
87095
29312
74536
78416
70277
42235
15105
23831
28627
71986
57793
11145
67901
67185
16179
48874
73446
25844
40077
44704
21404
1380
69258
59332
71579
78749
43645
23907
81421
6337
20763
26317
72838
9210
95117
25545
3951
2363
36132
10448
46477
68832
61355
79589
46041
66811
39904
82100
47536
82405
77435
26083
545
50159
68404
30672
20880
22260
13994
70636
73452
79058
94798
38274
58961
39
56186
26390
32330
40491
11284
18201
54311
52058
91546
55363
79375
66181
78185
43610
12780
41255
29003
47049
27596
61393
74705
16772
18546
80128
96322
97175
83642
47262
11121
54304
66894
8533
88233
74497
65798
10797
87167
88758
5800
41648
63
88536
10654
81697
6384
11968
52317
50181
6319
96134
46971
80123
81205
10538
74795
67987
19923
9722
40249
4555
88518
68871
56940
8713
90317
95203
36533
53896
60511
40120
84726
98132
51745
72321
58942
2943
20522
10456
22192
53794
55557
55427
35475
75373
98694
7043
67113
68634
96602
97512
61567
83395
87179
25115
2589
80193
68443
25420
25950
28186
19672
74534
85545
32066
44641
80
53307
80275
85024
71234
38173
59250
8397
92859
42245
84001
9718
23935
33318
54000
77797
81350
2112
55190
68955
91506
89841
93860
98939
18422
17146
66194
11135
11398
18956
38497
4200
21497
91511
37426
5481
24501
87568
26974
57912
79493
53695
79542
47580
46843
89630
32118
36714
87146
23816
55396
82613
63510
41518
53609
16841
73629
72336
55927
31021
45179
42464
56441
65622
38344
23706
9101
26397
12653
66042
86384
59443
31801
83452
66060
343
99795
73733
19103
75452
44453
92219
34
74086
90245
66579
24561
29265
91391
35295
47217
41588
28315
15951
53352
55939
5784
61120
3571
53949
29443
39432
76610
56476
78958
87302
96993
39837
40619
12847
36119
57133
9999
97663
28687
21730
26142
34443
87
53789
52775
58805
83069
12736
79130
82238
34599
38646
73271
9750
90276
3738
84147
30562
12220
31527
55121
3130
19001
75658
81362
16788
31355
63034
16223
1475
68800
96580
7607
74297
11030
81832
24349
57090
56012
88510
14743
72657
77933
83330
24614
29056
12421
73541
90715
31064
73942
82014
16714
15861
40815
34178
33693
96041
26995
74710
44812
7168
96576
47597
54678
99419
66933
67034
87969
83259
89440
78608
8978
37609
92964
60300
64011
15651
24570
41070
81940
38190
24384
21140
84720
47400
27084
62542
79318
4820
91192
82
25234
56626
19174
11928
97688
56491
46254
38632
95561
31751
43967
74878
75274
2139
5634
60211
27084
11988
55250
86721
48610
16631
48761
3772
11957
71577
17220
57680
65388
9139
35044
10791
58274
51299
83386
50158
28924
99916
18592
39840
48909
65772
48769
92828
74597
46497
67685
38700
16914
40060
94544
41329
3675
85333
20615
77318
75370
54086
69251
20304
24909
79877
34558
88875
64569
98391
75734
6563
79289
91135
9113
91229
4439
69739
57935
38126
48346
11706
91137
86009
65078
60084
6690
59
71403
29311
92536
57607
93312
17427
28665
33915
22152
10843
77632
19348
58144
82057
47572
94364
19956
22945
1764
79107
3004
26719
31813
98106
76267
30131
7757
21618
17683
54196
67679
14487
1543
36470
11889
29766
67833
30845
22257
68805
23066
61846
36021
92107
44945
59587
65179
5985
89038
68810
67507
68893
24670
20872
43359
58273
59362
81038
53533
13871
47
35140
27852
26694
8482
59416
61534
74104
51961
25276
76978
11064
90683
26757
62316
15100
46376
82602
84856
48300
43239
57184
17531
43501
68500
64895
9482
43801
27800
71171
78147
24606
84495
79963
99498
5680
35408
2276
25548
16986
41989
33286
63785
16583
5534
26578
11908
71463
47834
44
53030
2891
34518
70823
81482
66717
57340
52458
47396
86046
73823
40308
79448
78784
87881
88703
69452
25789
43469
32516
79950
6711
94763
54011
66485
90055
11054
27509
89969
1640
72245
45378
31344
11302
11752
71102
10681
71577
67604
35649
55963
14042
9663
91835
62923
60
21133
68083
36693
23330
25931
17752
8421
14397
69961
43101
75582
88982
83996
84012
23421
10519
78595
755
46759
85293
47389
47334
6352
73747
84058
27415
22044
71009
50446
48308
26170
25702
68532
40200
74939
19325
47343
87570
43030
59855
97385
27659
7131
52677
29839
6879
57908
99558
85471
50235
66653
42092
89117
91084
72837
9902
79607
29002
51846
55856
22106
33
68373
60639
70103
76217
20249
67271
7693
20343
29951
62467
69239
46186
46577
56270
3199
56299
79770
23914
19592
9962
98915
64650
36515
95486
95827
1105
20081
82397
27267
89683
94293
70575
24771
37672
83
55057
83616
25888
31570
55045
20195
17071
57422
13517
17609
89711
53238
59923
63015
74570
89345
42559
17041
86895
42722
79557
45577
41184
94015
47772
87248
7290
38284
27437
26134
16810
65765
47090
88568
56875
82324
28068
85320
94832
55806
10768
76006
61772
94075
55929
41291
85468
83323
53318
10241
3987
41089
37520
5136
10114
67440
5921
34118
73674
9895
57515
83233
63958
92923
22829
33766
47666
1226
35041
58167
69128
47525
274
28484
29054
198
61094
4862
65636
93855
11394
58525
7569
96845
14
23563
12394
63666
85705
64940
25539
57387
87719
96316
95548
87455
86618
80598
59178
71627
18
98573
66423
97260
65530
76542
49988
26870
63855
22576
56316
65544
95992
32809
46024
83755
98911
94154
40425
68066
17
27864
37796
54378
22530
89576
48165
83616
35324
65780
98571
8120
75422
84097
42151
68524
76135
85315
63842
56
42377
88840
13093
68806
67566
20009
9727
85780
60637
57663
62891
57862
5593
3469
15070
57756
74563
70627
73178
12612
42030
38953
17000
70699
2608
25742
81592
65946
77732
77415
94722
64269
7618
95595
13027
98395
64000
73139
41299
23738
86485
30524
38138
56912
40718
11114
8200
90586
20139
14977
56367
13635
64725
25279
32367
3921
49933
9
25751
2555
6950
51783
80578
23102
71401
29282
86776
96951
22
86409
70863
6962
61429
58077
52550
15491
17403
40285
55746
50019
79846
75499
62553
69899
79996
13040
77077
1062
11448
57976
22237
92071
32
27538
27206
14518
39472
92823
75731
3523
22329
95324
76294
9965
66546
92786
83931
15080
91456
6942
50493
40206
24108
16902
5228
69678
41719
66238
70790
93283
36333
29299
1142
66183
14338
12818
88
78821
29575
52586
14141
27114
62897
1780
68477
74093
3329
97464
89883
98150
56402
34866
30953
30206
3750
75208
41180
92334
64751
62186
18179
63785
65722
24660
75923
16839
5163
98635
64225
84552
14510
10364
36244
45209
53060
24160
1558
34192
43005
73497
21184
22947
45917
62011
97869
36896
5569
42223
90129
19360
33619
54114
31678
86971
94513
33125
69275
63529
53806
77718
41480
23901
90207
343
8394
27313
35753
72436
8201
70263
847
14064
60167
43276
61279
71843
55721
32882
32892
75007
79348
70410
36217
58760
79240
92607
59
96542
64014
45569
50943
88363
36242
33116
68787
11076
86192
83489
33497
48264
59837
84127
35498
82361
84102
13288
23801
49699
79229
79407
11151
30351
13295
64336
22491
68971
57091
54982
44625
262
78955
39391
92884
83279
78603
37917
96631
32458
96614
37888
19588
70080
51923
1081
73281
14824
53569
17264
52275
64124
4855
84266
18444
24246
68246
5222
88134
92
87482
7066
30922
88861
69791
823
71517
23438
15524
23898
97447
27696
45138
27287
14290
23203
14193
96559
57518
49351
25842
24400
65417
73225
47310
84709
41102
16357
11917
93422
83278
8602
41443
79673
45206
6864
54972
32377
89243
96918
39839
31945
40332
30282
47878
24624
6023
34927
45912
47794
22846
78524
93266
68595
9303
56018
41055
55359
54259
19496
48098
61592
46181
67635
86538
65621
53453
64468
66583
75531
98924
62758
44263
78643
32845
65966
88706
87532
97558
74621
76131
10477
94534
27834
46637
53232
9814
68774
6807
41116
27414
34095
86278
36
61924
91655
59619
8888
71303
28261
26223
28020
68820
19798
391
1686
39070
99729
1386
31875
77209
78827
48942
20418
12798
58902
63578
80964
50075
26365
43042
15070
55000
7678
36278
21194
46100
18014
64579
18778
879
37
45886
86114
72533
532
62706
30288
22679
7756
76703
30285
15019
1358
33727
20202
82121
97699
21922
8503
72899
8618
42499
61411
11949
19333
27877
13771
53503
60760
95107
9078
92599
42084
53838
11910
3947
89954
97581
80591
16
74406
94589
35693
83958
88394
60419
10857
45562
87776
38087
26400
8227
91655
33685
83339
34259
