39
11
8
32
77
92
67
99
91
78
44
49
5
70
49
89
39
7
3
7
77
27
89
25
95
8
42
13
5
64
1
85
86
74
39
4
45
89
25
8
6
8
27
36
78
26
24
30
41
100
29
10
62
99
31
99
22
24
76
51
8
19
95
3
50
48
87
55
4
11
70
94
70
46
6
25
15
60
61
27
73
72
8
47
71
75
12
13
65
32
86
33
3
89
1
20
32
8
25
28
57
40
80
30
71
23
80
10
34
16
63
13
91
19
74
35
65
48
77
10
94
48
67
35
28
83
96
21
86
28
8
6
66
80
47
34
76
20
100
7
46
99
51
44
79
95
5
100
10
90
25
90
18
43
84
44
44
89
87
67
9
77
41
79
6
85
11
89
7
73
50
4
41
16
40
27
81
6
47
13
24
1
45
55
73
9
28
45
26
23
99
19
49
5
100
48
2
19
100
90
5
4
58
31
66
39
46
7
54
5
86
72
41
80
74
58
4
23
13
31
64
9
10
27
46
6
76
64
53
37
7
15
38
3
6
75
31
92
18
55
53
29
9
35
41
14
88
39
50
64
89
43
96
8
29
16
50
86
44
7
16
91
91
2
82
36
88
9
36
65
90
56
35
69
57
76
98
3
1
25
17
2
77
29
47
9
83
5
79
90
63
14
91
64
94
57
7
87
95
9
23
53
59
51
90
9
84
63
79
2
33
65
51
30
38
32
10
79
93
46
38
60
90
64
4
25
96
36
9
12
58
64
57
20
96
80
2
17
