32
82
10
67
24
92
10
50
80
76
43
14
84
100
2
52
19
23
2
60
97
31
4
72
78
40
80
68
6
26
73
90
49
21
25
56
8
80
91
73
96
84
64
63
49
65
8
83
76
49
98
96
74
1
56
61
9
96
22
54
97
37
37
98
84
67
55
7
29
31
61
43
36
17
3
63
10
29
65
10
67
36
100
61
38
81
39
64
3
81
88
94
31
7
24
31
82
5
15
92
64
98
8
32
71
58
82
54
43
6
76
50
6
14
60
33
83
76
46
83
3
34
44
24
80
6
72
33
94
70
42
100
52
5
3
37
1
87
95
24
8
41
51
41
43
35
83
42
45
67
9
82
80
11
68
40
64
91
71
6
60
10
60
4
100
74
74
61
66
25
39
39
80
6
47
26
30
18
41
14
40
7
41
81
65
39
95
46
6
70
4
13
92
47
90
50
1
24
72
3
79
3
82
8
10
22
17
66
14
26
83
31
37
84
18
74
8
4
95
24
60
86
15
97
74
61
8
81
23
28
11
77
88
60
44
61
3
56
31
77
98
8
84
24
49
62
11
76
4
52
67
4
58
38
10
36
92
2
34
45
