6
60059
28
14319
52314
20396
26352
15106
76952
15236
71406
64282
42273
10980
13858
53973
83467
40800
25929
98206
91807
52487
89426
32605
72848
21258
86033
67496
35299
13033
14728
28818
94
51014
76766
40097
92572
33763
36705
95702
7467
76557
89193
50703
82342
99415
35499
5877
40120
65022
1255
97753
13572
77636
7407
13047
3885
90146
40095
34475
17589
30576
51981
90598
83944
51624
67481
26247
8885
27260
57441
32033
78777
68883
94975
71532
87458
10274
3506
22983
23437
15297
60482
8663
20625
95259
25822
19581
45599
83849
22824
55744
67152
6745
11094
92949
29765
265
55981
55920
31634
78839
17091
24574
90026
24627
49630
25294
61982
74264
36638
62329
76759
7481
47637
25752
27932
297
49760
71921
67663
91469
81132
9962
43452
25092
33099
43509
19
74480
77809
10814
20941
22916
20762
38276
74018
75352
54097
72564
70116
1822
35722
84714
64221
68133
21835
45945
79467
93
35930
59385
36740
75922
66102
94525
43189
114
44266
11927
333
40293
75830
84554
21454
52815
56478
19076
80126
7339
33847
55593
46940
91809
46246
77452
9909
96325
97996
94161
15497
90130
11510
69898
11890
41998
29963
57696
23834
98454
31201
65118
39292
26531
53452
21070
42129
48204
26532
35392
82200
42155
48359
42939
34449
65198
45961
2124
62021
50464
12573
74188
64866
72373
17993
44001
64980
29431
48061
55737
52161
85090
40946
27519
90016
24134
52852
77978
61019
27540
3831
44634
11479
42218
25589
99097
42583
23765
57473
67332
82028
60104
14271
44561
63
41811
80038
53850
26100
30965
65831
35031
77785
94522
6075
66337
99358
10476
58194
14955
55056
25510
13244
84705
14503
41364
21446
79123
35266
33787
85846
26456
58835
62767
79770
19447
90592
15599
99313
7221
53966
35419
70773
39218
31699
26972
94791
1810
33062
98678
23856
7121
54838
95473
37953
90507
36017
412
4263
48269
41439
34724
81197
404
47936
65754
54451
94515
48093
41
73347
76515
31332
95754
89421
41318
49802
69564
86022
42457
27418
11928
27650
83420
24414
36898
50796
35441
26890
87732
64268
26610
91098
72917
26294
25368
35582
32966
18113
97823
40787
31120
39376
52762
85404
22140
9317
863
21443
42528
69526
