16
31491
66
58038
9461
54872
16164
58236
84254
77638
72066
11104
7248
84845
37695
84290
21844
215
5882
33845
35765
14358
70834
95924
21917
48472
25720
4664
85855
7406
82657
38592
54065
36183
29941
97213
15536
57485
46112
61904
5387
34092
23382
764
53859
69909
13979
35789
36494
35948
2111
2562
52135
83538
21558
97559
24148
86017
84293
26274
67300
32303
59080
36535
87791
80979
40656
45699
87173
71932
80
47873
22233
84066
3102
17860
32391
22245
35273
12215
83766
14375
54957
4636
94770
433
52364
82827
1965
99206
31387
77060
96859
45695
95443
86847
14444
2342
83485
21433
82469
60634
77354
72298
46836
66159
84564
91387
72918
19788
11620
57493
85258
30435
82150
75049
48779
20708
21422
64485
13526
15784
24198
71434
41887
77956
46443
43192
12392
84568
13057
95215
47364
85417
13573
17844
43063
17213
65686
54010
90448
97327
62514
12397
62263
66789
83640
67321
7869
3391
42283
36539
42
79763
61348
21278
28549
98389
19640
38945
85139
95817
86193
78313
63392
71672
65445
59412
77477
64604
8903
85916
38933
66912
9972
36522
92901
42354
87790
53612
34593
87526
83191
52464
54564
56203
35327
92293
8330
48143
81025
21663
30949
49150
20596
35051
21
97516
23618
54856
95221
43523
6116
83657
90267
63265
96600
55254
94242
85844
22568
49816
45605
93842
91398
28426
99543
60996
9929
86
49537
98116
85584
12557
37482
88564
78545
20416
14494
7951
29281
60713
20890
39259
68628
54001
38294
14188
28655
31747
29439
34299
11734
65660
21918
51407
42486
71508
11028
15654
22701
42815
53802
31870
32864
90967
1417
29
75582
42650
70404
54026
35986
72917
84416
54492
42086
32776
27810
35978
44116
63894
39857
56625
96038
79799
44151
49288
14680
32932
51634
27091
12377
79942
97586
53536
47541
3829
73084
47518
14209
50850
89626
56996
96459
92531
71946
1571
46425
28722
8569
53833
5749
6296
2197
2125
79406
40
52791
13217
88161
86279
75008
92414
71326
41178
98683
20733
84987
157
26092
34048
42576
47563
22985
97481
74419
16461
1717
19800
40806
92337
14281
47264
19173
17242
10633
74037
132
87834
33438
7245
69391
30713
14200
28699
22989
81527
7727
3
61835
90504
51960
87713
39
26388
68425
29628
81395
53185
24939
17729
13561
9721
66626
20504
75926
30675
83935
28068
27074
9575
27066
60404
40421
19205
95048
27785
24322
72900
24691
62049
11545
31447
79740
72717
16515
34570
93762
20270
38542
63472
51673
40430
97130
22
4249
97920
21532
53167
97598
95929
80840
10499
65275
18370
33211
11753
74554
36053
93236
35459
40392
65004
64971
35048
20653
25413
64852
61
84442
13090
63455
26106
1708
61791
8007
66321
36766
44422
48568
85893
40975
33873
79981
15379
30542
20119
28949
53609
4266
59216
61042
93965
2999
11979
55930
3336
37715
15334
840
46807
16289
17773
81991
28611
80442
1794
11678
50396
23772
10870
14729
71601
99400
96224
12183
93506
41479
99588
82361
78496
18652
92100
49888
59127
9531
96654
51763
87774
40364
31231
57
26968
53265
24174
65077
82967
79761
68807
12565
40656
78839
4491
85897
66588
61323
33918
30461
8785
63085
12338
71034
36836
48483
73432
75203
33948
22367
88653
8906
73734
4092
92109
85618
88892
70220
41474
90536
66340
3915
26861
68965
83943
98526
84285
4202
37671
50435
18037
74344
94831
41999
87212
69727
48968
59211
65623
73139
45072
10743
42
53454
89969
15071
83259
18
62026
645
62342
29897
86801
20401
87944
32993
50792
16375
81434
81096
84156
82799
88340
16072
55072
66756
2994
49692
83374
14347
59555
53009
99136
17263
25294
86729
43085
39785
17295
25669
30048
9431
52094
60210
74048
35839
30
15522
4276
81925
44714
15413
84817
48975
26804
31786
87838
53039
90073
2987
59900
63839
4365
74733
64111
49397
85092
15846
77017
19656
20190
87673
68469
90619
62854
871
95130
96852
36
76127
93856
64706
10906
36438
69867
21155
56157
97717
36467
53933
57098
91794
77980
57454
62231
51275
75658
95989
23346
9277
57496
90677
42307
18690
7227
90152
72714
75428
95172
15946
66499
38024
74224
83251
205
71975
18
85287
63410
11383
64399
95183
42642
22735
69858
83156
88156
76087
68466
68760
8047
77421
81527
28034
94442
92638
19
53636
49893
98405
63092
22384
48588
28011
49157
59093
36629
41410
77998
98207
48396
37772
55274
35440
91862
46188
