1000 1000
154 780 16 15
436 271 96 192
717 566 146 134
778 243 124 117
923 179 20 114
600 815 182 50
393 614 184 154
-85 701 124 34
838 322 173 141
576 944 109 159
363 519 1 113
875 702 24 110
678 555 143 23
218 600 139 32
719 919 93 124
707 341 113 36
-53 698 52 167
450 523 112 177
789 547 140 11
79 845 67 132
-72 490 163 148
249 149 136 93
266 127 51 45
52 -10 96 14
818 51 96 105
-43 670 28 24
196 549 187 42
-32 932 114 49
111 899 92 171
469 754 26 147
-12 833 79 131
282 936 13 107
475 -17 12 6
-41 420 63 111
895 372 134 93
-97 529 161 110
165 268 167 163
771 582 104 17
-3 970 26 170
695 553 4 69
630 341 100 166
656 744 43 147
573 153 80 44
970 632 89 124
-36 561 196 11
776 362 70 128
864 276 138 80
546 550 190 71
244 245 30 187
242 363 193 53
328 912 21 145
303 39 60 88
717 379 164 111
829 324 34 41
792 19 70 95
97 475 85 155
471 375 68 89
426 812 175 135
881 402 86 31
-22 -17 159 66
153 362 87 95
-42 386 177 54
764 957 149 21
857 460 68 139
-23 501 149 66
141 754 164 89
160 197 30 199
786 -1 91 118
74 852 106 21
716 596 56 35
69 568 92 127
584 229 109 169
432 262 12 97
513 541 186 77
-37 44 172 130
676 59 130 76
984 797 46 6
-7 814 162 115
900 514 166 97
674 344 131 122
177 204 168 7
220 30 102 36
796 450 183 58
77 943 107 174
295 911 15 108
-91 658 130 30
25 361 6 23
614 708 38 58
265 59 134 174
-87 644 36 48
278 532 127 195
895 865 64 127
708 76 55 65
276 687 197 110
540 551 78 53
418 317 181 128
882 278 103 90
323 688 63 152
635 113 148 2
279 350 142 58
166 7 46 77
135 843 107 122
789 620 191 91
35 257 80 121
236 810 78 170
635 912 138 15
-43 59 14 109
72 361 134 76
785 149 54 39
675 137 74 159
66 668 65 140
131 960 196 74
328 142 43 12
438 324 83 42
233 883 99 93
29 672 71 105
458 846 138 29
722 588 185 182
186 79 142 102
947 701 148 120
889 573 192 108
856 252 17 145
266 585 30 93
111 498 79 164
139 739 198 41
198 412 61 8
734 491 52 23
333 351 186 192
205 751 5 200
449 659 38 160
956 744 170 87
858 368 64 91
390 427 76 169
566 461 163 156
91 16 129 192
858 379 111 181
603 453 176 93
187 707 162 110
963 870 161 10
737 249 63 127
420 373 111 44
43 911 153 134
31 706 170 87
688 99 47 133
-79 618 190 112
-97 571 97 122
343 -8 111 132
355 930 41 139
683 64 140 113
88 199 99 179
694 280 54 171
148 175 57 107
851 631 147 14
523 499 85 193
59 508 36 73
362 639 130 102
263 414 147 181
66 214 135 51
238 87 4 141
855 370 20 74
756 851 42 146
-37 129 180 5
667 274 146 80
719 923 131 25
24 425 167 190
990 734 167 73
256 328 104 26
724 547 145 76
462 399 89 54
311 51 180 193
178 954 186 149
243 775 58 130
547 92 40 56
733 114 33 19
485 528 59 129
252 923 145 24
125 184 100 144
974 620 14 59
991 612 28 194
826 7 129 82
325 560 7 153
519 227 109 60
369 251 12 31
280 563 60 156
876 189 111 192
906 22 173 137
611 557 102 70
935 880 18 65
854 534 166 47
686 648 172 149
915 75 8 32
18 140 120 133
136 3 58 102
14 585 191 11
229 439 95 48
380 975 146 111
980 932 173 82
25 97 99 65
215 809 109 51
860 927 74 3
409 603 104 116
829 341 182 180
384 593 85 133
959 323 30 80
331 797 195 14
896 126 34 105
242 960 154 174
565 56 154 194
750 384 19 73
562 845 20 171
204 632 129 40
781 780 74 84
824 449 107 93
318 56 191 23
727 460 181 49
913 13 98 174
607 446 200 120
-71 232 173 111
211 293 107 12
958 651 18 171
743 898 149 3
29 166 112 19
-93 627 84 134
243 392 24 152
640 122 153 72
152 537 186 138
-90 535 8 94
479 569 34 49
96 496 27 41
331 135 179 184
-52 392 129 192
556 896 142 30
511 760 20 20
239 251 16 66
53 877 68 58
153 619 69 67
741 847 61 155
800 724 167 189
543 764 123 43
599 585 134 9
251 759 152 189
33 143 9 107
770 -1 164 169
234 713 40 40
196 964 190 29
177 720 55 23
488 554 20 156
228 382 167 41
808 847 138 51
240 314 141 28
-16 583 48 13
509 221 83 133
15 676 24 13
934 122 84 188
629 340 194 99
634 819 168 131
458 619 85 85
531 521 95 175
895 408 41 163
676 839 47 182
145 285 145 113
909 580 63 140
486 690 146 36
457 41 143 95
301 310 136 183
117 730 195 134
-58 699 167 108
987 722 38 78
155 472 56 22
625 85 128 174
652 630 73 70
964 57 148 156
126 838 58 110
804 937 194 49
341 715 148 20
967 858 15 193
742 457 188 8
978 902 153 173
-32 365 81 47
512 239 108 4
58 77 57 17
418 229 98 185
594 597 40 177
611 692 38 60
11 405 148 44
100 767 3 191
669 247 46 197
279 73 90 95
271 396 66 197
806 96 57 148
876 465 120 37
754 2 161 98
-72 83 23 196
397 317 44 99
608 -1 134 35
369 164 20 7
981 437 63 99
716 -2 96 147
895 760 32 158
420 30 176 194
953 766 128 57
469 786 103 75
59 178 161 105
601 482 59 43
516 148 54 180
-56 174 94 113
230 837 169 170
-64 852 14 129
242 396 13 30
494 936 73 144
-15 900 9 180
464 866 16 82
256 66 93 23
466 710 24 62
43 815 117 200
-67 5 186 56
28 -10 111 65
195 253 174 168
590 809 90 107
448 772 27 85
-47 852 167 91
137 848 27 113
661 666 143 139
616 367 77 33
879 294 40 41
377 378 56 87
143 293 60 105
357 278 67 46
-79 65 116 139
967 553 155 151
543 565 132 171
207 278 98 193
723 694 157 3
344 803 164 13
675 960 183 112
87 333 129 199
204 205 12 71
76 326 147 148
-88 479 181 137
267 920 77 179
755 369 159 45
-12 804 141 167
754 351 145 180
689 256 36 66
19 -14 189 55
718 266 63 123
266 19 34 163
293 939 102 23
619 704 132 45
-49 630 86 70
631 916 122 126
198 492 117 165
775 874 113 76
484 384 171 160
869 527 172 131
286 325 23 66
461 940 56 50
967 944 67 188
-30 229 87 28
743 606 129 161
561 865 115 150
679 166 74 77
-95 425 155 199
300 536 194 147
-42 88 155 108
176 512 71 17
240 458 181 168
531 542 21 71
-81 522 164 181
574 389 99 136
323 810 8 176
258 873 67 24
924 82 102 157
911 136 19 28
791 89 124 34
403 116 160 115
183 253 95 74
733 181 124 13
539 299 62 139
51 108 39 54
293 188 64 158
765 849 21 56
705 893 80 164
767 773 199 19
996 845 88 89
11 337 68 14
829 119 42 113
-90 358 151 124
968 660 11 76
829 348 84 142
918 142 171 48
-89 586 199 174
307 248 189 57
539 881 16 137
87 457 8 185
-53 213 27 25
957 649 65 119
908 688 71 23
15 85 42 65
277 505 199 30
131 602 93 34
868 881 10 191
563 55 143 83
-23 111 74 84
371 358 98 21
507 215 108 72
213 666 73 93
729 862 34 160
500 525 168 16
399 511 76 163
773 49 193 190
718 964 125 41
-86 452 191 176
100 759 43 91
399 491 48 145
80 117 11 152
273 642 130 92
786 365 109 29
784 69 154 26
856 32 138 176
726 712 130 25
464 69 152 150
462 50 63 73
900 865 23 173
433 369 172 60
-89 19 7 26
80 584 16 161
992 54 138 90
124 944 160 85
98 504 101 77
388 186 95 111
403 80 125 165
-46 943 143 82
436 849 54 161
93 492 148 192
166 619 13 130
799 139 187 41
610 970 148 4
733 815 15 75
302 623 152 102
742 705 169 196
-68 90 151 183
416 969 137 166
348 795 162 71
501 873 28 76
282 109 8 150
74 896 51 8
442 -13 190 89
752 634 134 76
-23 149 99 196
790 562 81 48
211 2 187 41
690 971 115 54
10 738 155 68
432 651 105 78
411 303 94 122
584 128 6 37
136 174 137 123
65 534 125 45
177 141 42 102
71 412 47 159
717 536 183 133
870 33 114 126
320 586 64 87
446 35 13 103
-88 861 117 26
936 459 53 179
36 970 25 76
492 485 187 178
-59 -18 15 84
167 447 65 60
762 241 60 12
699 937 69 106
974 522 144 70
654 66 123 108
142 727 27 26
-69 198 121 34
805 549 157 14
867 721 62 105
845 809 75 175
476 682 54 57
855 396 56 136
712 335 162 199
686 8 25 180
48 933 153 172
350 135 11 12
403 323 37 100
903 973 58 52
971 166 137 144
133 214 156 90
307 841 99 48
138 893 28 116
813 357 62 193
153 755 29 50
96 832 116 44
-26 805 78 126
206 363 156 1
-18 10 197 101
-23 347 159 56
570 323 74 182
914 575 101 140
715 480 123 132
127 658 33 92
160 269 151 134
181 611 42 14
-3 190 14 1
9 652 101 45
50 722 73 183
636 540 48 29
526 626 121 74
288 12 193 4
265 970 106 176
-20 143 97 78
696 837 8 104
229 684 106 136
713 878 105 101
616 709 110 40
904 188 80 155
-98 125 189 42
694 159 110 66
173 867 120 10
801 282 78 73
60 844 119 70
610 66 163 81
872 952 75 142
110 535 37 200
228 718 164 115
943 -20 32 133
880 402 186 9
284 915 4 32
-37 603 34 175
123 424 151 53
110 704 111 189
935 343 23 125
529 722 23 180
657 972 71 79
112 357 71 163
398 247 81 138
940 344 136 195
964 580 128 15
802 382 18 44
969 786 117 128
-78 245 105 85
959 820 21 79
90 864 128 9
677 225 199 189
-69 458 193 158
-55 527 5 157
242 30 136 170
734 976 157 129
604 798 89 68
559 357 194 136
639 361 14 145
613 796 182 97
865 689 188 97
623 752 86 44
576 238 86 64
5 647 94 57
350 759 162 103
942 816 190 81
553 625 71 86
508 717 164 199
703 730 115 29
-79 606 72 40
407 289 181 138
995 98 6 199
683 93 34 98
821 326 116 31
337 50 144 176
404 625 28 25
-55 64 16 166
326 936 96 191
973 574 73 59
820 378 150 183
-71 326 199 145
770 668 60 91
829 187 68 148
376 342 84 113
222 62 68 199
355 957 28 146
506 245 59 127
740 727 74 23
835 762 55 9
435 275 8 105
986 518 187 132
21 447 6 75
-51 326 126 9
702 381 15 146
959 124 25 116
271 264 173 9
872 950 61 84
418 480 16 61
356 492 133 115
399 84 13 114
168 286 110 48
762 790 77 40
711 860 57 153
377 923 98 47
404 408 156 184
28 21 31 144
721 809 56 51
767 26 101 189
757 42 45 156
924 264 155 174
748 334 85 59
333 647 13 52
144 593 23 193
825 790 161 40
311 948 96 18
-22 -9 130 28
215 458 148 35
739 257 4 114
118 320 191 126
363 818 104 184
-31 117 1 161
516 832 195 88
397 952 111 34
356 203 153 200
126 513 173 171
671 720 139 23
460 389 156 158
156 955 137 147
227 219 53 51
350 601 174 86
63 462 56 110
853 206 199 24
-8 887 194 3
814 483 33 94
910 69 65 151
957 646 65 121
3 484 175 138
667 457 12 141
44 -7 9 162
370 930 110 140
46 812 47 151
989 874 158 26
981 250 157 31
227 738 87 157
74 814 65 53
34 418 165 173
243 474 45 170
266 0 19 123
-61 164 19 83
14 601 84 149
417 840 126 36
885 776 155 19
631 646 36 81
156 160 153 70
826 22 166 189
525 302 87 148
999 811 188 39
749 872 25 9
424 679 74 153
-76 692 134 74
374 424 176 111
55 271 130 91
291 -17 76 9
617 799 85 106
-31 201 11 3
18 778 30 191
773 686 116 200
398 742 8 29
291 316 172 28
430 748 104 117
405 208 9 61
622 588 24 172
619 214 165 126
804 913 34 199
483 275 24 162
584 697 139 129
4 186 162 164
591 751 10 159
426 586 6 179
428 221 43 18
330 252 33 195
519 252 150 186
976 9 136 176
-72 276 173 190
994 811 60 194
65 603 26 105
394 828 37 12
313 261 137 79
55 587 47 159
451 278 15 130
701 506 105 165
854 843 2 97
196 355 113 83
480 41 147 128
299 499 187 77
695 103 145 73
257 954 75 98
84 357 186 62
-52 597 98 121
954 338 169 140
380 84 119 82
24 717 5 139
623 300 72 77
-43 30 179 161
422 393 60 46
493 365 188 146
421 734 54 42
854 467 126 5
991 340 91 178
276 947 138 87
955 598 126 52
254 532 108 165
-60 350 113 66
313 560 3 8
695 648 179 117
253 145 143 19
281 756 169 186
116 716 112 118
-9 213 119 194
383 869 93 37
370 17 47 165
790 715 24 111
749 253 105 158
838 179 66 36
-99 731 187 103
909 927 92 172
192 445 139 108
-61 881 167 170
275 927 167 74
97 488 42 186
165 807 83 85
669 208 125 179
979 146 84 97
960 901 60 40
633 360 18 115
442 55 71 166
235 802 115 66
29 50 98 112
-85 317 43 63
950 894 191 33
467 335 174 162
149 127 88 67
18 319 8 17
138 835 134 53
431 643 153 27
878 961 175 39
8 196 91 83
963 357 86 85
966 304 53 10
439 267 57 106
-26 765 108 105
75 190 8 147
706 78 103 181
974 297 145 169
729 171 63 1
985 866 138 14
-79 202 168 19
58 406 29 117
915 250 39 19
557 424 51 174
904 958 140 61
910 25 165 188
836 441 124 17
-22 777 192 29
0 40 30 30
61 548 66 28
390 721 74 56
67 240 160 30
378 197 29 129
332 626 119 139
443 84 22 16
150 719 66 67
-60 661 78 198
157 373 101 29
494 49 114 132
-25 55 51 198
-21 869 11 52
516 978 118 151
879 711 191 148
798 36 62 27
-30 959 195 81
321 235 58 135
168 814 11 189
708 562 198 18
-86 557 150 20
608 476 45 20
410 378 100 61
120 474 118 64
911 349 69 194
478 415 24 180
959 338 151 57
407 544 10 196
87 939 114 123
749 409 146 37
150 740 55 193
606 119 23 132
251 487 10 5
457 619 70 79
966 961 74 161
452 936 67 177
706 640 20 167
-33 588 80 64
340 461 52 98
400 586 70 167
589 241 13 180
229 730 116 124
59 582 158 82
263 143 4 155
969 325 119 150
950 222 14 62
201 868 79 38
342 457 168 138
765 907 73 79
411 812 61 142
969 434 140 169
77 598 41 141
230 42 141 185
792 39 166 74
265 860 67 11
281 970 194 129
454 683 148 107
852 356 143 96
756 122 93 194
703 578 168 80
530 817 78 68
711 670 3 48
581 64 92 39
66 958 9 87
641 387 175 110
589 786 168 140
152 899 58 63
244 268 178 16
611 501 25 103
646 268 87 119
294 246 25 105
807 36 110 6
-28 425 133 18
280 205 176 122
-21 204 115 178
-98 74 149 107
101 862 75 174
728 388 166 134
800 962 37 132
916 42 139 173
173 13 157 149
516 400 163 134
38 441 112 44
156 185 178 91
677 931 48 66
825 111 125 35
374 472 148 21
123 720 43 58
754 648 105 149
399 91 50 121
484 12 43 129
508 389 164 3
899 598 89 39
365 422 179 81
82 891 32 136
465 666 80 52
580 821 167 194
803 433 108 130
158 598 72 176
617 135 40 139
123 453 103 47
626 833 118 133
50 601 64 35
946 512 80 60
818 -3 135 37
207 765 20 15
714 696 13 157
598 846 56 74
485 885 46 12
714 262 4 176
431 905 26 60
183 363 147 144
464 825 114 99
701 614 11 190
7 394 53 89
495 484 114 126
366 425 62 145
400 155 115 104
423 937 57 168
415 491 26 7
942 614 86 26
-29 944 13 33
61 409 132 89
40 363 149 74
224 339 75 122
-50 869 141 142
885 817 54 13
796 266 101 142
-26 51 125 76
59 656 86 136
-90 366 169 88
875 210 163 119
-92 476 28 100
214 290 30 129
610 58 125 89
856 354 61 17
32 169 63 173
991 342 90 16
820 332 137 183
254 483 107 107
644 359 169 193
797 713 84 42
581 227 92 105
945 144 4 119
560 569 2 3
189 283 4 58
775 597 193 56
423 932 15 188
695 532 193 192
708 969 103 179
803 846 39 26
741 448 195 42
373 888 79 157
954 702 98 128
251 708 50 27
669 410 187 136
96 158 33 141
379 799 181 184
706 556 118 155
245 430 77 31
333 520 79 134
322 264 152 18
555 750 9 165
646 942 21 114
171 855 95 152
659 480 153 126
929 519 196 68
-57 801 125 170
794 586 102 181
298 827 128 157
242 877 31 48
681 34 97 89
13 799 149 86
986 700 87 30
967 76 161 199
145 255 157 26
428 152 75 198
666 444 89 157
608 95 70 175
147 238 110 99
947 66 70 66
35 689 33 50
409 659 73 73
600 156 90 136
825 701 118 79
868 612 171 24
460 298 42 21
517 967 53 165
269 224 26 57
-67 589 19 102
440 942 165 194
387 478 150 150
362 850 155 112
-33 775 2 4
-44 544 56 149
988 554 48 65
652 181 116 82
859 82 92 140
119 250 93 176
274 -5 128 22
457 322 182 26
177 74 174 90
321 591 93 170
989 571 33 140
38 281 61 98
313 268 17 86
638 220 40 127
965 717 91 51
-10 164 180 85
771 348 163 177
543 679 128 152
750 389 91 166
496 644 142 116
364 788 23 5
-54 703 68 90
508 579 135 170
-98 220 79 39
-34 384 98 61
938 560 109 79
-41 -8 36 71
857 763 190 173
866 202 197 139
863 924 119 118
787 381 198 89
369 845 171 121
379 422 184 94
395 784 185 161
-12 42 44 94
628 352 26 158
658 613 128 180
750 889 66 18
-14 974 116 83
450 882 176 89
462 900 171 91
490 228 178 194
893 190 136 7
879 434 149 76
130 547 6 199
172 43 17 128
730 700 130 38
213 874 158 130
508 458 74 78
-18 900 118
826 904 133
521 899 200
682 369 179
776 95 166
51 839 39
241 781 181
12 225 134
932 560 83
-97 216 43
701 478 124
877 55 133
524 991 139
412 217 16
592 654 129
128 412 84
431 593 84
254 184 156
117 972 29
462 200 31
450 170 96
223 885 154
293 472 102
118 841 108
14 589 74
97 860 90
-11 256 27
407 984 2
979 697 121
290 797 45
464 826 195
12 796 53
477 54 198
941 736 7
109 379 74
408 116 106
810 778 110
-70 618 114
240 447 164
499 173 87
917 251 43
241 214 94
14 444 18
992 480 86
118 553 194
-30 911 92
740 908 154
687 652 196
750 154 30
210 5 90
22 624 177
677 472 42
500 689 183
500 285 122
239 211 108
922 370 9
50 470 107
510 588 141
288 351 161
2 723 124
476 901 30
853 763 195
835 407 197
594 933 40
408 980 4
32 124 106
702 977 103
295 160 165
959 732 190
757 893 60
988 681 40
955 823 113
11 669 124
256 454 77
355 450 74
742 598 57
256 207 186
789 365 14
268 563 137
145 544 188
-2 375 28
738 76 136
-74 789 158
873 325 78
171 229 153
518 121 200
42 188 8
874 61 21
937 942 84
680 222 31
781 416 83
489 362 75
-3 799 157
712 261 128
575 764 148
921 377 2
425 106 133
972 450 73
284 624 145
281 367 34
556 432 180
868 214 151
836 679 191
654 305 89
911 593 63
299 353 40
750 731 62
122 356 200
-8 372 64
65 965 100
935 901 88
465 764 91
798 160 14
75 300 105
201 713 166
-57 725 12
737 457 184
659 345 124
826 602 11
888 185 115
459 564 31
238 330 60
506 354 74
696 237 110
16 741 77
279 624 22
157 165 72
838 831 121
92 676 178
112 592 150
514 216 169
-99 948 165
341 233 75
778 955 29
40 990 64
687 119 117
689 239 21
121 969 99
400 958 98
702 260 105
819 348 67
351 401 33
90 785 33
674 269 27
986 991 9
423 760 141
797 810 143
890 552 171
784 943 149
239 562 90
849 230 168
806 844 67
35 125 152
485 583 132
384 236 161
73 89 102
213 21 188
462 87 113
-16 210 137
994 14 153
-88 335 26
624 852 62
244 84 53
785 158 157
387 479 146
54 540 95
639 23 35
449 617 96
34 913 6
186 493 131
513 768 156
484 636 179
826 492 99
-95 430 57
-27 227 183
15 336 190
179 635 56
528 774 33
392 260 19
263 422 125
877 396 98
18 376 166
-84 47 56
411 572 55
904 417 70
341 381 84
788 962 58
288 453 147
363 167 105
848 691 121
-79 524 55
628 837 39
320 962 13
817 137 151
309 720 46
629 242 159
514 868 53
-28 896 154
1 795 115
989 733 143
669 895 130
-48 998 124
914 553 37
49 138 70
119 646 147
907 915 40
776 199 161
266 859 78
2 99 186
634 200 175
218 859 188
966 758 122
807 154 188
589 969 163
764 114 112
727 195 100
572 246 117
268 717 54
492 173 160
511 293 14
405 500 107
359 436 133
198 696 129
35 810 153
962 744 127
328 400 165
890 746 69
640 633 142
962 62 199
933 175 100
48 936 116
942 958 59
841 587 126
833 432 172
228 491 189
167 510 143
-74 805 155
355 93 170
588 702 77
644 886 173
206 836 54
11 1000 174
467 109 38
38 117 181
407 920 71
-60 950 147
827 695 26
77 928 163
544 709 71
966 305 103
286 409 181
661 889 45
774 925 30
383 678 127
393 468 154
-6 717 19
237 514 57
-17 313 87
258 133 74
55 403 4
57 551 141
171 710 62
257 942 62
433 573 49
990 909 116
633 863 124
740 834 171
787 598 4
869 49 142
-71 102 110
15 82 48
672 413 75
545 203 12
256 42 113
266 572 134
913 760 24
652 749 126
93 436 6
768 644 170
333 737 88
28 707 148
145 942 93
282 513 56
532 967 104
817 988 17
482 785 156
887 178 165
388 528 61
623 330 99
845 205 25
384 681 45
837 958 141
938 763 49
724 239 194
834 680 47
860 126 95
887 936 19
353 975 80
328 436 174
302 610 76
417 715 171
741 765 8
469 591 176
34 426 86
745 166 35
73 162 57
128 462 44
652 476 70
623 284 139
813 396 70
95 28 90
229 939 197
915 715 39
571 133 200
777 300 74
300 92 181
782 171 112
971 35 172
194 448 35
181 568 13
-26 302 105
226 243 144
733 731 56
547 990 54
967 431 13
883 359 114
660 138 153
541 167 170
355 798 24
281 811 141
71 545 186
587 625 28
512 819 177
550 604 142
542 207 168
894 196 37
732 253 103
229 467 17
285 493 23
552 657 69
256 247 42
201 236 170
747 5 41
-44 56 133
930 803 5
789 961 98
102 457 77
193 300 39
780 446 104
275 770 106
267 128 126
988 936 175
692 681 85
77 865 52
26 143 175
887 672 14
107 198 200
422 245 200
-80 427 5
553 221 111
257 820 96
746 773 5
32 830 13
212 357 45
69 735 31
55 128 28
343 696 15
598 813 171
45 765 22
-24 897 159
384 975 144
526 620 192
58 173 92
-48 641 163
-46 954 172
524 924 157
266 899 11
422 204 171
444 706 102
446 985 119
24 71 27
262 793 200
-24 481 188
-98 167 117
477 183 63
253 465 35
482 515 22
23 107 177
784 488 66
492 614 125
800 37 184
931 19 138
463 915 147
955 859 13
819 670 145
35 163 158
953 119 64
669 352 177
621 932 112
43 987 78
824 231 106
360 29 60
569 162 72
364 180 169
5 398 107
994 662 89
976 854 165
112 43 88
783 314 118
239 709 192
741 216 70
430 32 86
742 642 104
847 27 181
970 629 105
213 152 42
945 571 174
858 319 143
232 656 170
578 27 142
316 610 12
501 936 54
761 340 94
449 980 21
292 232 48
301 168 50
-81 684 72
263 304 17
-73 81 37
356 576 90
-47 457 35
231 84 74
65 109 101
96 139 24
630 849 103
167 472 75
909 298 148
502 56 197
-87 905 119
579 182 103
-13 505 122
305 9 44
852 255 134
249 207 32
267 390 139
377 407 92
600 240 98
389 308 188
33 492 21
458 776 122
308 306 4
304 741 172
121 127 92
763 901 82
389 340 66
-25 941 101
330 44 93
-50 636 88
402 520 56
-9 459 118
683 614 164
754 413 121
-83 300 161
188 422 32
859 750 167
522 503 37
533 215 37
-51 28 173
565 775 53
183 873 1
292 417 89
-40 236 177
690 98 46
600 195 90
509 108 67
418 789 125
997 736 170
680 39 170
530 469 173
939 986 86
64 551 74
71 682 2
911 112 23
627 333 49
899 464 174
-80 131 126
518 679 123
602 131 160
119 894 117
298 38 188
112 886 144
319 480 78
837 264 179
271 62 174
633 40 147
664 809 69
802 597 97
926 962 181
123 926 112
627 96 195
69 992 19
542 298 4
431 926 70
631 330 177
32 154 75
819 35 197
728 227 109
717 458 113
838 85 161
305 598 176
214 151 16
549 150 68
701 644 122
832 73 130
147 841 199
67 110 193
290 771 144
347 145 65
734 886 193
950 406 140
524 990 56
907 229 144
918 836 40
38 409 162
111 60 60
647 835 61
980 124 49
408 337 71
478 646 1
754 724 92
197 474 184
873 217 87
511 366 39
915 738 62
874 582 37
153 171 10
789 686 152
445 345 12
16 649 57
416 432 71
413 881 146
125 979 173
556 236 148
192 284 21
966 541 178
838 95 57
745 863 179
33 300 22
705 39 169
622 570 135
342 886 168
248 726 111
877 847 165
714 640 183
654 300 21
396 733 56
-22 683 200
605 935 103
191 432 101
415 426 78
121 150 33
981 425 66
563 782 156
852 46 192
-51 799 182
886 158 199
2 770 27
-12 654 15
951 434 11
189 609 79
736 648 9
975 847 2
653 903 31
414 200 154
134 484 120
917 563 197
439 717 28
-41 199 70
546 863 142
994 3 164
934 456 4
381 611 164
720 746 14
590 886 91
789 180 83
715 26 109
723 875 102
237 899 94
291 898 25
763 484 183
818 90 135
749 112 118
951 573 162
270 435 29
561 42 59
725 424 92
552 171 125
874 677 73
921 992 79
190 718 9
76 876 71
421 848 13
354 649 154
225 399 90
658 816 31
411 552 121
512 406 165
803 271 69
731 430 34
533 565 179
868 817 104
27 386 124
126 24 149
-60 757 70
244 682 140
661 494 116
46 48 143
324 455 106
783 853 61
214 73 133
585 222 68
36 793 56
981 537 57
945 592 85
181 802 7
199 415 136
970 820 182
536 705 93
615 72 143
792 399 94
-74 994 19
977 446 176
418 500 174
961 742 125
560 383 21
15 228 198
240 972 175
346 2 14
817 451 94
-94 466 37
630 56 188
626 787 154
844 214 73
733 130 196
950 420 57
194 752 197
484 314 199
745 199 160
974 248 143
611 559 178
308 508 97
679 151 80
550 851 88
-3 895 94
79 843 171
677 15 75
606 595 107
860 128 38
684 396 53
367 325 165
60 793 135
88 507 189
531 140 97
170 427 19
634 323 176
52 998 91
166 301 165
940 50 21
531 457 48
448 841 92
296 446 45
-42 897 185
328 665 11
779 809 3
839 527 54
334 134 22
924 109 196
597 803 109
581 163 159
301 177 101
78 960 156
105 27 55
416 632 158
949 20 68
782 838 42
725 318 95
388 270 152
710 522 161
663 295 56
45 492 189
263 366 69
774 631 127
704 562 112
256 602 19
291 49 74
807 352 149
759 660 184
209 972 77
376 230 113
647 549 83
475 393 183
225 591 155
45 292 87
-37 174 87
413 859 110
20 102 117
643 934 105
143 458 10
522 705 154
707 48 30
695 408 9
225 852 145
863 637 198
786 349 132
482 313 100
-60 66 77
513 514 106
223 112 136
126 88 70
826 544 33
162 779 71
391 890 7
262 483 176
191 947 92
202 33 129
-74 288 45
978 461 158
344 875 132
863 140 49
39 538 111
432 282 158
104 8 192
189 490 114
224 149 32
616 899 63
853 179 67
47 846 174
956 101 44
128 290 42
914 524 196
559 582 197
914 269 137
231 889 120
971 881 90
520 152 138
38 813 74
521 978 111
389 940 16
7 163 144
714 126 75
0 645 67
215 335 75
801 671 27
315 729 85
934 760 197
317 903 147
565 19 68
122 13 43
351 377 189
-86 713 181
-23 975 102
639 209 104
136 14 198
259 197 138
204 840 69
759 197 102
998 378 90
523 741 102
911 775 31
836 885 133
194 350 194
653 561 155
946 742 82
139 854 97
733 356 63
961 382 51
-1 187 67
489 748 58
546 668 175
133 566 42
-62 950 32
904 533 108
119 677 77
357 774 98
349 793 129
613 245 48
6 810 19
770 4 95
461 484 72
-94 159 72
690 427 79
673 5 103
803 482 148
167 505 124
445 839 33
59 506 42
975 970 112
917 844 75
70 482 114
147 545 182
426 318 146
498 111 15
685 238 9
425 309 166
821 920 109
409 13 64
268 980 61
766 413 26
45 884 114
313 23 73
200 579 192
184 399 143
-60 91 24
633 608 169
490 876 2
464 397 120
307 870 44
339 561 65
632 450 15
622 459 44
978 778 28
-15 381 89
5 504 95
417 912 92
386 848 102
789 577 118
-57 682 104
262 335 161
472 145 146
43 537 23
535 297 100
859 306 114
656 496 179
377 198 138
772 172 108
512 961 23
59 952 35
708 241 115
165 95 110
955 704 115
817 732 102
325 787 67
870 844 144
960 940 157
736 283 181
287 753 186
688 706 135
908 698 3
642 493 72
659 998 8
920 541 130
209 247 42
672 124 101
-1 192 15
27 640 198
374 473 172
871 150 80
504 73 84
387 890 90
901 728 135
844 911 153
591 202 56
-77 181 87
716 179 182
975 768 180
102 755 151
726 432 191
171 364 103
-48 384 29
-98 31 145
-53 211 133
230 631 190
680 711 74
331 466 144
364 566 113
-98 496 51
-66 374 32
499 774 184
893 466 36
317 665 129
300 319 178
180 626 64
237 90 9
-92 446 170
786 357 116
488 807 53
170 134 28
170 713 93
733 623 138
636 259 94
429 394 145
148 255 88
-45 900 93
261 657 53
572 954 87
735 432 50
921 353 47
559 268 142
651 586 193
944 470 72
868 335 82
-64 840 7
225 261 196
431 451 16
770 690 49
166 11 12
-25 102 152
365 188 46
207 291 104
-88 408 38
-84 610 55
648 573 134
188 526 69
452 79 194
282 590 177
302 803 74
843 910 194
726 227 53
562 927 142
776 992 77
580 178 64
408 394 166
610 113 197
32 154 182
797 878 49
902 252 37
85 341 31
204 361 122
11 817 27
730 31 121
607 956 89
358 28 54
180 612 64
516 301 100
375 105 167
810 781 18
-65 67 41
-95 390 80
812 601 199
980 215 191
141 215 85
925 97 79
84 304 105
440 29 91
936 526 117
745 607 39
941 626 72
407 559 157
21 51 33
134 583 127
965 238 98
19 611 8
430 173 13
593 341 189
934 618 86
343 712 12
282 45 23
93 778 8
759 659 169
-36 456 148
46 904 63
312 329 154
989 347 147
198 538 42
376 67 34
651 688 17
889 284 30
293 323 102
955 662 121
345 334 7
409 783 44
692 363 191
762 3 51
312 18 145
315 253 86
431 261 140
932 914 141
805 387 87
816 713 121
584 522 17
989 372 42
-32 720 118
-45 433 195
478 671 79
571 429 2
830 446 89
911 39 159
513 904 61
302 585 182
601 617 20
591 761 122
477 817 80
-20 614 5
408 869 151
-97 12 37
745 447 160
941 213 198
484 628 29
495 25 45
4 848 123
