971
259 923 988 772 13 388
51 189 908 965 82 416
250 278 527 267 67 176
819 978 114 166 3 522
871 532 3 50 58 430
319 188 439 182 39 174
371 624 536 912 32 431
518 285 651 954 18 386
663 226 615 502 74 556
438 96 7 243 45 382
845 738 536 408 9 887
784 22 100 613 32 575
794 776 782 610 54 868
13 346 80 491 65 343
686 569 687 199 37 724
107 831 833 178 74 490
12 80 408 324 35 288
884 970 964 111 73 465
220 702 325 441 42 443
471 382 524 822 61 586
476 999 366 276 42 558
783 181 399 669 0 898
306 169 522 206 82 5
367 511 61 733 63 643
922 726 913 230 8 208
870 916 13 106 45 892
3 262 203 243 28 595
562 797 785 287 72 438
425 197 923 963 8 348
979 867 616 430 3 791
67 957 428 571 79 969
583 255 169 870 27 859
282 241 651 973 73 386
643 813 624 561 0 838
897 798 630 473 53 634
112 54 353 935 59 752
761 481 978 696 46 39
215 274 104 77 81 206
847 361 907 662 89 335
741 444 143 181 32 50
741 186 329 138 52 226
681 802 211 840 4 919
12 636 682 673 4 576
784 283 388 935 16 972
500 591 716 99 26 712
963 429 26 726 61 590
889 939 305 776 88 159
98 866 847 95 6 337
160 375 606 405 86 607
808 87 59 942 0 131
551 216 424 937 0 976
114 942 956 261 21 280
555 306 566 809 50 61
570 31 929 669 69 871
213 845 204 649 17 523
522 112 106 875 24 928
536 279 878 495 23 787
475 555 975 991 42 729
333 263 698 640 10 879
315 5 347 508 33 812
961 215 576 331 50 234
176 549 824 365 17 375
635 77 977 787 79 117
134 922 631 628 0 64
905 563 608 314 67 550
695 703 163 97 62 545
678 456 811 743 55 393
118 836 991 462 51 703
824 383 65 848 88 668
46 368 234 556 37 922
881 958 998 108 67 182
716 959 296 813 85 528
711 240 684 793 35 117
146 401 819 109 20 254
121 109 648 154 40 392
140 245 464 923 73 442
490 385 67 452 52 441
811 517 711 12 25 630
297 376 15 412 13 346
426 538 264 754 31 222
155 964 321 901 75 298
928 950 952 729 33 75
495 350 680 667 0 849
297 254 106 282 56 46
441 222 60 338 67 618
121 456 333 410 36 893
654 285 182 148 56 832
276 787 449 659 67 312
5 948 986 374 82 414
483 969 926 521 1 413
842 309 394 955 64 296
745 38 717 356 44 546
409 620 473 424 29 105
206 428 665 836 55 66
561 951 252 17 3 544
912 752 844 637 21 437
393 10 874 620 16 459
174 596 221 290 7 951
687 804 625 137 17 918
862 567 870 970 21 298
217 200 489 918 36 504
850 885 702 416 89 328
961 456 430 885 89 540
172 948 180 227 47 488
73 256 401 312 18 24
25 506 924 343 32 673
146 33 302 416 29 769
758 432 312 797 17 600
836 37 622 325 28 478
268 469 278 588 75 248
240 958 388 498 89 373
928 841 442 928 44 445
658 874 250 190 72 471
121 238 439 128 14 331
396 780 107 267 71 623
827 375 958 955 41 134
174 85 589 400 50 110
404 72 448 479 24 533
419 196 934 543 71 818
719 783 731 223 53 794
328 577 435 535 86 863
166 355 914 753 15 864
983 600 537 712 57 947
830 991 996 847 82 720
81 995 959 536 9 777
131 453 348 939 72 475
956 766 847 497 40 479
662 882 969 629 61 997
511 163 916 847 75 150
705 897 904 880 12 238
475 540 879 141 25 513
16 138 579 772 19 888
75 799 95 92 38 22
864 922 21 678 44 581
639 627 374 806 60 766
150 312 963 224 72 535
33 710 239 206 33 98
506 673 742 506 72 249
977 835 601 220 40 126
775 539 615 769 60 762
301 985 871 178 3 928
82 600 717 55 9 905
74 383 879 882 74 761
844 573 301 204 31 19
248 888 715 839 82 490
594 857 144 113 63 751
976 128 645 346 59 995
328 54 162 236 9 771
197 439 686 356 65 498
262 732 174 978 70 562
282 810 157 406 15 459
434 177 608 923 7 862
634 920 629 352 54 63
459 403 530 707 15 835
46 684 132 184 58 220
953 175 914 787 40 663
399 777 256 809 21 544
722 575 358 437 74 937
880 131 913 462 76 887
702 296 645 947 58 23
364 655 996 187 59 713
913 775 569 224 12 446
897 110 982 759 21 917
245 184 289 869 47 346
358 546 689 428 71 572
872 354 185 177 85 88
371 557 891 974 7 601
355 831 755 611 88 311
353 274 338 740 39 442
109 497 449 828 22 942
269 80 938 622 20 466
908 520 606 636 36 42
179 812 353 359 79 172
383 773 715 989 52 835
21 570 168 965 5 66
156 433 161 582 5 764
268 133 5 688 43 570
227 17 369 576 70 90
178 561 505 577 67 395
591 831 874 570 3 251
194 622 21 480 88 420
753 606 313 124 62 45
844 470 114 135 9 410
831 973 603 918 60 585
25 222 530 3 19 690
309 387 749 973 68 14
8 48 295 483 45 381
249 216 668 361 36 45
743 847 808 324 56 773
799 847 291 358 65 606
179 671 499 253 49 62
267 931 833 138 42 151
245 759 517 159 63 888
767 261 669 895 85 573
948 300 284 607 60 897
546 168 602 543 86 165
688 902 389 941 21 974
543 926 516 162 84 596
365 247 277 861 70 765
491 250 451 798 6 587
190 420 563 24 2 706
40 708 30 400 8 689
280 74 484 61 49 968
792 690 908 371 60 443
145 847 3 204 38 462
21 497 492 516 81 134
13 244 510 800 5 468
937 115 589 58 40 404
670 685 722 953 71 371
915 339 930 913 85 108
14 379 512 794 77 575
909 119 604 472 19 35
940 367 742 56 0 781
496 286 415 844 43 434
379 231 971 53 53 599
496 187 946 770 26 707
425 822 996 560 14 763
12 263 773 290 50 112
372 714 588 652 81 171
942 141 766 732 77 976
290 128 625 195 42 497
582 507 706 585 72 547
333 615 899 405 18 219
854 761 667 555 71 465
474 994 364 700 89 652
926 338 597 264 36 664
614 824 422 9 27 842
599 484 395 947 41 545
200 17 962 707 27 116
778 348 506 884 80 287
423 206 409 408 35 545
612 383 575 397 25 353
941 1 851 118 63 677
525 257 117 766 69 500
718 455 531 460 52 582
329 812 378 722 18 952
90 755 493 129 44 512
916 20 652 922 15 858
539 541 72 177 0 366
693 400 242 230 30 657
855 148 122 316 5 589
915 943 5 625 80 659
405 613 451 83 29 207
429 314 54 132 36 839
140 389 820 472 13 347
10 874 624 364 58 667
678 451 150 497 8 825
534 950 415 34 67 741
417 740 124 87 55 237
564 758 880 155 36 959
13 830 369 763 22 396
695 475 875 629 4 95
860 176 626 663 18 9
26 82 961 449 3 831
299 396 991 743 60 91
563 895 289 936 86 592
244 705 251 258 31 819
81 34 528 108 58 904
713 925 661 89 72 355
104 545 660 702 39 492
381 324 170 948 13 543
55 387 658 193 43 874
782 39 85 121 44 397
460 200 123 808 30 920
89 855 549 113 69 877
161 420 840 517 10 549
585 780 838 314 61 619
28 195 951 800 50 636
972 128 574 722 4 92
399 419 22 235 24 116
484 590 281 726 59 974
705 247 710 883 83 331
520 261 461 19 14 553
189 538 979 910 69 788
26 615 405 880 76 477
491 873 969 3 45 731
273 985 396 311 34 340
65 77 516 807 8 252
888 386 663 910 41 347
911 593 186 857 3 64
91 277 600 731 42 599
998 463 261 405 63 598
18 265 136 8 46 524
950 332 661 944 62 666
758 773 983 187 22 457
173 477 64 327 29 626
353 244 586 470 79 519
442 669 698 9 32 794
468 669 61 892 20 631
298 519 265 194 40 719
739 964 243 866 53 850
126 880 351 491 12 910
917 127 114 133 43 52
769 964 336 131 84 690
964 49 372 159 33 532
811 922 410 819 75 3
42 390 763 234 10 152
257 885 666 888 59 270
19 128 974 786 15 352
352 788 485 678 40 730
658 88 424 839 89 627
555 699 500 828 22 162
978 115 169 3 28 912
375 895 361 587 8 417
501 484 337 959 52 816
744 526 285 250 51 818
150 654 107 58 29 673
974 416 973 395 81 225
441 620 118 448 6 33
19 302 951 782 40 372
362 782 465 940 64 478
802 752 671 565 60 8
887 604 37 814 10 455
732 937 868 816 67 378
537 205 863 794 9 276
276 515 633 328 29 672
623 520 464 543 85 438
488 67 511 231 84 295
936 775 770 269 60 48
832 745 591 85 63 64
617 679 193 358 51 351
364 194 82 874 50 859
704 15 723 345 69 143
442 225 228 651 85 694
532 205 578 67 28 288
579 243 603 526 33 785
614 826 945 432 89 515
822 115 907 193 50 825
982 189 699 928 8 271
177 845 242 343 3 451
138 690 660 798 21 602
57 268 603 981 7 736
766 870 989 696 2 782
568 882 892 2 58 490
235 27 709 590 49 798
569 946 184 287 70 184
616 593 34 778 17 751
981 86 247 17 38 455
490 510 276 29 66 787
638 823 420 71 77 371
206 528 491 143 75 340
167 746 908 983 38 969
499 467 790 532 81 181
928 449 364 260 5 958
438 358 318 932 28 133
912 785 255 695 6 48
619 744 355 835 61 224
705 604 989 780 61 908
264 437 779 912 31 588
209 796 133 406 69 488
498 591 244 393 54 523
711 194 210 647 43 220
565 142 904 210 57 859
130 793 567 682 8 501
985 464 322 613 79 46
883 622 697 770 71 825
838 396 374 987 76 335
749 731 67 585 16 20
345 837 435 693 65 856
369 786 92 271 78 204
705 594 8 959 32 517
683 96 242 182 27 326
885 361 116 128 66 335
542 139 537 479 48 516
508 420 328 965 46 63
64 102 763 592 74 929
398 16 170 182 12 848
960 470 633 904 28 271
510 276 869 960 10 142
36 274 929 58 87 869
47 65 965 832 82 101
470 317 232 839 70 855
438 303 217 132 40 412
80 493 335 780 15 845
588 953 500 21 87 662
907 195 688 417 74 440
414 234 947 44 4 269
756 765 427 476 73 851
62 477 582 247 3 379
85 50 457 242 88 74
508 550 921 979 5 179
689 264 938 922 65 234
338 868 676 758 76 678
34 604 182 946 18 996
438 678 654 890 79 243
851 464 467 925 71 339
165 592 263 935 72 961
676 505 658 273 37 464
175 195 681 653 28 311
495 363 727 488 28 160
583 28 770 630 24 604
394 472 292 558 0 651
466 300 129 506 59 279
282 131 208 121 22 668
871 336 401 508 6 259
187 828 973 688 3 382
540 993 954 866 25 409
458 704 278 551 29 732
386 143 450 688 76 465
373 90 471 920 67 779
496 726 531 927 51 780
124 111 970 288 62 798
949 904 904 225 41 788
25 567 747 145 55 84
156 492 542 725 50 233
952 610 990 811 50 750
655 17 425 226 51 964
592 80 832 469 15 219
368 581 384 571 30 405
895 876 677 311 2 616
250 97 28 643 79 790
417 275 140 196 30 870
47 487 511 20 10 714
736 830 957 263 9 38
454 954 35 34 87 730
81 158 367 595 70 136
451 700 449 817 67 396
538 878 529 278 42 676
879 177 118 841 49 478
792 799 346 27 70 44
452 350 395 445 74 960
326 606 811 984 63 967
412 416 519 965 41 943
249 340 521 318 39 458
823 959 631 252 69 650
569 229 397 898 70 888
219 703 760 705 0 410
700 769 894 454 34 195
796 741 183 259 45 782
290 328 42 548 20 677
734 441 428 318 26 832
129 81 612 977 17 372
404 233 426 125 64 57
883 684 438 290 23 638
297 896 845 787 50 497
771 780 559 671 13 291
375 189 596 896 60 209
945 234 285 581 54 482
301 309 709 542 81 558
419 869 599 411 17 393
573 994 395 480 10 583
721 451 432 667 5 855
4 988 35 224 66 133
201 756 362 255 2 89
274 72 143 7 71 515
962 693 84 933 74 970
379 961 942 748 78 979
799 744 695 164 81 493
756 21 182 491 50 607
292 309 348 380 23 522
655 85 152 225 15 959
283 12 177 927 35 364
0 452 467 457 18 250
389 546 626 979 46 293
415 676 237 543 8 783
38 273 332 172 22 799
482 758 561 478 21 17
567 550 621 855 23 123
406 38 966 625 47 755
461 509 422 553 19 454
341 307 471 745 48 766
579 12 952 562 42 154
438 501 303 684 72 508
386 459 968 468 18 362
419 780 23 127 43 560
717 233 665 905 79 533
9 801 901 3 74 957
434 791 364 923 39 617
947 631 738 378 81 764
528 672 132 51 68 974
551 934 156 37 55 942
747 90 251 386 24 483
876 909 393 390 4 934
726 254 102 916 77 854
421 812 142 876 68 310
782 126 508 757 82 711
132 919 725 691 41 326
125 1000 925 33 83 764
33 359 10 367 45 395
144 33 19 771 28 114
283 444 982 580 30 156
657 738 207 420 2 682
762 866 665 441 50 143
632 333 589 488 56 687
404 529 251 588 72 961
813 981 399 135 52 178
519 742 810 428 75 355
963 973 655 686 38 819
137 27 785 159 26 658
75 234 92 542 75 330
111 996 664 406 61 778
863 792 666 283 37 394
209 423 765 749 66 159
157 281 31 474 17 262
798 68 938 886 20 25
486 80 290 136 9 808
927 634 198 722 39 659
141 248 98 823 59 476
662 857 896 365 10 562
341 159 806 827 3 215
405 787 903 760 75 936
823 490 783 233 26 392
695 49 567 545 52 230
205 136 349 284 31 531
533 195 781 657 36 279
852 572 914 930 33 768
721 116 436 259 54 38
689 267 868 356 66 999
959 24 826 696 40 896
471 928 636 873 68 910
558 570 190 400 75 213
429 587 950 677 19 343
586 352 556 14 57 907
955 938 924 741 60 857
48 343 339 390 25 731
96 717 889 446 8 825
356 642 846 634 38 285
52 520 117 466 59 939
836 397 794 996 0 805
665 44 644 969 21 729
316 828 331 57 63 331
11 488 268 303 71 385
53 907 714 508 36 77
659 657 562 56 38 77
248 502 840 622 31 564
20 240 281 663 8 903
263 640 206 611 75 472
297 730 12 661 26 609
361 944 572 5 55 111
123 565 134 182 80 397
339 373 705 458 40 970
762 263 314 326 38 336
810 957 940 575 36 967
952 611 675 785 51 229
132 464 90 757 69 746
34 353 599 332 30 192
55 753 300 471 77 715
828 307 764 678 72 714
85 915 889 907 20 444
982 401 484 623 42 587
325 363 15 622 76 580
79 784 772 550 39 745
171 561 113 486 56 531
664 940 706 881 51 906
686 304 529 84 38 905
637 576 692 425 44 732
788 212 579 618 42 984
45 987 93 349 87 242
495 478 441 390 8 414
228 674 380 923 77 266
514 870 764 26 39 787
572 97 519 265 50 900
228 542 735 815 48 874
753 684 694 879 80 171
841 368 537 808 37 959
303 534 716 999 52 485
967 228 649 733 26 986
667 671 520 596 70 876
276 51 334 226 7 101
557 219 96 257 58 596
41 330 862 481 31 645
432 452 974 162 41 259
469 327 597 61 69 694
255 392 953 971 30 427
589 362 960 396 63 898
375 406 276 602 44 396
215 223 562 316 9 623
432 135 696 690 38 824
56 97 368 949 33 216
517 73 59 814 4 867
507 287 705 315 69 663
596 184 992 633 58 579
885 480 211 129 36 933
207 97 127 549 13 550
999 438 436 491 24 898
901 703 954 711 44 14
915 630 794 526 80 962
623 302 926 895 47 72
527 629 856 408 56 316
312 924 773 146 33 143
249 942 655 735 83 138
476 948 236 993 82 315
573 424 653 802 29 57
235 836 410 548 19 955
599 474 383 46 8 792
486 451 846 989 64 675
811 842 457 696 88 31
296 331 254 534 44 618
374 154 660 560 7 424
448 124 227 426 8 967
114 78 242 871 46 909
219 478 877 267 73 628
21 480 221 146 13 559
976 713 459 574 13 153
673 956 584 237 74 697
11 842 263 509 5 224
385 741 680 935 74 165
239 790 927 414 67 318
93 209 851 916 24 390
894 19 167 41 38 591
90 967 424 229 1 221
263 288 556 275 88 549
631 972 663 39 34 425
684 803 463 562 70 642
214 84 21 39 29 298
630 714 578 340 42 644
931 40 181 603 59 911
579 649 656 422 48 447
758 25 850 624 27 261
646 843 105 498 80 814
924 810 54 876 41 889
532 358 900 789 56 567
684 751 885 730 85 434
290 937 27 294 53 803
752 958 100 197 7 68
682 151 200 113 33 867
525 439 855 438 62 858
544 770 977 934 3 82
875 242 45 166 75 797
527 534 657 987 30 582
823 295 206 788 51 467
903 12 391 584 40 48
734 23 894 550 54 241
793 649 901 754 55 683
928 742 581 594 45 315
149 773 916 454 88 387
606 349 757 428 2 986
197 6 106 491 77 845
894 942 764 125 65 189
717 311 685 375 19 26
557 733 200 386 53 570
562 779 213 192 12 546
501 904 275 565 76 230
226 267 213 876 74 328
597 961 463 787 6 652
959 65 253 279 52 98
657 646 88 422 11 406
991 888 931 964 67 473
455 534 86 418 5 810
865 812 907 785 6 656
698 140 148 300 77 940
596 97 617 110 11 165
594 620 811 62 69 203
488 272 685 819 64 484
343 33 649 711 1 67
861 419 237 169 85 100
354 591 791 773 15 560
754 221 372 174 70 47
307 357 272 834 49 701
756 63 958 188 8 865
365 535 462 912 89 247
621 299 612 170 23 687
860 722 826 397 81 886
110 708 347 372 17 167
616 313 634 231 52 378
689 180 775 94 27 955
814 720 0 97 69 129
173 776 4 663 54 588
806 46 635 546 24 205
299 472 505 851 19 884
717 515 167 227 6 972
356 251 168 663 25 253
882 125 576 792 79 272
563 514 557 662 60 734
261 855 438 419 62 401
737 318 26 897 43 109
886 90 64 509 49 53
41 498 840 943 38 19
169 983 433 694 43 965
138 379 764 630 39 711
504 6 941 46 77 68
999 579 785 682 55 850
63 178 438 207 44 695
866 228 601 724 50 690
952 169 863 27 24 693
454 883 428 964 47 887
89 914 928 382 51 177
425 450 329 275 70 325
86 266 805 871 83 159
450 597 850 453 21 444
301 850 632 335 54 401
784 297 124 991 2 883
872 328 806 417 51 456
277 544 851 985 59 540
62 151 607 762 25 226
27 629 624 557 87 645
609 92 537 935 23 135
565 922 10 577 0 947
990 864 2 714 86 571
446 681 555 473 53 785
528 630 510 70 70 230
464 114 494 507 25 505
195 310 481 915 4 691
418 714 398 63 18 525
670 334 5 526 21 785
356 753 284 275 72 278
820 765 485 555 3 136
630 836 879 684 77 228
162 639 36 499 6 717
798 435 672 590 54 318
161 862 797 710 8 258
473 541 271 312 37 347
302 56 938 195 47 987
641 784 192 704 18 97
862 486 107 825 72 365
693 761 792 42 53 410
60 408 391 943 37 324
540 743 356 731 23 884
956 111 510 912 45 874
607 456 595 180 80 435
907 336 956 709 38 968
275 300 840 777 75 631
759 831 163 393 31 84
475 66 115 940 13 472
93 466 452 54 59 175
619 43 0 5 53 138
883 547 532 743 73 403
834 340 790 967 0 164
772 817 747 830 82 450
666 213 860 992 89 561
878 67 925 369 59 152
879 348 418 167 72 513
599 313 786 142 86 759
849 185 958 957 13 535
259 67 279 372 23 292
226 719 646 576 38 259
696 517 922 403 82 173
76 536 687 760 26 478
943 165 382 131 80 684
596 389 380 237 24 545
117 918 895 481 25 704
690 115 10 735 65 849
342 589 989 858 43 733
292 423 101 340 33 784
204 395 12 266 33 292
209 801 698 739 62 411
636 152 525 552 70 531
500 669 366 74 10 895
466 717 359 189 23 178
33 832 472 3 66 796
983 537 335 23 6 836
763 327 996 959 41 327
869 160 135 472 31 159
579 920 682 670 32 908
673 103 661 901 65 516
198 694 722 590 28 542
674 626 395 176 14 422
531 525 415 83 5 962
499 707 819 780 38 297
279 645 293 79 46 869
218 847 825 327 10 983
170 987 170 223 3 197
848 260 259 957 71 920
247 642 304 630 64 901
251 543 325 654 21 911
961 416 477 865 18 560
272 11 454 386 46 80
503 300 274 998 84 851
750 635 515 753 19 867
875 519 110 335 25 905
560 777 839 801 49 726
521 827 715 812 65 541
313 864 455 707 4 643
116 777 771 962 5 494
565 603 223 153 79 599
132 855 211 991 10 929
544 431 182 453 36 723
226 638 385 567 11 849
300 595 392 800 69 110
245 475 780 729 73 357
52 503 864 445 27 58
745 650 394 630 69 245
66 879 839 89 55 898
322 511 6 781 34 924
962 698 658 406 69 569
902 698 684 950 55 388
620 949 833 287 80 696
191 320 733 40 24 667
57 907 600 208 58 84
10 758 34 933 33 69
651 858 270 986 56 344
22 677 304 621 89 454
960 40 88 173 50 704
531 852 220 848 71 843
69 999 995 431 47 58
527 515 629 941 71 765
975 585 791 344 81 817
999 100 169 662 45 15
873 445 568 439 63 319
723 595 580 521 56 774
483 44 62 513 19 259
267 58 789 313 52 489
606 93 651 795 46 975
830 359 481 502 24 408
28 639 165 50 30 323
755 746 371 514 73 260
669 70 472 331 4 418
112 546 702 87 83 289
473 871 903 828 20 631
663 31 689 458 8 605
984 159 76 88 18 945
763 341 619 404 44 742
875 792 474 785 32 71
351 314 202 20 43 254
797 202 295 228 47 647
135 109 458 510 55 270
957 103 608 917 5 295
320 631 974 317 69 94
604 725 647 615 12 449
904 2 769 533 0 180
316 426 338 743 15 502
503 652 214 727 47 189
486 253 609 239 33 131
978 995 564 159 54 261
751 350 958 542 83 492
824 195 565 724 9 172
345 65 968 901 5 470
243 112 358 969 73 708
355 125 995 895 86 214
203 197 536 136 8 283
817 346 195 806 57 820
450 941 641 328 55 671
248 94 285 325 68 297
474 313 702 685 4 620
865 983 40 24 29 767
833 659 538 845 36 143
98 218 455 97 2 287
907 536 571 896 50 373
322 477 800 940 11 701
277 180 664 590 82 62
809 309 400 443 73 571
285 542 247 761 1 102
879 712 962 137 48 403
105 164 440 589 43 828
10 826 575 771 29 231
740 647 282 740 60 337
308 544 162 393 1 19
815 967 384 296 47 630
250 319 177 654 59 285
785 561 339 954 63 54
901 458 668 667 62 20
342 804 137 44 4 267
10 916 536 635 11 69
252 348 580 695 44 819
404 763 829 283 84 992
660 676 227 695 42 371
934 412 303 133 65 725
88 270 884 590 32 632
963 58 197 719 48 381
813 856 849 968 18 204
920 858 235 20 86 37
194 421 307 28 31 782
825 957 261 646 80 537
679 966 158 184 53 447
945 718 685 626 13 78
767 330 406 718 82 236
815 278 3 172 32 657
67 954 849 405 28 645
763 984 83 244 65 426
843 940 319 456 47 371
866 226 716 435 43 500
944 504 23 187 31 236
876 826 18 416 36 895
992 641 739 499 52 88
81 233 792 961 2 965
889 667 611 450 82 315
399 650 716 544 10 47
352 275 165 101 12 592
119 501 422 471 86 887
81 771 864 167 20 574
707 666 12 615 1 933
471 266 69 111 30 392
901 437 407 45 51 669
410 888 668 880 78 62
19 310 117 93 8 823
640 311 864 711 54 310
902 469 538 813 66 596
524 414 702 256 8 698
277 145 781 262 9 878
670 294 818 654 74 543
540 988 234 584 74 930
889 544 696 167 36 703
984 80 645 567 77 16
318 334 281 624 28 65
423 377 392 93 57 163
189 685 298 29 16 365
864 25 889 745 11 442
809 145 886 550 11 920
471 373 650 785 64 8
642 118 324 375 29 807
506 322 474 787 63 574
145 121 596 993 87 197
163 226 509 277 47 4
44 426 383 897 0 675
352 573 564 32 27 345
161 814 731 963 0 728
433 408 11 962 57 823
638 495 163 429 9 921
687 715 950 925 39 117
524 722 379 761 2 798
975 829 929 371 71 658
101 138 864 624 83 80
504 443 558 232 30 673
121 561 803 712 0 422
955 805 664 266 38 265
257 614 561 267 18 740
393 345 345 777 63 42
534 430 755 890 78 971
414 257 298 573 16 546
312 606 497 493 56 85
825 338 183 954 68 111
566 542 819 188 2 189
857 866 502 626 35 760
703 442 572 369 17 716
487 291 532 600 75 269
991 441 170 346 8 909
790 165 255 359 45 720
878 595 538 576 24 139
531 902 996 992 55 565
3 872 396 782 65 993
229 810 555 367 4 591
580 769 662 168 14 607
903 216 67 19 58 101
49 712 255 339 45 295
433 490 601 18 55 127
466 107 869 650 46 223
109 377 650 834 69 650
996 646 520 307 36 698
372 226 110 22 72 473
128 310 626 836 80 474
73 462 178 501 59 724
837 499 283 311 17 507
695 31 750 124 27 869
840 715 84 236 23 622
975 518 401 471 43 571
381 385 370 935 67 746
215 156 869 848 32 877
618 629 229 949 34 608
192 148 168 887 38 836
627 101 735 182 29 153
161 414 970 448 45 971
395 450 63 271 22 394
739 251 779 37 64 868
770 434 990 125 2 911
714 305 646 508 14 614
409 379 76 538 4 910
844 777 728 501 16 894
42 285 446 354 12 414
596 924 904 816 37 155
109 764 512 897 30 26
549 595 916 757 56 552
832 800 302 72 12 608
710 883 93 476 38 173
165 358 201 6 30 207
462 839 656 323 48 504
792 903 870 961 40 700
104 725 881 402 75 110
401 56 970 894 62 786
56 328 38 710 74 116
866 921 976 140 15 279
767 572 968 606 32 305
728 880 875 439 87 7
149 924 493 722 61 431
455 202 920 873 47 136
14 960 511 973 44 775
398 268 799 233 59 264
455 920 613 918 73 921
156 897 637 815 66 342
481 128 428 409 75 369
158 964 142 780 60 203
335 835 563 259 43 740
