534
519 534 869 296 33 625
181 144 782 676 11 826
296 66 456 247 41 970
647 117 873 846 89 164
824 683 518 330 16 166
991 641 978 992 41 789
58 313 627 695 29 509
290 710 751 154 33 559
57 397 673 437 88 752
244 168 597 627 45 869
518 765 527 950 6 251
716 908 441 570 84 958
344 706 531 56 70 323
183 579 112 466 20 591
205 388 398 283 15 656
60 893 752 800 83 254
843 396 950 816 7 752
439 825 30 944 86 270
583 270 305 999 54 999
786 340 192 491 70 591
984 683 665 592 1 302
442 694 58 22 50 462
977 225 725 494 82 37
426 841 976 743 73 710
987 706 951 210 46 555
45 131 556 388 6 21
632 401 525 7 66 543
162 129 552 406 72 322
438 785 684 443 49 171
661 189 791 579 64 179
795 13 406 847 17 200
674 330 272 49 20 60
909 712 6 221 87 95
512 900 754 53 78 311
956 547 144 133 45 569
980 597 108 672 21 792
913 519 27 238 42 45
790 612 549 397 51 318
629 36 193 362 70 132
206 845 532 538 58 356
679 483 286 351 56 406
830 596 618 172 64 779
318 281 475 320 78 625
479 480 964 721 54 992
521 326 898 462 9 873
598 939 317 136 76 298
548 98 444 148 47 145
402 292 410 231 62 22
824 863 602 778 40 460
72 40 591 794 34 717
105 972 727 602 42 769
811 936 190 818 53 568
881 553 151 640 7 716
358 245 784 539 42 107
866 700 933 795 4 648
752 664 879 805 46 362
116 705 743 317 39 267
586 407 819 845 0 708
848 901 455 970 54 835
891 233 864 574 15 921
451 308 450 456 26 34
936 425 278 243 36 234
391 476 319 92 55 291
791 142 137 539 83 648
817 723 837 77 62 727
353 45 135 74 19 213
571 390 431 311 35 834
775 639 221 721 28 642
85 699 220 318 20 480
785 481 163 227 52 280
268 380 777 567 72 989
303 137 367 283 12 265
916 478 266 304 33 731
5 620 258 370 16 589
500 426 409 915 27 980
78 993 395 630 81 752
307 934 884 858 10 691
360 890 218 376 24 763
920 126 287 324 29 335
322 775 839 916 18 422
823 993 599 919 30 25
0 60 716 954 70 55
615 288 309 32 60 849
924 476 256 88 26 260
808 822 876 882 36 587
434 521 487 683 55 621
585 383 87 715 55 874
411 319 859 807 6 936
45 495 68 245 86 320
462 838 998 962 65 101
550 686 314 26 64 164
935 70 848 836 6 541
671 140 956 252 11 675
832 630 97 578 50 897
956 226 780 320 56 772
731 45 71 796 33 581
327 785 79 432 32 159
177 49 421 899 75 835
341 897 370 560 41 708
749 208 925 342 33 31
814 380 291 220 57 854
67 419 554 890 83 123
414 333 610 746 30 356
391 43 600 158 68 492
776 741 258 63 84 37
248 819 222 472 15 770
521 406 601 374 23 870
581 113 85 349 42 730
155 376 836 692 6 224
391 656 8 923 87 891
356 449 389 740 45 34
587 470 548 91 5 156
447 446 531 460 27 278
919 520 376 308 40 556
64 558 130 119 10 316
314 337 997 664 89 32
4 315 492 941 29 404
757 867 993 183 0 116
131 591 588 120 11 94
20 740 336 187 77 448
909 449 736 176 46 163
47 312 630 39 16 153
676 699 818 757 58 290
625 982 230 704 22 364
173 617 552 262 64 844
187 596 138 216 44 494
63 515 91 23 8 883
109 158 391 428 4 252
278 647 282 184 63 809
742 492 269 280 18 942
933 337 400 27 80 46
648 112 182 299 25 147
313 201 934 64 13 654
57 224 354 81 24 645
77 934 104 967 60 867
480 497 684 169 65 133
230 307 324 249 86 309
665 162 94 977 78 281
765 798 549 487 62 906
671 875 597 245 2 568
970 630 692 902 89 422
782 863 986 955 19 455
422 990 730 232 6 59
246 8 618 635 88 586
479 708 994 3 66 623
489 720 130 632 57 3
795 886 329 605 86 449
372 782 192 108 16 671
866 632 323 959 35 551
419 806 448 360 4 100
990 478 694 56 72 345
565 383 755 418 20 345
230 914 151 197 34 718
12 654 556 920 33 349
16 48 580 429 39 325
83 714 872 796 19 265
900 499 349 459 33 589
681 57 822 530 47 272
733 333 744 151 28 168
995 147 897 479 22 266
110 180 175 661 19 469
442 165 352 165 85 854
323 550 695 327 47 205
594 93 47 363 0 149
375 871 690 535 32 64
856 416 934 391 76 88
684 857 195 24 19 109
121 5 19 151 74 263
63 483 292 438 72 809
331 104 180 216 61 658
385 140 318 279 39 354
992 766 548 588 62 150
947 388 321 16 42 330
135 632 403 686 40 197
60 205 148 634 75 830
977 618 536 653 14 828
725 681 937 625 64 638
674 718 971 186 84 778
378 738 448 244 38 333
35 53 635 796 11 480
793 738 713 685 18 912
862 130 159 717 80 569
985 639 856 842 43 915
749 328 431 598 71 602
764 803 650 394 42 980
673 718 755 576 63 803
49 602 454 98 37 334
560 523 608 433 50 909
507 563 560 449 84 851
177 796 939 223 27 489
289 8 762 198 79 70
260 322 727 13 33 522
705 970 10 712 2 898
651 167 193 277 19 542
638 528 501 630 64 643
425 923 515 903 84 256
215 761 291 974 75 561
581 332 248 886 74 229
916 10 687 534 34 218
751 739 798 364 75 29
712 438 98 246 36 660
634 676 346 956 53 113
148 531 884 104 4 724
490 830 455 148 31 694
412 658 869 244 49 685
912 677 304 959 53 918
431 690 688 874 32 962
431 212 44 70 50 844
855 281 1 969 76 662
89 423 165 309 55 964
459 536 774 899 63 445
129 474 980 492 13 368
29 561 369 577 22 455
221 995 441 533 70 106
121 696 67 159 34 936
329 363 398 45 75 814
343 189 855 940 18 604
328 486 195 710 29 345
788 584 874 698 6 925
784 263 97 231 26 842
208 194 850 565 53 59
66 728 500 927 12 514
189 794 45 299 45 524
920 728 190 721 28 319
234 909 906 799 64 417
60 991 11 717 85 723
3 21 484 760 14 506
42 493 361 483 19 845
317 503 5 474 86 507
719 217 681 709 53 475
558 131 596 23 38 471
36 630 853 86 78 747
113 799 130 431 10 447
620 579 872 981 47 623
278 215 478 748 56 368
759 757 576 786 88 848
676 351 102 568 46 506
772 390 374 841 38 574
757 758 942 67 66 860
572 490 984 234 29 538
250 30 868 340 15 394
342 689 99 12 82 431
602 254 688 627 67 253
715 533 585 956 5 951
507 584 702 888 68 833
665 9 457 462 33 969
423 895 202 156 88 977
468 85 245 897 52 291
717 904 7 196 31 502
605 155 675 343 46 624
629 164 203 130 76 841
303 482 658 695 19 587
615 982 672 965 67 723
614 999 576 793 30 913
882 466 713 323 78 553
475 239 616 499 69 440
996 796 191 93 16 500
29 623 570 555 27 946
381 124 74 283 69 231
750 916 984 454 8 539
276 581 975 975 68 743
461 323 887 670 15 960
340 375 494 29 25 879
217 462 493 209 59 995
545 243 574 982 53 808
337 281 285 697 60 27
298 188 930 508 64 71
386 975 756 48 4 783
866 883 750 841 74 690
919 944 779 214 82 368
168 44 392 610 41 311
26 26 136 499 4 848
841 651 599 801 79 485
378 407 120 572 41 937
131 6 4 782 11 807
430 985 353 531 37 639
697 439 176 766 50 975
744 337 63 121 9 187
786 701 367 531 79 641
69 990 965 696 56 150
402 120 318 805 77 435
807 236 665 412 86 194
186 55 74 367 7 558
826 513 121 814 20 736
587 313 619 719 73 26
300 79 139 83 53 548
639 917 448 967 43 859
259 654 200 57 55 251
268 925 748 571 41 371
923 636 17 425 86 697
421 871 806 610 47 130
605 610 254 550 27 308
644 923 568 354 71 183
50 996 635 845 45 634
780 912 853 187 37 784
451 967 354 829 83 704
470 96 754 210 49 28
176 108 211 722 73 118
879 780 11 300 8 649
292 746 268 764 66 288
779 762 852 876 78 605
445 380 12 376 49 843
543 97 758 272 21 81
419 365 68 822 18 841
960 656 983 261 28 129
822 604 385 127 52 215
977 645 315 99 81 332
832 938 578 738 82 731
441 501 646 341 77 677
732 784 653 690 47 655
814 387 234 632 56 155
128 567 796 990 17 412
520 959 313 775 64 610
251 645 155 364 12 609
143 106 735 540 66 877
571 570 665 652 63 47
68 967 761 909 11 419
163 857 914 774 27 670
408 748 842 847 44 418
781 788 843 503 18 793
143 679 354 101 51 597
464 280 726 116 42 484
297 828 666 81 22 989
755 399 351 479 30 558
768 498 714 523 85 406
126 772 655 161 75 357
32 518 388 329 58 447
155 915 240 838 70 255
381 920 477 854 61 632
217 342 214 477 64 738
676 252 781 744 60 536
75 259 661 634 39 860
722 183 95 546 75 686
673 706 738 623 61 980
354 971 338 294 78 507
726 117 974 360 35 806
174 950 875 574 60 662
323 528 699 268 55 72
521 351 335 799 39 825
744 955 790 871 65 512
805 481 705 829 17 201
970 892 3 496 59 225
667 634 396 548 48 965
72 393 68 919 49 93
646 73 168 587 70 271
615 798 495 744 61 522
94 892 390 31 29 516
605 842 668 945 75 533
936 705 991 719 65 216
147 730 215 136 80 11
648 864 735 598 49 76
65 566 996 941 69 878
377 128 33 543 34 679
66 580 146 169 51 933
554 692 433 65 47 664
782 606 614 518 77 225
641 908 256 517 27 254
68 475 478 999 3 999
722 175 399 577 2 647
352 213 965 527 86 573
644 107 378 155 43 981
573 305 643 784 38 871
181 394 926 261 22 383
359 727 598 825 87 803
353 627 165 871 54 24
503 986 632 852 82 287
513 819 352 475 9 88
611 47 525 62 70 348
137 414 548 630 83 151
901 752 364 634 29 478
435 233 246 673 19 645
598 140 597 588 73 344
919 19 28 612 16 865
211 36 112 618 28 803
903 119 700 203 52 331
103 227 41 818 27 296
648 249 61 279 56 293
283 703 242 796 58 773
384 312 546 573 63 707
192 585 543 692 85 559
843 871 370 529 22 187
443 703 791 339 16 878
182 67 565 963 61 136
2 120 506 60 64 177
233 620 388 841 39 649
187 425 640 470 53 885
955 880 26 50 47 668
53 142 380 106 89 870
742 983 286 594 88 421
339 307 283 780 85 524
800 658 120 431 58 274
13 997 200 171 25 217
342 481 263 973 6 863
733 466 470 455 58 737
557 116 110 166 42 650
131 474 707 568 89 316
529 446 85 115 46 964
750 435 228 152 35 895
212 489 288 272 37 84
774 175 705 262 33 481
431 508 28 448 59 991
285 260 18 503 16 666
530 917 37 178 69 110
777 239 527 509 29 761
820 283 714 344 34 639
962 519 48 471 41 440
323 115 599 453 17 920
547 103 757 802 69 310
534 992 513 545 36 775
685 57 999 52 84 484
958 183 356 337 86 787
131 217 589 752 76 934
61 977 470 13 65 150
830 478 672 40 65 249
33 651 704 884 6 962
686 880 457 737 88 320
321 370 956 115 73 663
665 670 332 840 67 484
319 123 843 741 72 771
55 608 831 441 65 773
878 372 495 326 89 49
826 940 738 566 67 93
379 130 56 873 45 919
400 720 315 625 80 476
119 883 453 858 5 88
905 523 143 892 5 886
491 38 312 762 51 199
90 33 417 746 29 592
148 463 560 882 24 697
497 518 763 399 14 651
767 117 244 893 83 107
292 864 659 272 33 725
408 858 443 275 79 498
260 543 480 390 65 219
596 136 852 539 39 89
961 727 875 806 79 561
299 555 630 38 16 736
829 658 791 408 50 426
812 76 490 174 13 398
190 422 877 365 26 701
294 125 730 824 57 638
643 338 264 930 56 155
203 833 963 31 20 793
106 412 830 432 19 7
326 304 717 225 42 567
24 551 11 980 13 865
273 993 812 604 85 561
763 665 15 620 35 988
447 63 543 758 85 594
69 216 950 635 46 278
368 61 108 147 18 589
745 378 836 67 16 24
31 140 514 693 3 323
189 614 846 646 24 152
579 741 334 448 31 473
412 254 222 921 61 465
21 767 127 161 36 84
361 505 420 673 61 289
30 90 172 433 25 891
988 242 809 493 28 908
992 565 324 203 66 853
430 35 16 845 45 212
464 722 271 385 16 712
962 916 536 977 51 195
37 852 365 672 83 499
13 695 596 640 83 167
248 336 332 828 24 595
469 904 546 797 88 902
740 830 758 163 55 210
860 887 77 308 80 387
187 241 62 360 34 27
629 48 525 974 56 403
744 385 949 397 13 212
715 898 270 320 23 757
790 690 841 990 48 55
23 192 861 89 78 759
677 494 735 700 80 136
20 303 927 574 46 322
862 145 170 755 37 188
769 784 275 728 1 6
454 442 573 526 43 626
38 120 667 333 83 305
571 840 215 684 60 182
892 704 796 476 2 622
203 361 259 173 37 62
201 227 787 137 30 527
373 212 41 372 45 717
927 983 222 855 52 213
346 797 665 120 18 485
781 860 221 154 18 439
430 103 335 739 57 174
976 333 452 784 11 723
573 294 478 638 74 98
185 221 157 719 31 139
402 794 721 737 5 998
650 666 333 429 56 696
744 236 155 612 19 934
472 502 80 16 46 84
768 258 959 70 73 382
605 993 897 543 25 395
969 406 532 736 16 544
891 844 242 171 83 375
38 219 636 215 75 255
609 403 136 656 21 817
370 9 783 483 72 837
537 53 832 189 22 821
520 883 143 270 57 791
360 23 690 717 16 896
307 138 692 543 31 387
435 96 350 510 58 171
497 440 32 451 27 930
483 124 97 45 41 434
63 902 429 633 9 848
626 678 950 136 87 192
984 696 70 258 10 644
418 801 486 695 70 563
254 710 273 845 74 313
95 434 764 574 13 519
429 440 568 613 66 917
146 887 844 589 86 765
480 435 995 955 53 730
594 552 465 58 30 434
997 400 797 508 76 684
943 28 255 30 12 767
973 443 839 362 28 724
695 839 588 814 44 993
336 896 584 965 48 193
629 77 739 440 40 820
261 705 306 577 16 439
652 542 361 302 27 173
951 537 400 335 1 535
998 226 583 437 88 195
95 484 190 414 65 250
885 469 65 714 59 962
