70
881 447 237 710 45 606
340 438 418 568 50 621
470 120 927 935 84 531
173 167 583 25 39 129
461 845 64 314 76 551
452 228 723 207 44 383
8 376 529 688 57 518
314 609 603 135 25 868
45 201 645 550 33 872
944 446 614 102 82 238
124 814 631 537 84 562
369 118 234 140 46 796
351 391 610 142 31 682
560 934 912 792 63 635
984 671 578 361 57 545
937 753 77 963 62 988
957 970 350 632 63 419
552 343 796 418 42 611
496 330 767 504 0 410
991 76 487 27 48 587
917 626 286 805 37 149
405 736 170 306 88 905
731 162 474 831 23 890
52 699 762 73 67 428
328 864 1 116 81 504
279 621 187 132 26 507
734 517 306 783 53 469
23 915 308 855 53 460
258 800 328 172 22 523
652 858 119 347 28 447
248 863 522 618 77 976
315 48 65 501 31 932
714 210 755 594 23 897
884 136 980 733 2 924
144 335 678 299 78 429
107 314 745 547 50 536
556 218 759 850 66 390
701 990 578 212 60 78
618 224 347 715 84 30
844 268 676 884 1 956
539 256 902 860 35 437
801 518 908 328 38 991
427 133 891 195 16 439
341 177 284 161 63 525
881 185 831 468 28 197
96 293 52 3 51 732
720 845 502 519 54 722
80 876 521 387 9 934
56 721 494 92 81 552
291 128 15 480 11 533
247 146 17 848 2 601
575 943 773 740 76 194
689 538 221 132 59 831
803 676 152 579 40 408
5 131 212 310 33 902
895 266 36 859 27 313
760 698 483 955 37 260
233 41 113 646 17 796
597 722 568 168 83 324
712 317 419 124 67 359
510 286 477 535 56 409
880 863 469 853 63 47
851 454 747 764 47 937
466 719 250 689 17 890
728 398 855 86 79 136
34 570 436 709 78 831
503 758 237 705 69 19
518 919 339 257 0 923
332 847 226 225 4 800
11 746 376 941 58 796
