38
8631 8742 2826
89 1745 1133
1832 8641 2437
2451 1266 7695
2576 4950 5623
6737 9238 9024
487 9625 4708
7659 9022 5336
7425 9596 9949
4004 7800 9379
180 8754 467
2559 6839 7707
7982 1597 3055
3812 4051 3877
9907 6230 3321
172 2448 5974
2841 5301 4443
3602 4571 2992
7975 7009 6040
663 6082 4769
7702 9304 9290
2973 592 276
4248 209 1222
2757 9065 6473
8039 9382 8843
1096 4637 8872
8638 3927 4771
1761 7543 8566
3578 7778 7155
2561 4639 5557
9664 8898 6676
7811 181 969
2151 6589 7127
8 8351 9299
4733 5943 6136
4736 5387 5120
8735 8771 3081
6264 7232 1618
