50
193 571 336
914 701 345
13 843 101
261 725 980
328 884 186
112 807 602
883 441 326
297 599 962
235 893 308
305 995 340
349 320 455
206 88 655
800 760 943
858 318 106
556 503 467
304 127 286
283 85 961
479 774 499
891 19 528
236 862 637
57 172 681
511 766 898
721 465 258
434 129 964
113 577 523
17 520 50
712 613 584
308 931 766
864 515 594
777 205 96
991 996 236
831 350 940
128 71 539
493 811 511
24 512 231
343 423 511
511 432 799
967 439 639
192 48 145
8 770 74
530 585 552
999 500 437
958 855 447
202 80 128
321 128 65
11 520 64
9 1 265
894 863 831
383 885 503
991 959 999
