50
729 2537 8086
32 4600 6342
666 1082 9573
5144 83 9882
5672 498 8986
3633 7688 2522
5380 2615 9424
253 3755 125
3510 2039 1055
1364 6620 7550
5599 3468 5601
4009 5839 3379
166 3322 4512
1815 7262 4276
6670 9743 9949
4870 4354 4560
3090 8311 6232
4034 4317 2843
2268 6720 3912
2602 1637 6956
3320 8886 7310
5497 3564 2992
2637 6691 1079
1674 340 1258
2716 4369 848
6912 8871 7463
4095 4095 4095
2677 4100 8340
9598 3862 7623
555 4649 5722
5622 3183 2759
7121 7214 6107
6005 2971 3005
2405 2998 8143
6267 4094 8558
1966 7534 3242
3564 4989 2953
1089 80 4184
105 6372 4184
6273 4253 153
8600 201 388
5635 3072 5251
423 3955 4022
650 4426 225
4761 5137 4233
1151 7087 7151
9752 1025 5441
1744 1352 3072
7999 4004 1014
8259 4162 5321
