763
368 455 566 439 37 254
200 535 508 337 8 18
144 377 845 229 16 402
185 797 797 891 88 652
408 920 209 324 60 250
268 373 739 771 32 798
188 220 261 354 3 366
373 273 753 726 46 652
6 766 607 769 65 78
995 943 743 344 83 207
94 20 393 881 17 651
209 321 597 321 24 653
314 260 359 929 42 911
101 185 131 717 23 282
33 758 670 814 24 962
990 359 718 959 32 485
480 801 186 249 35 789
273 733 222 248 42 105
982 665 343 966 38 908
266 250 747 232 62 884
948 676 436 384 69 85
23 43 267 376 51 60
500 822 771 817 53 215
891 822 307 378 25 361
332 102 953 644 50 929
316 316 543 206 75 652
601 779 459 272 84 355
398 203 537 957 44 340
479 118 629 783 81 546
642 313 668 644 42 380
472 916 258 200 4 652
496 231 856 331 37 217
574 139 170 85 54 716
445 476 746 643 78 453
998 477 390 904 73 192
720 432 697 640 80 219
398 273 871 54 89 786
75 969 197 393 83 328
331 489 232 893 77 124
544 356 206 216 58 206
83 703 436 188 74 954
689 548 369 524 28 365
992 4 12 610 25 159
485 256 116 657 52 793
985 717 155 621 31 760
765 377 303 645 57 84
221 376 833 989 72 351
4 394 298 981 40 439
514 210 961 630 63 986
142 191 246 796 77 801
567 503 717 976 66 484
229 467 697 579 18 382
36 736 165 279 6 418
758 434 764 641 48 653
946 262 551 422 30 633
817 930 655 916 60 564
208 418 925 707 36 170
510 261 573 471 45 262
643 557 138 953 33 731
476 213 836 162 64 925
333 315 720 811 59 511
896 547 432 335 32 571
993 694 742 734 3 213
948 112 239 229 59 704
612 48 393 364 71 403
355 275 712 894 60 589
725 35 816 241 62 59
508 846 34 882 73 646
381 775 538 800 85 194
480 963 488 791 69 80
185 119 823 441 64 812
248 556 189 903 37 229
697 823 295 193 59 170
522 982 264 649 62 439
938 710 312 14 62 397
709 250 135 490 12 322
884 573 815 190 83 907
846 947 694 986 46 278
462 463 674 499 72 813
645 465 934 341 16 888
877 403 979 910 47 634
265 522 885 640 11 482
931 164 253 502 77 23
965 139 693 126 49 643
490 771 121 56 83 43
409 310 157 533 22 741
294 740 711 364 51 614
143 481 191 299 83 780
944 755 829 794 55 258
563 694 359 825 29 826
166 483 831 907 76 57
640 826 969 443 24 175
280 650 110 94 68 903
627 779 88 809 29 117
218 200 171 156 41 634
137 751 338 599 27 680
493 404 444 615 39 468
123 810 430 108 80 152
88 228 232 179 1 361
611 965 59 280 5 418
511 2 551 343 6 433
418 716 70 993 16 194
9 513 71 414 27 483
553 718 663 125 50 203
359 114 888 521 42 838
577 652 879 905 35 90
664 206 511 137 48 353
874 768 644 371 13 463
122 565 174 625 73 250
516 690 331 511 74 937
974 481 375 952 65 792
290 137 1 620 79 328
559 475 506 398 48 329
375 30 362 848 85 299
813 509 412 430 50 227
217 195 876 581 32 742
480 128 825 205 74 447
269 391 517 400 76 6
882 798 834 308 28 203
494 814 241 744 55 758
230 896 808 215 21 46
859 433 499 169 4 784
208 350 622 853 67 85
453 614 892 183 85 384
895 796 451 183 50 693
375 393 472 74 45 236
19 328 34 304 2 19
139 562 214 939 4 636
80 508 914 830 8 37
42 276 719 237 26 928
956 181 972 514 87 484
727 430 451 673 50 662
373 912 389 94 83 105
61 268 522 3 35 598
869 437 128 185 36 10
422 885 465 562 3 103
835 487 70 766 66 635
563 249 354 748 35 749
662 596 80 336 29 880
385 200 208 607 86 41
139 139 479 245 25 418
208 540 757 804 16 130
930 844 755 872 88 889
485 884 397 821 13 208
198 274 730 475 69 817
348 266 492 87 84 879
365 514 927 421 31 499
912 704 111 993 80 317
402 206 489 266 48 934
912 995 828 238 79 334
155 515 662 798 43 939
946 886 299 976 55 662
805 211 702 563 70 116
451 501 81 348 56 766
863 158 889 749 55 105
433 499 429 698 61 369
879 810 360 387 33 753
986 834 737 621 20 562
522 95 506 856 22 302
745 288 749 343 82 943
686 92 864 485 82 558
597 34 790 502 10 600
906 312 694 736 30 184
284 449 909 407 85 989
571 178 766 936 57 797
908 177 136 143 51 854
236 369 353 934 40 433
811 139 899 572 14 246
735 114 942 223 59 139
902 589 122 241 34 458
775 360 832 129 48 37
148 711 563 604 14 325
295 799 486 559 74 113
707 409 631 600 83 768
57 257 368 555 48 208
44 931 138 714 85 781
679 749 859 431 16 331
301 862 277 975 68 175
735 621 903 760 14 286
253 715 579 96 16 413
470 794 102 673 62 963
288 880 588 29 40 668
256 853 197 106 38 197
111 115 630 574 16 921
50 11 146 548 75 131
157 967 276 484 29 437
873 456 406 635 68 283
150 598 872 572 61 313
651 475 506 618 2 200
709 445 942 766 13 993
701 989 540 178 85 591
562 848 242 848 31 696
666 658 923 396 27 141
561 455 835 747 16 598
810 672 469 882 6 934
536 627 745 692 58 337
327 542 722 60 47 430
885 364 511 395 0 995
578 842 408 486 10 300
763 450 335 542 58 132
111 775 945 737 78 181
828 453 494 405 86 713
793 703 21 38 20 438
666 78 203 213 55 874
465 445 551 97 68 453
244 36 314 131 24 450
227 73 590 901 45 696
136 99 949 186 63 944
723 288 215 312 22 942
687 383 498 412 12 303
666 80 904 195 79 425
816 104 373 660 5 324
310 416 531 593 39 499
819 90 397 92 25 846
623 1000 787 77 48 532
231 231 856 319 5 69
583 881 659 852 60 174
650 789 935 327 70 337
222 687 432 475 78 12
315 62 570 9 48 612
939 649 705 237 44 742
284 318 650 994 29 537
974 304 961 171 84 509
101 176 997 773 23 555
7 820 378 552 44 901
86 758 623 773 86 937
431 294 882 373 79 268
652 822 480 938 87 816
72 146 720 825 59 598
433 958 147 747 12 373
950 784 354 160 83 10
497 515 798 230 69 289
46 196 952 534 84 181
479 441 258 555 54 309
45 892 434 434 55 589
136 542 982 76 57 381
630 724 726 259 77 319
593 828 469 472 35 302
50 622 719 267 67 489
387 650 865 577 34 81
486 69 325 765 53 900
382 167 312 941 6 390
91 293 53 785 85 480
638 422 89 823 30 438
555 676 608 777 85 354
488 802 553 420 72 446
583 711 224 968 78 26
280 109 553 531 49 587
855 26 743 964 76 92
554 663 180 597 11 727
733 530 804 6 54 251
880 927 527 173 27 715
377 601 18 895 40 16
39 134 522 302 26 152
792 496 561 107 46 541
871 70 921 64 17 590
930 652 271 968 9 306
799 859 93 692 61 67
17 535 115 865 77 122
812 982 435 102 20 554
38 890 739 583 46 916
602 137 38 533 61 503
596 865 738 615 74 160
509 601 563 105 36 115
253 402 364 77 2 500
990 803 270 651 76 185
994 606 485 378 62 238
538 640 701 965 2 514
474 367 852 158 77 694
160 700 651 880 43 822
468 564 65 305 39 254
967 125 815 26 53 910
147 399 17 880 48 975
786 169 839 75 73 418
724 155 122 738 87 94
316 726 421 444 75 80
439 599 229 397 9 530
940 157 645 26 27 631
941 657 836 290 62 628
46 623 844 416 56 752
737 624 971 29 69 841
539 860 0 327 7 432
658 246 33 577 15 870
127 949 991 529 49 971
97 362 838 377 81 939
982 8 905 547 18 589
237 515 193 479 12 374
477 33 119 644 33 125
474 28 489 518 71 518
896 211 948 262 39 712
896 415 52 84 3 178
304 990 326 29 68 536
859 765 364 538 44 359
152 977 269 783 64 907
533 840 691 683 73 888
657 393 751 698 12 725
665 53 202 907 40 776
587 292 48 635 31 266
828 274 305 467 71 714
728 60 706 124 18 761
977 538 649 465 13 12
81 927 900 140 81 729
351 228 46 809 64 537
686 198 224 819 61 323
508 57 515 32 63 806
913 805 764 654 3 64
652 402 625 261 29 328
100 435 757 443 44 358
389 981 446 896 1 561
567 122 150 290 85 989
577 765 582 664 9 497
234 481 996 411 2 477
123 156 85 692 25 829
412 75 843 207 0 688
271 23 399 993 84 997
764 456 54 191 48 469
324 63 990 449 66 47
900 332 433 781 78 240
614 156 864 843 0 246
710 114 483 744 68 584
98 972 863 793 75 736
232 655 252 236 23 714
67 971 365 676 89 212
611 510 859 802 12 452
155 201 887 580 50 609
635 287 605 561 71 954
153 895 24 223 44 214
264 839 920 937 33 789
31 793 200 479 23 272
682 6 368 782 89 306
59 424 843 675 16 275
539 481 480 622 22 275
6 174 818 248 28 497
313 980 341 914 18 799
87 961 280 555 17 101
90 510 603 727 74 233
581 642 526 731 57 240
485 794 925 180 82 547
936 951 916 401 63 5
984 168 769 145 42 4
620 723 559 824 59 863
611 318 20 298 80 384
42 562 145 649 54 351
555 74 8 526 28 153
515 760 87 936 29 260
212 268 210 929 3 981
467 316 41 358 0 353
18 186 240 265 21 886
969 284 819 698 32 838
443 621 616 604 80 979
45 400 826 658 53 283
641 758 290 260 24 330
269 992 256 930 62 544
419 254 17 703 18 879
796 588 610 47 42 431
513 829 322 73 13 537
132 411 392 132 77 397
500 464 86 312 88 708
813 984 316 962 62 385
204 985 660 497 35 384
508 586 904 16 79 218
965 230 856 35 85 733
111 25 955 202 64 448
866 413 237 689 4 718
915 332 126 824 63 509
727 375 769 74 26 713
180 464 680 150 59 275
549 517 142 351 11 416
187 911 344 458 33 679
27 7 909 165 16 472
195 246 280 886 69 55
801 591 8 626 21 219
728 183 214 689 39 70
249 872 284 189 39 791
147 519 26 597 68 806
822 321 208 686 4 498
622 569 337 931 41 478
305 509 248 529 18 892
350 190 53 928 72 607
728 134 100 191 41 329
223 393 291 375 24 120
229 351 436 502 66 6
62 760 674 135 29 849
717 643 793 89 65 511
60 430 661 465 54 247
919 143 802 432 43 820
208 354 324 212 82 824
171 698 179 424 86 418
176 734 856 999 21 849
181 327 624 205 2 771
427 181 13 336 4 223
2 826 187 142 45 829
255 71 758 350 61 159
499 277 580 361 73 495
919 829 495 312 30 374
766 45 515 61 33 102
130 528 506 594 10 889
207 514 249 55 43 902
840 145 546 872 49 292
359 333 306 471 62 354
549 128 936 515 1 422
960 305 645 472 24 670
209 604 25 973 61 859
320 254 501 51 61 515
284 518 491 797 74 384
692 257 634 496 2 148
560 397 638 492 61 720
43 505 848 79 70 398
954 58 639 878 42 310
474 819 347 733 39 942
831 669 577 938 65 710
441 396 807 89 84 177
149 893 78 245 59 351
929 810 940 192 75 692
202 619 440 82 10 887
852 531 817 474 4 905
740 808 293 176 19 222
136 371 306 218 46 800
884 398 112 632 12 499
231 183 664 695 16 956
443 979 239 198 80 828
189 967 594 475 35 124
65 19 518 337 54 461
922 151 935 69 6 535
28 897 205 760 47 291
814 338 647 79 62 897
516 716 417 181 66 154
548 88 771 327 86 634
751 86 148 892 24 300
737 531 709 195 53 386
579 454 662 514 58 639
828 576 428 381 67 82
882 407 36 864 34 10
694 385 999 664 34 46
506 551 579 291 69 591
333 445 338 25 14 564
430 24 3 98 81 915
279 140 24 494 37 192
398 587 399 794 66 541
513 126 695 498 21 749
411 388 345 850 0 410
18 18 730 296 68 437
219 76 899 462 60 246
503 9 752 99 40 927
280 763 660 423 88 987
363 938 833 970 61 420
602 583 682 741 87 261
523 105 350 350 27 764
372 166 683 924 12 260
511 744 959 224 4 577
449 233 747 61 76 32
910 501 376 338 87 91
456 766 578 821 87 278
211 585 426 768 34 974
540 836 287 356 36 93
64 382 152 252 59 847
773 68 773 823 42 811
999 324 797 218 22 454
636 36 862 738 83 190
871 620 976 266 55 562
140 480 591 829 47 572
498 131 531 78 5 623
805 233 386 228 55 397
374 206 301 240 66 28
992 50 245 975 51 567
725 625 365 338 52 422
959 173 583 683 4 562
757 25 273 934 57 34
468 486 987 26 89 26
568 223 263 538 65 309
823 457 825 283 4 644
912 741 625 682 30 305
883 746 438 637 10 604
841 567 50 353 26 308
816 379 539 246 59 772
155 798 132 731 78 36
208 806 413 224 53 819
599 169 74 44 81 431
587 816 582 634 55 105
863 817 141 685 72 653
401 410 770 496 53 908
614 672 519 324 22 246
172 103 262 393 26 807
93 869 871 756 10 684
696 876 84 860 9 567
202 342 204 487 19 596
10 113 922 24 7 715
459 418 494 784 10 886
220 292 178 251 20 259
798 706 992 854 78 727
298 960 252 507 75 527
830 924 204 201 27 15
519 675 821 131 33 46
963 440 147 881 0 349
412 56 747 371 54 585
617 377 774 413 34 858
866 902 118 666 47 149
722 926 264 482 81 378
380 459 984 50 78 568
718 276 314 281 69 439
457 513 398 348 21 678
430 85 607 411 50 375
632 694 628 906 12 681
394 803 220 663 30 516
838 691 635 588 79 232
550 410 979 756 38 958
510 531 347 559 39 160
625 219 549 201 24 768
181 988 704 1 26 322
38 280 465 893 37 668
270 388 37 412 4 160
754 730 288 825 19 301
253 652 0 451 83 812
240 7 664 450 69 84
555 326 40 500 73 363
426 344 255 649 13 361
199 589 231 61 6 833
474 200 255 132 13 176
563 829 265 60 41 870
160 482 614 221 56 396
476 319 411 744 79 861
702 362 15 452 63 170
407 812 389 460 82 204
60 337 231 332 23 850
559 473 364 994 6 918
989 845 632 712 32 424
380 577 535 346 77 504
475 273 347 814 73 322
266 679 261 949 59 81
630 553 930 807 37 98
111 641 127 197 44 225
656 743 314 47 88 981
807 892 3 2 15 771
146 30 351 668 8 600
855 647 804 614 48 922
683 515 357 110 82 378
921 499 476 459 89 493
543 820 807 422 77 104
370 817 598 29 2 946
225 202 600 782 4 34
694 785 988 997 86 0
514 229 252 595 37 618
145 619 757 692 13 123
920 361 837 840 58 439
928 557 414 967 23 65
505 894 588 930 81 393
930 636 913 77 43 736
411 671 781 354 38 359
147 30 851 769 32 325
797 764 745 647 47 659
817 792 492 113 11 390
336 964 764 929 76 584
619 285 832 825 35 875
43 421 61 214 69 974
345 422 543 848 63 590
821 96 125 86 4 494
980 860 374 912 23 582
910 838 297 961 82 675
362 868 400 447 27 83
255 957 759 251 56 93
325 329 424 873 42 307
755 989 911 96 31 213
622 540 853 674 60 323
409 78 573 17 52 392
871 923 475 947 33 490
498 927 429 977 12 370
346 674 731 212 29 598
167 664 807 671 23 273
542 507 417 252 32 787
109 241 33 675 63 620
239 196 81 496 34 671
438 999 473 142 88 237
87 524 898 176 10 723
387 4 713 183 53 158
676 422 353 904 24 989
25 529 372 862 65 645
591 685 743 676 8 547
931 607 590 838 53 346
51 527 254 491 57 801
498 122 440 194 20 368
463 515 232 765 68 750
488 127 272 761 83 587
510 992 205 604 5 742
367 259 381 423 2 967
293 61 268 685 22 931
88 104 331 423 7 909
564 467 548 53 39 730
96 174 842 462 62 787
139 343 736 537 46 974
634 861 286 638 43 737
285 765 941 702 10 218
748 209 588 770 1 616
141 364 594 369 7 730
864 764 660 548 16 648
99 911 590 621 22 161
312 887 422 135 74 779
541 768 486 998 0 648
861 53 4 463 24 95
378 482 259 201 67 247
993 470 823 315 13 813
475 453 926 62 62 61
519 135 961 589 56 385
327 649 199 845 84 223
21 17 541 693 31 117
134 730 338 81 50 78
634 461 753 985 10 397
896 645 434 135 75 394
763 191 613 434 65 190
166 836 504 516 77 270
550 399 674 333 53 826
687 599 69 617 48 619
181 344 555 821 73 374
406 886 205 114 85 613
507 717 458 331 18 946
98 941 528 572 19 370
939 624 683 716 2 213
299 591 102 33 2 377
135 572 628 783 61 171
180 815 897 432 58 692
686 131 820 369 67 829
625 299 151 511 88 916
732 147 165 719 80 904
936 215 800 716 33 120
323 380 842 997 75 950
365 206 91 91 79 557
274 312 127 119 64 458
43 785 447 612 70 898
289 568 825 844 4 469
840 794 804 681 38 29
302 946 58 55 83 50
235 474 809 619 76 56
157 429 739 682 5 684
449 824 577 921 5 152
118 821 288 333 77 121
806 516 58 862 20 183
90 677 953 930 0 592
639 468 583 668 81 709
946 173 498 961 71 519
999 417 703 974 84 959
950 296 4 854 56 879
934 393 94 570 46 721
991 343 135 7 49 275
220 900 94 688 81 779
88 199 376 552 53 504
160 868 244 10 10 563
550 133 549 693 56 10
344 16 199 516 6 40
132 4 267 657 40 987
193 237 370 935 88 624
601 765 946 764 71 221
569 864 834 156 68 908
299 954 570 974 34 819
855 316 235 314 81 460
536 571 518 492 18 963
561 617 760 518 50 658
21 224 553 482 65 607
802 535 661 263 7 641
950 808 355 873 17 681
863 812 308 498 7 890
948 159 967 426 64 851
514 915 380 66 69 733
670 232 994 828 42 216
808 87 462 887 89 204
600 154 560 420 24 491
744 195 142 636 51 129
422 321 706 518 31 241
404 845 563 65 40 168
220 243 233 776 42 605
30 687 365 154 20 660
818 272 891 56 14 629
931 492 45 348 81 635
623 619 312 512 20 898
122 665 880 912 17 207
576 176 162 225 6 535
232 270 884 134 51 744
78 612 674 724 13 870
433 401 555 615 47 737
141 1000 1 995 84 182
915 807 665 241 27 181
522 894 696 281 68 795
875 128 855 653 60 487
123 249 70 947 78 634
959 896 448 55 59 516
647 899 272 43 47 904
669 540 613 111 28 230
230 481 544 896 62 47
459 165 836 403 25 701
646 750 369 47 15 404
2 626 566 521 31 829
596 10 74 311 33 174
467 607 925 251 77 38
673 181 851 355 51 220
631 935 449 622 53 520
689 488 222 342 27 132
189 147 53 654 45 208
304 224 557 532 83 600
780 580 685 642 80 639
210 207 489 532 77 691
995 731 510 560 9 176
535 678 866 930 7 967
953 561 972 859 54 723
648 290 281 543 47 596
989 592 624 377 85 46
130 609 218 243 19 654
499 233 294 450 66 199
416 143 425 470 74 691
106 685 911 432 1 190
334 410 332 29 34 412
51 992 173 908 11 103
729 799 79 549 41 842
973 454 177 701 27 233
268 165 97 145 30 825
186 495 177 501 48 531
647 60 163 367 66 938
23 410 767 468 30 709
541 340 370 291 79 19
916 12 9 589 47 768
947 555 644 867 89 472
571 193 366 774 65 463
863 59 152 124 54 301
851 699 684 755 31 301
750 111 292 734 55 462
856 92 13 810 26 132
719 480 890 633 61 621
169 897 618 46 34 152
55 70 758 995 85 729
260 199 270 639 25 267
379 23 862 721 16 983
717 767 658 837 77 251
617 438 90 892 1 793
200 666 683 875 47 929
804 477 899 203 87 197
864 839 339 48 69 775
824 9 23 360 13 897
411 748 980 211 63 832
226 235 911 664 28 620
969 291 932 771 27 673
499 840 669 687 59 919
612 599 658 941 0 354
457 169 941 867 50 741
544 51 53 522 11 803
779 725 446 172 18 187
773 998 879 841 75 988
210 924 755 682 53 793
502 21 891 677 43 413
520 544 366 861 54 461
473 473 852 75 37 72
981 610 161 717 8 731
56 21 343 806 73 877
858 638 21 683 19 585
80 519 109 986 33 846
290 195 568 101 48 247
169 259 598 956 36 916
876 574 892 570 2 579
722 844 344 920 56 192
305 72 502 133 49 694
615 419 966 123 21 737
526 966 816 358 14 180
294 862 740 475 30 601
166 585 60 729 20 60
42 669 990 432 8 797
229 210 734 583 39 91
973 878 944 809 49 213
