786
332 930 965 417 31 987
217 61 561 619 10 119
36 643 264 509 54 140
201 660 241 199 41 614
639 933 649 835 18 766
107 869 510 292 83 428
838 576 396 484 18 787
210 926 62 82 50 57
538 183 130 592 8 851
895 122 95 419 83 57
927 850 23 825 83 444
312 720 600 59 3 203
480 932 730 565 75 603
219 789 815 133 10 281
266 757 521 479 3 469
144 738 263 516 0 952
537 578 544 164 12 651
928 57 450 885 9 684
222 387 178 904 39 989
372 986 998 102 20 651
712 390 120 256 40 770
814 202 840 316 18 747
176 979 64 252 76 746
311 528 994 730 60 470
603 857 691 297 5 427
399 739 462 440 85 359
776 707 97 673 68 121
432 96 879 2 75 944
569 348 832 523 59 43
996 69 760 466 89 819
123 671 316 661 34 435
100 881 461 618 27 384
831 945 641 267 26 209
532 63 365 947 85 147
448 102 552 658 80 955
165 80 287 475 62 112
161 582 792 714 72 369
865 279 636 116 39 792
55 44 23 371 78 206
245 26 581 520 10 722
98 896 82 690 86 746
563 764 187 552 56 49
586 21 543 478 41 506
818 973 350 576 68 794
834 405 309 283 71 508
391 654 329 554 86 761
899 462 346 691 82 831
468 848 684 687 13 795
210 920 603 402 9 443
983 994 570 885 71 142
90 869 759 379 44 427
910 581 577 715 19 86
479 310 549 564 88 654
413 499 619 741 11 775
471 33 188 178 66 777
618 789 777 225 30 250
748 19 730 510 65 32
673 202 543 103 78 130
531 765 163 308 56 838
194 922 476 900 76 185
287 968 515 460 64 525
266 178 3 855 89 158
186 929 414 541 38 654
815 183 885 11 64 663
99 719 225 87 2 459
406 802 735 288 66 803
846 788 208 10 69 760
364 805 978 701 36 306
437 64 25 536 71 425
546 235 692 913 66 487
105 915 440 324 55 998
107 486 950 82 14 168
179 392 128 46 57 497
232 104 523 677 47 909
93 187 182 671 7 636
20 90 189 434 17 392
228 494 203 30 60 784
490 539 294 1001 3 726
778 621 707 876 8 920
116 916 797 989 33 616
355 688 57 657 89 584
245 58 630 257 83 932
773 66 179 592 58 461
386 99 954 73 62 104
157 394 967 271 49 660
496 973 693 592 66 29
420 15 527 101 77 81
201 11 672 635 35 775
46 555 264 236 63 375
224 265 657 200 47 287
222 39 203 395 26 3
286 681 732 380 45 602
431 531 19 1 16 727
269 153 616 476 16 697
891 617 819 505 9 535
618 597 839 79 30 63
525 361 944 491 3 524
655 774 63 644 59 416
568 362 898 274 9 621
863 451 299 759 9 606
426 529 850 119 62 224
92 690 394 776 82 795
3 920 207 14 60 905
186 652 751 818 59 315
409 612 294 24 39 191
634 175 78 323 18 303
748 32 409 767 15 187
567 678 757 331 7 242
584 457 235 325 80 386
731 473 415 559 5 931
635 547 17 86 36 415
956 598 280 29 57 86
341 769 834 498 13 760
145 469 68 550 87 892
105 368 872 576 0 597
884 337 361 743 20 180
256 248 740 177 69 839
467 500 762 562 84 696
167 623 636 606 1 265
384 497 518 302 41 989
364 661 470 964 73 293
217 219 834 34 88 922
36 551 26 916 8 387
324 827 671 175 83 548
980 481 735 64 45 473
754 741 550 495 48 262
735 872 761 64 73 856
509 649 643 329 31 569
481 996 825 842 28 198
469 499 351 67 32 665
218 652 469 899 23 944
164 833 508 101 49 137
707 1000 402 581 47 290
13 531 452 455 11 643
794 933 19 525 80 362
636 113 355 78 46 214
918 473 310 72 42 625
516 118 458 532 13 80
897 619 24 453 10 811
445 868 236 246 10 390
461 884 256 815 15 716
46 5 916 934 60 110
505 406 473 875 28 151
18 630 368 931 0 592
566 987 463 921 87 78
774 630 977 280 63 876
737 747 750 282 19 597
720 961 854 278 82 676
948 270 664 48 32 896
589 65 571 922 46 275
433 117 499 857 61 552
46 457 485 297 33 136
121 432 27 939 19 756
130 635 782 344 2 979
748 112 73 352 43 981
57 11 411 724 41 346
602 516 872 366 84 451
481 381 327 613 73 329
66 100 551 393 57 467
444 616 721 206 30 57
415 607 294 598 41 117
994 858 309 504 54 918
768 487 548 419 20 309
797 302 229 602 30 83
573 210 32 673 86 220
977 926 670 202 16 940
647 813 299 691 79 338
962 43 6 361 16 390
439 711 200 72 65 155
234 518 1 699 28 620
19 222 753 89 36 297
566 672 452 285 38 24
157 541 735 623 55 461
675 555 639 287 10 316
822 62 646 631 4 956
82 164 950 170 18 583
550 947 665 683 2 915
487 482 202 785 69 105
230 602 802 916 51 327
39 848 401 75 0 181
166 497 549 961 19 35
586 107 4 364 65 924
609 167 123 946 5 619
218 360 171 257 74 110
384 708 703 511 45 717
346 702 989 144 62 605
817 173 5 26 2 838
961 440 256 10 20 636
746 430 59 769 65 60
819 553 130 916 11 366
177 834 171 682 40 136
926 862 697 935 75 635
944 881 770 658 70 607
934 434 442 640 74 584
641 550 135 799 54 325
917 99 547 390 47 27
121 458 909 127 33 534
409 668 34 612 12 927
949 250 790 444 2 182
619 540 926 153 22 191
394 728 877 676 13 538
348 754 865 419 66 172
827 182 842 50 65 423
363 321 962 526 24 820
797 212 357 687 75 438
761 748 130 89 69 271
512 920 77 926 58 500
277 114 658 428 24 914
30 878 951 657 11 760
485 844 435 59 24 507
148 608 686 282 8 594
404 430 976 211 43 860
698 443 819 641 41 801
231 860 176 846 75 800
852 696 135 231 24 448
676 271 691 231 88 797
958 913 954 475 70 946
751 574 808 571 84 491
479 671 301 451 51 917
828 207 792 415 67 715
738 962 932 624 8 248
335 119 897 717 45 180
401 562 867 472 89 394
606 188 487 359 2 989
949 52 252 700 32 529
143 867 149 743 66 447
815 213 192 774 74 466
896 687 100 700 15 299
349 440 611 6 84 516
82 517 811 466 84 517
401 610 148 155 57 466
601 972 399 778 3 125
995 431 737 658 71 772
216 341 122 331 12 203
354 739 652 68 7 791
388 611 153 861 51 283
434 548 612 107 0 442
944 766 743 957 68 702
86 767 869 859 10 134
669 504 964 429 10 188
54 479 212 166 40 55
419 755 305 603 38 64
153 551 319 134 52 0
393 42 656 289 58 793
275 949 103 816 54 925
945 693 529 434 73 408
178 720 372 685 30 161
534 199 773 524 87 414
482 902 517 417 70 882
323 714 555 727 11 214
841 865 852 666 24 928
363 642 979 554 44 885
877 632 735 116 39 363
389 665 415 399 52 258
201 583 750 3 2 377
868 175 394 796 19 727
665 747 920 529 18 119
216 183 815 505 82 19
909 390 243 195 14 916
918 102 176 713 88 317
249 99 716 35 67 54
710 545 641 579 84 639
109 774 540 983 2 826
39 323 869 234 18 208
333 82 254 250 75 947
587 274 858 961 45 738
52 883 252 578 76 679
901 241 331 840 46 97
132 905 392 492 87 83
953 686 722 499 52 689
736 623 285 398 40 740
861 805 275 788 10 102
72 764 313 333 51 42
979 820 474 264 8 149
96 177 478 511 71 775
193 259 712 279 67 322
672 23 830 552 52 168
384 466 923 151 75 939
557 196 476 233 32 871
838 439 853 542 53 862
524 801 0 56 84 474
729 232 604 521 68 585
974 186 552 587 66 173
780 655 244 121 47 793
523 591 908 609 32 991
730 848 414 259 8 110
267 846 379 560 31 670
427 522 200 868 43 721
783 822 726 422 24 835
85 151 903 891 37 877
281 372 963 377 73 414
569 297 804 400 77 932
899 471 401 959 78 491
543 478 629 638 47 582
677 985 233 210 52 812
795 536 36 43 26 308
474 136 572 496 66 81
195 370 256 562 61 708
885 196 10 61 78 876
463 166 821 513 16 462
72 187 583 292 33 635
204 830 307 161 56 12
424 579 334 728 70 568
579 281 23 849 66 790
33 898 691 422 56 605
487 554 732 81 35 880
115 36 387 83 42 628
192 244 704 366 47 393
797 687 821 601 79 164
40 862 733 814 83 616
3 865 490 104 51 523
159 915 164 633 75 61
670 856 479 590 44 24
919 240 478 516 85 989
7 77 894 345 10 394
391 76 579 738 6 780
194 463 680 984 70 805
86 735 662 351 45 617
611 794 365 810 83 152
924 397 262 354 26 451
533 215 988 467 56 200
611 620 51 974 29 9
121 677 775 433 8 100
436 482 847 371 50 771
561 522 31 871 44 463
961 44 440 51 67 341
304 691 192 595 82 726
49 854 945 92 36 484
550 90 97 583 27 971
351 614 701 968 87 288
421 698 191 388 53 534
536 933 52 280 8 439
634 699 660 156 62 878
388 99 816 69 75 486
980 639 372 586 40 83
276 340 762 535 5 164
476 49 943 182 32 115
493 726 88 129 26 453
726 325 315 498 41 588
573 91 574 791 76 901
785 814 884 743 57 261
830 735 938 881 47 40
672 94 448 170 40 738
191 525 838 933 45 297
624 272 93 36 53 31
717 182 942 771 5 729
221 843 562 636 14 612
202 6 630 790 9 217
661 188 670 987 3 402
761 153 55 333 57 369
655 208 958 151 0 836
517 777 603 31 6 349
787 788 982 911 44 643
181 862 163 789 36 159
544 889 442 629 38 354
699 469 100 710 17 582
770 998 756 571 86 744
66 311 396 790 78 958
876 389 670 707 80 466
903 163 83 477 63 337
857 319 97 194 71 29
542 501 866 423 65 246
928 683 548 162 11 8
70 26 660 729 74 299
502 979 280 267 33 940
70 331 747 872 25 313
197 572 693 617 9 813
714 864 259 188 43 263
627 231 424 193 21 273
369 699 866 361 21 495
915 729 167 721 71 848
909 168 740 696 24 32
94 981 409 128 63 372
690 455 221 293 8 530
953 721 970 287 71 655
337 484 991 207 72 569
295 62 634 579 32 35
417 189 102 684 30 372
143 484 26 58 29 975
506 155 792 276 86 855
39 867 472 574 84 154
228 31 715 305 17 14
331 50 642 55 14 719
476 790 8 519 69 143
148 162 538 499 32 347
298 918 505 170 58 170
684 507 661 718 41 642
722 17 379 826 82 577
429 262 103 900 80 94
278 35 562 228 85 865
59 469 803 277 68 375
964 346 471 346 7 348
945 930 289 850 87 135
18 381 808 440 85 284
464 573 917 66 29 697
102 217 575 479 54 859
747 648 876 687 82 145
277 629 870 583 66 423
917 746 123 705 71 182
569 565 590 416 17 591
490 142 838 205 49 955
898 777 795 451 62 400
238 268 81 380 71 609
755 462 191 967 58 609
599 304 959 626 67 812
171 249 58 323 65 470
563 899 858 647 75 777
311 671 821 699 85 928
898 884 142 909 1 461
375 418 491 836 39 91
639 550 137 463 83 598
480 184 305 651 82 166
883 604 256 251 84 45
720 738 82 660 38 599
171 309 733 411 38 620
778 65 118 119 44 203
43 575 634 825 5 91
179 942 797 596 80 326
788 785 656 290 19 360
649 177 617 293 40 775
904 148 570 88 27 96
928 2 847 995 44 233
395 58 205 542 21 79
948 612 759 743 64 223
713 596 435 251 24 470
390 803 65 634 77 382
976 755 810 201 83 895
343 899 118 28 83 833
929 254 251 702 84 852
100 717 317 432 27 815
136 978 612 328 5 365
17 323 234 930 77 465
942 11 833 488 43 52
876 551 110 644 66 679
907 140 17 114 14 923
244 921 579 75 67 433
681 289 865 162 33 144
32 549 814 413 64 651
641 938 687 111 27 816
726 967 704 967 65 821
41 888 502 573 85 464
605 394 171 839 5 11
7 977 717 290 11 410
774 55 344 667 70 690
280 350 357 422 13 521
830 433 7 921 60 913
403 842 965 868 34 28
696 70 521 669 9 879
822 712 987 669 81 91
343 545 309 32 36 698
309 575 774 114 10 678
0 632 958 696 65 346
120 794 221 97 58 3
850 373 95 807 89 309
392 862 562 579 56 333
265 849 318 455 59 239
505 407 939 623 76 371
223 857 743 568 47 143
391 425 9 434 53 627
782 434 95 595 6 169
187 116 170 166 31 302
278 275 681 701 87 905
87 377 830 895 3 125
329 530 163 395 14 357
824 447 596 169 19 318
698 237 637 590 66 299
889 566 355 910 6 539
678 797 312 930 72 630
328 672 822 68 15 24
833 328 834 21 14 613
840 150 399 566 50 532
689 601 283 732 11 439
825 563 32 310 76 769
372 358 820 171 46 547
76 934 156 918 11 996
107 372 117 217 46 372
945 750 870 726 42 330
96 409 846 587 88 833
43 218 93 178 21 941
399 458 850 371 69 851
845 559 651 344 66 850
211 137 949 780 43 487
2 174 78 482 9 384
260 42 850 471 39 956
647 492 277 963 85 583
977 23 179 324 49 764
622 10 222 662 77 865
618 966 338 850 42 585
199 710 434 57 58 166
628 519 616 601 38 135
708 436 160 741 4 497
268 502 886 963 72 398
334 163 958 845 29 461
801 291 107 568 21 868
341 186 761 88 47 658
469 434 941 272 38 240
41 270 444 582 3 213
955 25 895 197 74 30
999 629 488 446 25 742
125 997 651 710 10 992
220 260 478 423 79 41
528 455 541 466 49 993
422 696 900 254 59 581
398 498 563 724 80 56
931 577 83 404 66 519
783 608 830 30 33 756
290 667 5 4 18 441
862 723 955 186 71 914
310 982 245 389 61 364
604 431 555 982 63 667
988 565 478 545 82 716
543 408 871 652 54 468
581 240 607 38 4 995
694 272 366 313 3 369
13 167 938 550 68 724
475 390 139 755 59 109
803 531 713 140 80 961
935 895 94 986 39 36
813 903 793 595 56 220
596 236 915 726 68 707
305 953 384 862 51 20
860 995 217 727 7 237
93 137 367 548 14 532
113 437 547 321 78 977
948 784 87 759 47 861
495 399 385 956 62 979
898 627 294 216 10 439
682 486 813 659 17 927
649 371 419 608 36 745
29 418 182 470 51 788
992 124 415 443 17 204
9 415 802 715 62 323
833 784 31 394 35 568
60 27 527 769 34 867
354 423 647 128 40 358
732 617 8 519 15 377
719 618 627 18 9 115
386 843 398 169 88 674
812 341 569 834 72 172
676 25 408 283 55 111
625 602 878 561 50 510
573 86 782 87 4 497
113 410 686 964 16 906
863 976 583 996 21 95
698 867 356 160 4 125
792 991 35 126 18 834
980 269 628 685 31 252
848 323 164 222 39 494
742 38 850 847 80 464
634 331 51 855 67 674
941 46 735 61 43 603
267 642 151 150 73 652
57 529 669 896 44 784
906 62 931 420 53 978
977 222 785 80 1 23
682 576 897 115 59 629
470 666 778 525 7 450
624 222 45 374 54 962
279 744 821 545 23 64
93 678 803 136 75 419
953 541 884 18 6 313
685 580 675 353 50 978
657 397 333 3 87 819
708 286 8 208 69 779
523 730 824 585 82 596
957 722 647 496 63 91
397 712 251 189 62 839
843 295 630 388 3 877
321 246 854 548 2 63
758 507 622 745 10 664
612 887 500 655 61 808
39 869 338 896 80 203
45 393 709 666 83 485
957 125 964 399 68 522
363 525 81 562 64 108
769 428 307 789 36 454
161 375 517 684 71 653
182 164 355 577 80 537
119 168 918 810 84 669
329 497 847 935 35 324
547 826 949 408 17 463
864 427 572 465 84 678
326 907 954 967 80 723
770 214 244 308 17 412
507 623 189 920 35 829
84 420 91 481 26 890
143 568 214 702 1 373
986 600 614 884 69 691
294 642 587 706 69 428
478 722 451 761 47 331
625 245 827 654 34 93
296 891 804 611 9 247
598 324 112 821 13 555
665 678 520 578 89 837
913 192 234 954 55 557
144 525 646 261 42 217
627 194 934 377 3 586
921 135 112 609 70 649
203 321 63 832 11 426
758 598 88 139 14 148
733 731 766 954 15 817
103 135 592 160 48 755
560 839 396 31 86 994
884 862 13 926 4 210
728 201 812 740 66 686
31 802 415 760 55 406
845 768 418 952 16 808
940 596 783 170 50 972
320 376 420 486 22 651
820 841 745 731 41 634
323 373 671 741 45 668
209 921 792 181 26 683
330 231 805 599 1 218
889 369 583 662 40 850
726 748 396 782 34 635
912 383 585 343 25 265
617 48 445 939 43 900
631 23 71 878 27 839
823 79 693 257 0 935
276 877 328 104 54 456
865 535 4 149 6 98
969 535 894 327 80 732
786 352 483 770 84 895
951 236 675 160 71 816
665 858 885 604 22 189
281 224 928 504 20 780
901 492 496 189 9 296
377 70 318 592 32 535
551 722 771 275 75 310
424 130 585 298 56 994
408 231 769 189 49 791
964 654 775 962 31 244
908 894 770 117 0 619
845 693 488 909 57 993
523 186 385 179 17 254
180 971 201 639 54 282
926 783 991 775 22 30
992 225 427 209 6 616
924 932 436 564 35 219
916 209 261 867 40 118
9 994 695 699 36 692
524 584 731 203 21 135
254 53 430 540 2 779
719 299 373 324 57 869
319 967 339 989 50 722
39 780 506 446 24 132
429 474 637 886 52 588
761 315 846 199 86 124
358 100 146 542 18 952
305 435 378 587 11 381
792 539 93 422 30 862
641 809 718 38 84 517
768 999 45 331 21 705
225 324 687 402 54 291
415 639 246 117 50 491
377 404 332 876 23 750
765 716 82 876 45 854
10 424 268 965 40 741
77 365 480 20 36 677
203 229 946 416 5 16
870 148 669 248 85 691
303 177 273 837 57 392
726 484 988 474 85 719
5 5 919 268 12 20
854 958 269 176 71 348
220 923 670 416 86 777
459 212 730 316 49 829
529 869 261 504 71 41
81 649 371 69 3 800
548 695 356 829 77 770
318 582 454 999 27 131
692 248 596 43 65 755
639 715 871 46 32 695
578 825 46 4 11 237
437 886 20 852 47 211
616 378 834 642 27 738
956 956 194 282 15 543
305 63 356 821 52 950
346 478 485 912 31 866
238 263 82 471 10 875
797 390 793 251 39 998
970 162 748 445 25 99
462 443 712 39 87 945
594 174 600 576 52 109
824 360 844 703 41 280
181 117 256 276 53 953
65 874 445 257 10 398
146 999 842 706 7 232
130 754 279 414 65 960
89 515 158 109 20 521
308 806 120 513 58 939
742 20 867 286 73 675
415 449 478 75 61 654
353 699 22 418 12 267
41 32 863 325 53 952
78 948 672 542 39 479
724 388 261 871 66 363
871 688 772 886 76 207
507 338 412 1001 72 524
759 274 242 39 9 923
918 910 995 565 12 489
511 51 722 577 51 978
187 905 962 368 18 751
314 283 343 143 46 475
288 225 966 194 35 771
319 195 721 383 21 676
353 895 133 249 20 696
783 286 377 171 7 46
986 183 330 668 36 669
933 748 834 631 26 561
110 483 567 90 77 630
711 904 816 239 25 725
194 695 276 864 43 951
195 9 238 985 75 945
974 848 868 471 49 462
673 470 26 75 81 457
184 471 250 33 77 487
177 650 237 42 44 829
280 871 880 435 72 475
674 892 520 299 54 354
709 956 337 605 43 527
104 111 565 245 8 127
963 582 520 834 17 769
36 520 923 935 11 597
373 578 163 691 10 963
917 414 409 1000 4 544
504 580 652 149 7 33
624 877 205 177 6 118
910 735 929 889 7 343
441 314 798 143 1 429
82 969 734 478 45 547
514 298 972 659 84 525
538 113 417 192 8 641
396 16 301 144 20 188
231 550 218 636 67 548
470 819 849 734 3 952
797 262 86 87 9 59
733 879 178 671 39 68
534 301 932 579 57 335
819 881 259 554 27 796
559 535 613 161 11 354
16 828 417 410 62 395
164 385 922 590 62 765
592 685 139 922 21 543
98 800 470 792 24 468
848 413 322 284 5 592
293 215 492 935 48 16
31 257 375 211 41 114
423 542 420 752 63 463
549 716 568 446 14 540
689 326 414 923 24 763
820 557 19 850 50 453
261 268 1 791 15 29
590 553 892 688 13 119
9 75 544 595 61 141
641 201 559 122 27 286
375 313 393 523 15 70
487 681 836 150 35 993
624 427 327 465 44 149
920 631 802 323 34 266
138 478 237 207 13 133
168 938 214 478 16 975
974 332 905 25 3 360
853 789 155 507 14 947
511 96 292 215 8 699
10 536 217 790 83 529
783 471 838 967 6 96
84 637 346 348 16 276
867 450 12 298 43 581
49 955 327 123 89 252
656 360 635 303 54 439
634 88 886 878 38 579
314 644 412 943 54 958
90 111 456 222 88 397
855 98 602 867 83 722
926 170 802 112 51 205
437 340 826 412 31 795
685 790 981 807 87 769
303 256 724 849 22 385
30 505 448 817 52 311
633 994 409 293 35 666
224 501 583 722 26 558
100 665 566 361 59 329
474 422 426 943 58 462
448 455 490 609 11 242
619 243 77 598 61 951
