110
424 479 256 478 85 387
282 485 433 797 29 822
332 706 550 662 44 535
583 656 522 643 49 555
377 658 862 733 73 306
66 392 157 490 43 278
364 589 420 248 79 144
662 131 614 300 39 990
652 614 706 962 50 217
493 568 120 533 40 664
965 153 987 813 35 897
551 225 557 416 20 246
742 199 665 600 82 322
609 540 755 758 41 486
547 609 417 566 59 250
122 999 288 884 75 279
21 696 768 573 12 502
882 822 164 369 82 697
99 501 338 553 72 449
998 258 645 428 85 970
894 369 339 559 79 264
458 692 619 109 36 364
582 766 173 927 4 995
53 509 503 859 21 165
935 696 54 877 78 995
779 8 494 439 23 862
841 579 474 301 34 733
68 588 228 822 37 70
108 58 150 442 0 707
219 911 477 282 44 804
219 899 640 771 2 846
312 962 400 728 32 346
392 933 317 567 49 666
611 510 121 116 40 211
325 884 667 455 31 300
49 905 23 774 55 531
377 889 19 533 38 596
807 934 54 469 47 637
670 598 805 680 45 527
254 51 642 226 84 612
656 915 274 210 55 366
662 313 442 91 2 230
90 669 264 147 77 404
16 48 95 381 70 887
104 895 136 183 33 318
70 596 511 372 74 966
194 826 358 693 1 805
431 278 825 874 73 440
336 244 405 109 67 681
942 250 202 769 31 537
249 474 716 504 15 271
955 913 971 248 86 870
953 28 314 311 46 709
269 260 305 314 21 613
225 734 454 880 75 605
515 731 669 966 34 87
377 89 222 804 48 479
644 986 614 477 51 469
944 603 447 911 29 417
860 487 282 258 59 326
355 975 553 270 20 514
896 749 955 928 46 206
524 168 72 671 45 924
938 755 490 507 74 691
464 723 514 690 55 642
703 267 144 1001 77 36
583 31 80 778 60 545
294 526 451 46 11 874
179 784 336 607 7 774
345 272 212 898 65 385
880 364 469 438 66 77
760 1001 472 589 67 871
335 627 62 282 80 496
954 924 453 921 35 761
367 266 499 312 69 508
939 344 906 655 62 826
60 825 139 187 7 668
929 878 147 282 11 650
832 339 237 830 69 747
258 345 203 705 60 339
497 662 324 591 22 431
381 115 998 280 38 899
593 644 269 790 27 829
596 245 334 880 64 858
890 551 672 207 28 290
748 884 647 892 86 325
938 469 457 361 15 363
737 194 17 507 72 5
865 808 603 138 35 210
976 347 800 59 22 531
256 563 897 839 30 301
181 75 469 816 59 935
968 581 337 590 22 864
896 831 822 237 73 156
72 763 443 757 78 284
62 671 605 505 64 98
800 964 174 97 7 474
681 725 860 968 26 41
419 172 447 219 43 141
179 409 911 91 61 992
308 601 411 240 36 907
526 435 816 546 78 41
258 324 597 548 82 307
419 167 419 210 32 780
65 319 893 63 48 932
937 972 750 59 82 469
887 983 994 611 43 220
70 860 490 284 43 863
611 579 452 706 68 830
258 35 537 344 60 386
