449
155 441 842 893 32 746
566 708 520 513 38 932
518 663 901 35 68 874
468 391 732 60 22 516
575 295 432 504 25 511
652 895 919 424 70 118
800 852 968 386 50 916
578 857 537 278 79 829
196 930 485 619 45 916
165 757 984 683 83 206
802 641 824 282 85 56
67 25 411 214 20 950
656 379 820 147 19 89
359 902 12 856 17 242
120 413 617 983 19 355
566 112 368 51 5 713
110 465 797 842 54 726
868 200 566 9 14 824
202 551 381 387 47 497
575 170 868 536 11 294
908 167 610 215 55 908
562 92 534 570 20 199
541 280 549 151 62 899
268 305 119 983 63 463
65 499 65 590 72 160
194 40 116 229 71 573
198 422 578 164 13 657
405 466 206 103 73 662
643 249 166 291 65 486
548 529 600 992 27 432
903 523 140 550 88 164
203 324 61 876 25 825
452 190 85 309 62 362
31 289 86 733 22 917
258 103 574 610 59 529
201 71 530 932 13 124
698 612 334 948 80 910
906 663 530 867 81 539
797 6 547 387 73 133
477 142 62 212 15 48
456 288 217 273 7 741
632 274 758 971 44 785
917 64 131 754 30 939
775 187 757 854 16 483
126 221 889 385 40 193
981 424 321 492 81 405
943 581 735 194 34 404
361 813 821 541 64 712
231 782 589 826 33 947
911 884 337 870 26 421
833 340 597 715 28 107
703 898 646 805 19 508
224 97 882 642 5 250
372 996 716 691 8 152
294 145 789 526 62 437
276 528 70 4 57 731
165 785 968 930 28 227
512 255 376 742 30 802
314 95 922 437 45 958
81 828 548 963 16 99
418 399 403 863 9 10
964 789 374 37 24 395
368 93 14 112 48 302
696 251 253 491 59 55
753 188 786 535 34 666
176 402 56 210 64 116
823 318 210 623 58 688
937 113 386 285 61 895
487 14 252 137 46 157
985 104 634 845 51 326
290 631 314 949 5 439
450 408 173 918 47 568
555 561 832 265 32 802
875 289 816 628 39 821
945 151 312 356 6 83
810 200 350 915 45 830
641 149 20 410 48 994
617 984 380 405 36 109
71 485 366 824 77 914
946 148 113 140 15 664
764 808 100 916 67 118
254 838 826 510 21 755
340 338 944 916 28 96
982 940 819 970 64 121
946 420 80 949 2 942
619 759 497 975 56 89
598 479 69 797 74 685
794 675 934 992 26 29
863 75 294 274 27 918
837 383 805 459 31 817
156 309 850 283 56 169
879 519 3 204 17 202
594 961 991 883 63 165
508 782 437 25 25 325
856 494 784 110 29 368
347 132 639 952 8 104
883 420 504 753 31 79
533 71 698 103 64 724
424 397 492 838 28 823
121 698 810 63 77 101
521 17 805 306 72 825
758 862 366 245 47 931
866 307 860 44 33 7
651 573 917 948 43 747
759 721 531 337 21 182
917 689 689 539 89 319
922 669 781 749 76 984
744 867 438 599 23 755
875 561 797 456 78 466
541 874 427 784 26 740
846 812 938 213 83 350
301 481 149 773 26 578
284 357 380 357 58 524
806 445 65 767 13 957
9 903 341 552 1 580
71 414 177 778 76 768
831 395 88 438 74 21
506 77 584 269 1 780
101 106 551 807 22 128
711 363 400 650 13 525
155 127 403 566 2 504
609 187 433 642 71 450
937 180 807 422 58 881
753 921 955 661 61 112
251 274 695 40 11 963
87 616 577 62 3 66
128 980 497 267 39 838
291 912 872 410 16 51
628 932 618 40 67 894
973 566 776 826 2 87
132 619 662 639 44 97
462 660 85 968 64 264
695 519 478 100 36 66
849 709 462 277 21 217
447 255 508 911 87 529
43 226 338 809 45 584
259 705 671 401 49 487
205 632 864 240 12 208
950 727 100 737 57 728
751 921 749 514 53 294
277 639 505 939 1 308
372 39 262 46 21 375
658 533 699 992 38 94
51 611 42 467 43 627
248 105 973 837 57 619
986 382 509 524 71 860
404 883 441 854 7 170
567 648 701 31 5 382
873 462 326 367 7 399
165 828 206 546 73 954
211 793 302 706 17 563
398 426 577 940 69 70
884 453 486 461 6 75
867 741 168 1000 1 2
360 458 559 769 74 76
933 892 688 865 67 286
169 263 654 755 50 437
116 99 67 273 88 697
412 392 183 636 41 900
981 521 235 419 20 183
579 423 672 471 68 877
50 491 392 633 63 794
716 51 868 127 15 964
281 584 99 49 61 252
64 399 959 664 62 196
984 646 104 72 18 553
139 932 653 135 5 809
742 718 322 564 33 807
8 1001 110 635 78 442
953 635 631 511 85 436
46 367 324 365 45 588
952 117 336 268 15 853
919 945 471 554 43 535
414 176 92 428 23 868
788 507 53 162 58 41
812 874 958 951 1 239
842 178 262 584 67 625
68 709 872 311 76 87
212 211 973 818 23 559
351 259 404 182 31 287
149 838 91 47 59 448
1 154 957 496 27 396
942 833 632 44 72 696
53 4 841 670 21 297
579 915 905 431 17 139
589 529 640 281 14 342
463 125 534 522 40 716
268 860 231 648 13 602
670 24 722 269 53 234
874 835 509 400 54 624
256 753 207 693 31 48
528 974 487 531 50 91
975 845 721 200 41 856
343 884 835 222 37 777
493 138 509 215 25 756
853 899 200 308 81 370
688 109 493 744 59 296
333 989 763 277 29 912
73 621 107 753 59 356
362 251 441 416 46 974
572 244 552 574 33 484
491 671 924 971 85 65
979 160 340 12 35 618
757 331 413 64 37 301
336 8 411 364 55 74
2 820 372 578 13 951
257 69 907 197 16 185
529 234 959 247 35 188
820 747 808 456 25 124
524 964 976 893 25 150
89 496 90 293 14 119
927 258 176 924 53 295
662 106 908 931 37 604
34 568 646 119 78 40
752 650 442 865 85 738
42 640 671 90 36 707
301 320 540 852 18 209
39 534 48 875 40 997
462 990 165 263 58 342
566 916 200 733 53 443
466 422 813 742 4 207
839 313 674 397 72 676
361 858 606 433 25 681
51 459 706 886 83 761
549 988 671 565 57 313
804 307 419 325 69 400
167 298 575 716 53 282
751 971 32 281 54 458
473 268 219 773 71 802
854 465 43 645 25 960
247 28 444 338 42 976
356 981 796 311 29 557
969 811 888 209 59 352
602 258 164 670 40 362
122 799 216 485 6 244
212 643 210 292 83 62
372 928 772 901 40 355
845 439 654 148 69 321
662 624 17 135 67 223
829 378 849 264 62 696
351 622 697 41 66 652
368 255 589 864 62 539
499 614 706 84 13 494
772 140 628 787 82 797
185 819 866 708 11 954
247 37 134 320 24 59
394 384 563 799 8 995
244 369 501 488 25 772
484 13 131 99 66 402
107 337 0 394 55 249
595 276 241 46 22 666
943 908 643 326 13 797
495 683 243 346 77 12
36 9 353 19 21 195
434 871 438 461 40 689
18 433 132 810 75 669
366 79 624 173 59 985
95 941 329 300 59 553
674 519 992 444 47 420
188 195 384 640 34 983
19 255 513 974 75 100
637 308 525 631 69 153
376 881 340 102 61 374
365 100 861 525 47 46
513 411 543 75 56 689
869 561 106 687 79 896
288 691 542 108 81 860
338 442 804 126 71 210
26 957 78 249 47 906
369 535 424 397 36 741
27 241 326 673 0 140
356 809 14 393 81 518
863 846 885 744 51 291
501 359 274 244 56 817
562 307 846 37 14 194
674 978 936 732 2 857
103 81 966 401 23 831
924 85 182 503 4 962
751 489 105 157 13 461
393 822 556 778 36 21
785 470 622 643 12 30
657 207 355 276 13 227
963 224 239 495 55 162
164 537 883 715 47 349
774 989 76 357 78 700
379 473 191 418 58 134
25 917 121 85 88 52
587 719 8 406 76 875
675 378 222 1001 28 450
940 679 467 728 57 748
28 945 969 303 89 711
364 94 30 784 56 129
460 801 337 443 64 120
248 351 610 986 89 829
728 508 923 983 78 735
555 946 329 260 47 37
658 686 817 349 27 626
21 478 680 717 14 630
578 552 774 826 65 420
479 514 975 113 85 565
289 103 270 149 64 950
64 730 953 771 8 127
642 251 315 255 42 808
120 939 269 97 25 41
884 289 537 883 9 265
52 811 231 72 85 718
896 775 987 136 48 187
80 513 682 745 49 307
258 150 465 460 78 408
998 879 291 164 75 690
689 326 796 28 26 416
425 307 704 99 12 137
920 890 506 137 28 196
865 195 75 375 63 999
378 676 679 892 46 665
987 447 363 858 40 575
233 72 469 250 65 310
17 420 542 738 21 148
376 675 781 416 66 432
954 591 432 149 87 116
747 765 994 485 57 726
460 220 291 1 20 211
162 476 337 383 21 951
809 407 574 431 73 897
307 588 579 253 29 929
72 119 362 348 79 301
973 448 109 738 71 330
966 76 950 241 66 324
846 794 229 940 60 383
271 738 836 671 0 13
226 2 579 285 59 36
643 135 41 771 44 782
996 723 52 85 11 991
821 862 134 506 0 645
909 833 340 175 26 577
838 182 701 511 58 375
887 243 376 786 29 533
723 998 141 1000 15 234
460 268 401 599 83 497
437 255 704 426 35 838
795 29 218 850 38 295
392 324 551 486 64 704
895 757 329 367 74 18
820 914 293 408 1 53
512 794 166 522 50 385
570 230 59 557 37 672
204 677 460 277 80 958
508 322 489 979 0 834
569 808 9 794 61 464
675 835 302 706 85 687
260 977 592 451 10 766
694 880 190 480 88 899
719 337 691 616 71 862
526 165 664 926 24 975
772 364 894 50 64 787
724 184 294 216 75 196
296 838 397 539 35 325
658 926 355 845 44 953
26 35 953 44 22 102
853 379 380 303 83 998
344 14 864 584 48 860
667 991 386 265 28 78
439 159 176 942 88 564
849 168 704 180 7 447
663 108 235 382 80 416
285 79 330 220 67 805
185 612 981 664 13 872
280 52 510 30 73 450
136 11 24 881 66 383
135 253 6 880 74 712
398 682 500 969 3 794
537 572 933 592 5 98
2 57 23 152 58 127
364 162 479 931 52 83
720 736 706 91 0 894
944 598 997 70 11 42
934 614 220 106 36 60
612 210 995 289 24 476
202 63 209 540 74 372
501 977 473 163 86 464
80 807 67 140 43 960
999 54 761 229 80 93
829 391 124 177 0 862
107 54 609 398 68 599
441 5 641 31 78 532
93 107 693 307 25 976
164 798 753 48 82 309
328 885 985 282 36 933
229 907 563 599 32 429
59 963 513 672 32 333
888 996 989 586 83 262
31 158 25 993 51 538
92 331 711 943 33 230
428 906 850 620 43 532
241 228 682 143 88 207
466 157 899 577 18 174
333 88 81 296 4 85
191 935 216 508 66 553
626 256 382 987 3 782
610 255 858 907 77 105
527 508 346 790 21 25
168 955 1 368 67 952
887 152 179 206 50 987
862 783 239 860 1 782
155 509 962 652 31 162
853 62 868 834 37 617
27 908 578 177 82 738
398 283 661 457 38 810
155 288 869 671 40 253
179 98 196 237 37 868
373 59 620 512 24 377
768 454 178 949 13 875
516 11 131 926 12 366
899 870 442 985 57 691
453 830 684 661 47 992
559 326 395 54 59 545
315 84 84 113 67 630
552 725 576 547 72 145
91 505 678 582 15 647
199 463 806 873 30 115
819 883 808 982 11 284
183 396 956 701 72 245
493 38 572 151 22 883
219 228 879 155 16 905
545 36 13 688 11 536
295 263 300 847 67 850
321 101 457 227 68 100
560 415 628 951 54 691
423 617 644 112 32 922
710 479 626 530 46 367
30 63 597 533 15 657
732 777 708 842 42 187
433 847 794 424 83 184
308 611 308 514 44 290
972 645 162 789 88 822
923 256 277 248 2 728
363 181 751 437 25 872
819 714 626 998 65 898
32 197 592 748 24 901
354 951 143 539 7 595
578 858 232 557 21 162
147 13 450 861 46 619
803 872 802 62 83 175
476 115 961 921 70 640
919 289 158 357 78 615
896 614 947 16 49 885
570 129 657 139 81 483
828 736 479 350 76 122
146 886 518 76 86 862
