985
158 155 218 578 78 524
501 874 128 970 38 212
24 408 482 988 42 17
968 555 5 56 63 167
927 86 821 596 17 100
443 757 740 848 7 49
617 840 669 196 47 958
254 389 222 233 67 231
492 373 66 471 29 937
481 789 203 512 11 5
534 121 975 884 31 239
943 317 860 109 6 167
374 768 234 121 71 159
220 949 822 914 38 314
592 883 15 780 76 380
812 967 25 88 75 980
209 958 871 6 31 133
271 683 606 795 48 325
279 1000 293 221 30 190
549 268 122 676 30 18
525 522 132 716 43 618
739 270 433 235 58 276
101 334 285 35 53 70
958 257 803 333 61 598
776 924 614 420 50 47
264 182 73 985 16 740
185 459 346 358 47 101
238 638 122 461 76 771
171 509 932 387 37 290
215 11 334 306 4 715
784 516 817 714 58 406
54 786 328 381 16 283
86 811 504 19 36 559
892 796 914 383 74 540
609 581 925 930 42 564
404 154 957 457 72 56
112 643 283 103 60 338
857 808 715 512 16 93
158 185 333 712 57 84
492 284 139 754 30 784
17 766 404 226 85 459
725 136 684 620 41 974
459 868 456 949 24 193
96 851 292 853 3 437
186 111 0 551 5 734
40 635 465 863 30 618
891 906 880 77 73 459
166 463 623 728 24 777
305 861 634 412 14 762
84 56 414 305 64 529
7 599 508 74 52 10
616 161 95 801 68 186
361 854 117 418 15 805
726 458 753 957 41 108
522 758 277 910 44 351
568 804 789 585 14 400
228 122 652 16 10 871
661 186 923 671 52 741
887 271 554 528 81 56
493 801 818 528 79 959
393 526 571 720 12 383
651 37 426 664 83 128
118 897 567 679 48 830
18 895 226 964 22 451
616 791 115 444 55 84
628 388 684 675 55 36
792 655 483 183 63 719
340 928 519 294 24 885
556 425 14 653 46 50
748 404 730 24 58 917
383 467 971 448 46 468
518 804 764 798 69 743
671 300 821 260 73 957
769 620 759 77 37 117
357 930 375 306 73 290
85 94 421 697 52 567
926 896 258 492 82 985
345 487 836 884 13 597
692 350 845 512 70 568
738 980 314 365 2 123
102 476 27 157 13 0
102 705 305 997 49 380
737 434 20 458 63 236
80 483 422 828 89 492
749 705 843 16 74 898
596 404 693 740 84 173
584 273 145 943 19 864
629 192 407 924 18 647
83 465 646 216 38 239
508 518 145 429 74 860
372 500 696 60 1 702
600 922 35 776 49 348
359 892 239 972 7 578
683 911 694 314 71 812
181 761 893 544 88 194
166 8 925 454 50 420
522 881 824 952 12 109
870 79 898 249 86 224
448 892 698 120 87 730
203 194 278 973 41 755
173 586 171 70 53 523
263 516 651 353 39 912
59 429 146 722 83 642
720 301 518 993 22 591
147 670 396 633 74 206
208 52 187 178 53 288
548 342 127 613 2 706
486 128 1 891 79 907
245 304 582 24 61 175
669 747 601 140 6 450
57 134 970 760 83 663
558 296 217 61 39 10
910 210 722 407 82 380
322 162 403 227 69 580
992 683 426 24 37 524
708 968 154 593 68 619
895 216 716 114 61 257
368 83 915 242 27 123
524 469 921 1001 84 665
972 651 735 710 17 49
210 125 398 692 35 681
436 18 545 108 58 423
370 76 172 561 85 977
800 538 501 617 11 289
896 882 833 792 18 695
170 48 233 970 85 771
512 99 524 453 86 581
541 71 963 630 55 77
422 317 349 360 1 648
354 848 617 127 69 72
771 845 622 508 60 870
247 691 273 722 35 268
732 966 55 822 52 649
696 959 704 62 17 578
413 460 259 290 65 896
14 963 157 893 64 99
258 734 802 211 33 447
607 637 97 41 46 371
194 392 518 259 74 352
355 532 257 974 20 142
422 418 840 452 0 142
593 839 60 102 58 571
526 284 554 772 30 665
326 612 311 771 49 54
430 346 634 222 46 359
113 188 975 392 13 449
658 731 635 497 53 975
391 939 836 680 29 420
406 637 581 126 79 772
7 988 984 144 72 896
76 495 275 68 45 987
249 413 229 154 7 275
138 860 602 91 36 112
844 587 847 808 1 959
500 103 593 43 20 978
110 863 463 673 71 136
8 92 840 227 78 44
810 716 319 67 32 378
176 933 225 503 81 462
157 625 783 77 35 604
872 640 950 557 75 563
981 568 589 791 31 339
367 195 418 861 83 281
151 915 81 441 38 864
953 933 706 356 7 778
80 735 569 153 79 874
216 438 147 697 1 118
438 154 864 831 47 673
28 361 901 13 32 230
94 306 83 456 20 622
394 459 360 716 9 718
818 735 980 610 52 632
457 57 786 648 88 132
334 709 237 389 33 900
209 776 726 124 4 308
19 891 527 177 58 843
845 887 513 901 53 164
810 110 526 766 11 268
83 21 459 13 31 984
742 653 601 261 1 259
384 166 320 622 47 710
16 467 465 984 24 55
575 917 104 586 47 85
530 64 822 167 87 303
157 861 434 388 38 676
490 527 788 719 60 540
362 699 372 272 79 801
915 124 776 614 20 593
966 279 931 63 85 274
740 378 501 620 20 723
854 151 388 84 70 543
595 143 823 42 81 827
456 527 19 838 74 408
413 354 349 19 82 913
344 606 950 776 57 818
608 465 912 540 70 168
594 228 496 450 64 554
785 380 470 914 32 557
882 571 667 615 14 639
745 766 342 752 86 697
782 275 335 553 34 257
959 70 297 725 74 18
274 862 67 879 72 722
667 355 617 438 19 759
167 626 656 400 22 654
344 174 979 613 28 260
886 376 39 358 18 978
472 207 836 547 82 277
916 400 542 320 40 636
300 165 894 351 33 620
165 894 212 470 12 78
685 642 264 946 77 358
520 799 445 670 69 554
29 78 17 5 65 138
39 548 130 796 38 78
901 883 13 194 69 759
405 593 153 222 15 593
90 890 208 966 68 130
632 843 321 105 49 392
560 919 3 6 16 56
406 205 555 174 76 211
126 38 693 53 54 949
943 362 625 225 13 605
597 383 616 271 78 559
887 648 675 247 83 272
665 905 310 745 21 158
414 558 375 284 50 894
923 394 708 783 17 334
552 813 724 551 18 762
108 305 273 756 89 528
562 245 301 191 86 80
998 551 909 63 80 875
246 897 124 182 67 227
243 357 541 507 12 596
82 700 246 405 4 545
949 547 366 912 27 268
279 957 761 753 6 316
902 262 43 227 59 704
92 489 64 323 9 561
981 85 352 565 87 914
77 864 926 284 16 74
625 847 340 715 37 736
447 431 298 868 75 764
52 59 413 616 15 138
190 169 691 183 82 852
405 924 485 1 0 997
273 305 489 84 53 796
50 184 963 66 62 263
966 642 688 244 9 1
910 815 146 454 37 926
156 214 241 842 52 383
947 542 504 156 9 955
419 484 532 862 63 708
756 586 273 56 86 606
644 727 365 934 28 347
659 725 877 851 21 938
91 497 358 934 78 623
703 843 857 886 22 258
979 194 743 191 41 322
603 543 230 135 41 388
955 704 209 121 41 172
869 142 577 64 19 177
237 865 742 392 59 189
163 477 595 481 30 579
637 185 256 436 55 677
332 357 365 665 24 798
284 696 291 67 15 482
568 341 273 147 40 614
524 152 80 349 38 673
707 558 196 365 31 859
217 1 985 525 25 284
893 848 419 184 45 312
525 504 488 864 66 75
570 244 647 839 17 839
214 302 806 651 76 371
174 21 506 278 12 567
546 393 608 260 47 57
821 1000 996 158 28 141
957 43 330 332 41 621
867 670 589 840 85 771
964 557 233 459 52 800
357 880 936 714 31 701
42 42 517 560 10 941
124 344 530 948 65 103
648 421 650 198 35 481
638 135 169 418 75 984
57 815 445 545 32 234
627 517 602 58 72 778
311 246 423 480 31 150
30 63 442 196 52 561
227 170 585 420 13 157
952 889 154 604 4 571
252 826 883 981 63 383
2 86 809 37 13 723
810 697 490 342 9 692
700 60 226 864 6 185
757 489 282 376 6 828
554 368 157 105 18 816
657 44 978 91 80 783
868 990 320 764 34 302
729 434 854 780 12 66
471 543 306 686 56 269
598 120 190 464 61 559
198 954 705 466 75 374
318 647 262 745 1 383
258 393 209 961 63 487
585 605 108 56 16 894
478 954 963 905 38 497
610 913 159 529 45 374
869 535 50 898 75 87
741 404 404 247 49 330
35 763 657 642 25 919
653 692 845 570 86 495
576 439 295 740 42 152
757 947 715 467 17 609
885 69 319 695 57 35
378 859 252 373 60 960
589 373 959 878 33 465
279 438 703 63 27 338
287 419 159 202 74 909
194 585 733 256 89 612
288 75 676 107 17 920
229 489 508 354 57 544
668 890 168 83 64 685
313 852 388 654 50 663
152 239 318 531 16 560
202 718 446 673 75 131
164 718 531 66 16 427
88 380 910 935 21 432
770 136 240 623 35 934
378 250 58 498 29 496
238 311 523 727 42 233
911 978 181 921 81 473
515 944 434 216 61 738
612 226 867 983 58 828
127 349 301 426 48 694
465 554 89 567 85 730
746 614 126 417 49 915
603 712 447 453 51 839
79 932 261 272 68 13
369 340 311 492 16 598
646 340 618 722 28 695
340 658 661 717 59 943
625 957 875 513 49 371
515 51 32 324 56 39
42 969 422 837 39 238
216 779 171 237 72 151
359 195 189 979 79 354
633 22 838 38 21 129
833 902 965 964 83 863
492 500 576 505 11 182
960 745 381 464 53 521
884 561 253 760 52 675
846 345 423 572 89 40
29 351 791 185 13 560
430 825 60 199 6 435
515 42 663 708 8 799
266 954 466 905 52 601
443 454 507 864 11 712
789 108 222 778 66 731
883 508 599 256 31 607
969 203 962 746 31 874
126 977 852 453 14 312
697 33 25 195 31 48
374 767 608 281 41 346
363 74 932 198 19 675
770 706 598 606 7 407
743 805 809 874 1 894
23 274 208 270 57 679
616 855 300 487 49 384
335 110 535 689 49 64
372 25 25 813 46 775
869 301 629 872 37 966
347 148 230 57 61 516
626 546 842 150 76 563
687 160 989 253 34 155
352 137 351 853 16 681
157 411 89 466 25 526
881 472 586 362 6 397
606 285 631 495 51 74
270 361 651 648 76 370
589 581 340 841 61 768
60 837 689 242 82 584
100 810 663 746 1 508
122 430 644 960 4 761
396 643 894 908 32 820
738 997 977 254 25 57
500 143 819 149 14 772
844 100 547 101 87 936
191 178 727 863 6 624
772 825 158 587 12 146
91 473 101 367 27 565
265 435 150 44 75 689
859 250 792 578 24 135
169 884 841 607 61 409
493 136 189 362 44 470
800 426 726 346 55 457
332 179 532 930 1 439
812 805 952 892 47 328
535 263 438 264 7 976
187 481 850 438 36 471
569 40 527 239 28 516
963 252 144 433 50 625
629 646 126 455 31 364
306 280 869 949 64 992
866 959 73 98 54 135
723 128 73 819 56 220
848 36 874 262 63 13
377 785 998 15 40 804
836 518 736 86 87 537
851 879 622 486 21 84
208 322 403 896 43 965
69 390 277 802 39 308
673 876 169 150 19 890
621 61 451 348 85 502
882 271 53 512 22 813
335 497 857 640 56 888
549 381 743 643 73 697
629 545 466 392 7 505
308 803 720 553 9 239
983 2 364 528 48 422
261 798 777 298 38 608
721 989 65 49 88 494
456 984 142 729 51 782
316 483 306 904 41 72
467 436 415 642 52 345
461 479 266 436 80 294
693 198 691 300 76 650
343 76 762 919 35 745
130 776 445 609 55 677
799 467 76 765 23 182
13 182 99 532 55 660
389 318 833 643 81 863
20 412 590 371 80 649
875 392 702 518 0 618
592 885 772 466 65 621
124 461 574 911 23 320
380 379 85 649 10 518
99 625 460 203 89 715
901 350 631 387 34 743
313 14 408 747 56 773
111 195 565 998 5 88
958 619 495 758 74 700
867 63 624 634 54 894
831 541 235 592 10 653
82 194 561 859 11 405
184 410 649 942 68 873
796 471 346 633 21 769
729 958 726 746 82 516
422 966 156 358 49 990
233 848 111 270 11 839
54 615 424 287 59 314
408 851 522 755 78 652
896 984 586 140 6 86
219 188 671 341 73 10
735 84 593 121 87 960
171 579 338 684 33 52
724 748 822 727 52 596
733 955 715 596 55 649
780 737 617 804 35 510
722 166 176 467 9 154
447 1 448 177 72 677
209 180 294 870 33 968
299 877 495 944 7 729
386 246 156 787 19 979
691 872 353 56 28 171
763 433 883 288 36 26
63 863 601 297 53 994
104 574 666 194 6 558
950 976 46 970 16 348
664 258 682 334 48 468
405 310 678 762 70 543
484 871 841 400 31 777
717 846 631 185 20 635
858 921 566 169 67 331
996 375 868 808 71 171
467 998 573 949 35 46
598 237 739 94 52 294
217 583 42 525 25 465
246 785 180 228 33 447
388 744 562 723 89 392
241 131 950 528 6 244
426 322 809 741 56 299
296 593 73 337 73 752
480 713 107 973 85 912
196 529 516 192 62 482
678 589 788 773 85 985
839 836 66 15 20 751
114 97 645 825 19 671
69 339 407 728 88 793
591 35 722 252 52 174
245 553 551 234 66 83
316 328 252 465 37 480
550 956 986 166 26 701
27 818 698 909 78 930
724 866 221 936 12 375
358 882 591 447 84 149
206 327 857 785 16 868
715 771 207 938 39 560
506 67 776 427 79 883
462 738 41 830 5 128
110 608 672 620 30 378
857 100 582 140 49 353
272 915 844 654 34 351
908 266 980 85 70 673
689 713 940 165 80 617
128 465 938 902 30 500
312 580 256 3 29 893
98 545 459 977 14 900
373 338 138 1 85 690
748 589 952 337 78 712
138 960 127 513 1 993
361 369 747 865 44 390
925 293 662 372 68 573
531 802 97 178 46 276
545 289 376 637 36 931
542 470 472 137 58 222
531 198 414 979 70 461
89 127 192 224 81 592
331 257 632 940 86 219
672 703 344 698 20 563
31 879 59 490 49 997
606 822 357 436 46 427
182 77 677 364 65 864
259 212 691 737 44 217
877 41 258 538 23 340
844 484 740 988 70 405
420 213 851 961 26 538
0 844 278 218 24 752
681 33 412 211 27 268
310 136 627 859 7 501
629 704 81 205 17 981
940 302 160 784 14 112
466 781 712 302 19 766
746 914 767 789 9 550
364 291 464 310 34 196
391 830 525 19 67 830
954 223 539 827 72 801
358 231 49 668 42 16
432 801 554 138 44 286
144 412 777 304 76 247
528 808 497 572 35 222
452 588 861 689 44 563
479 462 788 639 15 981
762 771 327 657 65 357
688 885 647 689 44 4
404 377 746 826 50 155
860 143 711 913 58 196
10 655 835 311 85 181
137 69 704 590 25 264
120 354 216 486 52 729
22 673 914 315 27 190
705 194 867 950 28 793
835 892 258 655 61 765
411 632 822 380 21 676
878 712 864 218 1 147
531 335 208 802 5 394
630 313 315 529 87 846
945 357 831 961 20 665
914 871 35 329 36 257
615 598 319 60 12 64
325 939 689 995 24 983
707 442 128 983 57 549
991 30 10 698 29 617
901 695 647 301 31 86
283 984 39 704 18 427
119 996 196 28 13 384
88 46 473 794 21 535
624 744 787 869 70 972
929 335 611 272 58 624
244 339 264 57 61 813
466 303 261 308 21 50
418 114 720 428 45 579
744 279 954 498 37 358
749 738 3 310 64 326
966 818 887 539 0 747
857 154 608 116 66 957
628 705 169 709 18 821
534 242 351 139 38 160
444 824 214 529 75 199
466 298 874 9 81 810
710 880 479 523 14 61
203 276 345 603 24 859
562 54 180 310 43 591
504 350 549 849 15 704
985 101 165 504 89 501
789 848 46 866 69 735
414 173 765 921 62 375
53 922 124 218 44 425
368 819 155 497 33 488
407 535 926 771 49 763
723 28 594 59 32 6
209 300 371 637 20 97
24 28 817 644 1 56
746 622 317 124 83 662
583 712 864 526 82 105
422 263 879 253 75 974
86 32 743 343 88 370
577 23 775 537 54 173
987 603 498 835 29 601
271 592 278 89 22 21
107 877 571 671 55 540
684 892 471 879 21 797
610 844 706 625 61 702
223 298 386 53 78 692
857 49 137 11 47 749
896 35 959 695 79 508
580 962 364 773 43 741
165 834 747 139 37 514
321 260 494 932 44 910
133 534 931 131 70 196
230 571 874 329 74 247
756 775 314 544 76 394
999 363 601 529 89 288
631 199 806 219 70 862
35 365 440 678 37 795
884 772 230 627 31 762
866 777 720 799 82 793
775 755 274 564 34 810
251 839 911 536 75 476
782 751 959 924 84 953
603 943 812 762 57 885
192 876 130 797 31 373
944 448 612 711 53 43
586 637 239 663 14 449
944 668 475 362 42 300
36 478 20 329 23 903
432 154 844 718 87 81
389 117 580 478 8 886
248 419 227 413 15 46
630 896 954 262 41 66
336 548 952 670 44 745
67 202 310 275 38 946
660 892 157 90 2 358
870 822 673 505 19 688
740 4 144 66 70 921
441 585 366 438 46 532
454 427 261 732 69 570
83 161 250 443 16 662
186 574 468 365 84 865
548 80 347 845 53 855
419 108 987 973 22 98
231 179 516 713 38 693
483 546 628 482 64 644
80 643 529 367 38 328
400 603 788 452 50 997
654 578 168 922 50 870
555 902 536 599 25 967
274 726 841 825 33 395
331 74 733 629 26 761
743 392 666 385 67 347
827 86 801 915 14 213
800 998 27 584 35 686
392 748 453 449 76 355
238 842 278 196 57 638
853 816 528 238 68 752
438 674 471 244 46 139
118 944 988 888 9 645
52 524 873 209 58 280
189 855 145 544 48 852
589 978 420 126 85 964
585 651 300 623 79 689
789 580 316 764 78 890
733 978 131 888 60 778
912 492 584 497 53 600
25 985 522 349 81 593
383 733 583 216 56 863
6 547 844 316 78 892
632 414 344 740 79 37
460 68 219 505 34 868
522 325 930 606 63 231
119 429 855 657 62 820
303 966 50 916 12 157
238 204 204 407 17 505
771 739 746 35 28 451
389 167 451 324 34 36
85 492 129 411 63 963
550 367 713 78 41 191
567 851 928 583 66 116
856 641 238 530 12 402
815 989 3 634 72 842
302 381 977 251 86 396
501 390 886 816 89 867
154 644 999 535 49 528
416 76 30 934 70 252
931 325 472 335 46 261
558 349 541 249 82 9
494 81 235 828 22 986
442 696 954 228 86 459
44 11 414 343 49 482
226 828 916 296 73 595
724 742 49 366 22 737
805 11 600 2 64 225
954 597 270 44 31 662
659 951 175 564 19 996
696 834 302 272 40 320
963 309 787 652 12 565
502 663 335 860 51 802
284 745 217 542 46 202
427 750 188 610 26 645
123 887 688 356 37 980
739 331 679 247 27 906
546 104 180 25 53 387
780 740 676 144 58 448
259 200 132 945 3 787
354 240 984 612 45 878
700 249 462 843 65 482
652 460 457 203 8 750
964 783 558 440 22 443
921 459 94 976 63 176
811 292 113 706 23 778
887 583 336 44 47 878
453 689 617 238 35 993
355 661 284 941 34 911
390 819 700 267 72 820
404 928 227 349 61 880
251 488 648 119 6 32
150 132 582 693 17 348
327 602 11 699 19 94
276 805 166 745 76 412
353 55 502 540 30 814
277 439 649 72 16 5
45 855 190 377 29 284
721 521 20 481 82 412
911 685 455 912 24 404
840 828 40 954 42 798
37 640 166 483 24 98
256 258 802 646 61 139
725 275 185 802 59 1
846 681 867 465 22 935
211 336 489 609 89 933
481 753 762 577 88 406
106 611 42 269 56 814
686 610 172 796 76 500
699 294 905 686 9 882
234 497 673 322 76 76
871 985 96 778 45 146
198 994 548 612 36 943
64 67 301 806 27 855
84 396 983 324 10 146
542 694 686 386 23 554
413 56 789 340 23 902
60 851 867 767 84 819
406 91 736 676 2 989
30 155 462 165 8 235
323 796 640 825 16 77
369 27 568 414 49 420
512 388 459 626 57 594
338 658 140 44 34 11
303 338 910 129 9 93
982 945 300 102 26 497
566 494 397 178 23 855
98 8 454 531 68 563
22 548 509 489 64 555
138 314 325 844 62 259
270 18 796 960 12 253
960 600 39 1001 12 800
956 964 197 677 42 749
0 874 842 989 19 120
548 928 129 716 10 494
153 634 216 520 2 484
863 385 87 292 56 674
472 189 803 482 37 470
705 904 449 84 3 935
727 544 924 391 20 516
816 685 195 743 24 372
832 748 321 50 64 886
799 816 276 532 8 862
309 847 266 857 7 516
650 667 584 921 67 745
103 714 288 871 13 541
201 240 690 588 26 953
379 965 403 696 54 569
948 57 890 838 64 306
318 993 50 559 55 834
577 243 552 764 80 499
382 757 783 622 19 295
883 931 273 737 72 573
116 491 237 546 28 493
762 855 13 792 42 204
213 785 930 716 1 619
568 168 90 436 60 45
311 700 132 165 55 666
281 958 734 79 71 639
866 568 268 320 61 870
729 758 832 920 71 966
377 1 141 33 37 758
462 524 484 498 81 679
287 343 725 102 52 116
831 16 112 430 38 323
3 322 266 536 69 38
408 401 37 915 80 485
736 90 84 236 44 851
1 54 758 588 45 778
138 33 647 506 36 263
280 99 527 83 32 875
185 837 317 906 16 431
363 61 293 288 31 485
197 219 556 406 17 833
639 280 690 800 49 135
559 491 381 566 61 901
630 234 351 386 56 989
343 718 433 602 88 253
817 895 656 442 57 617
855 739 213 676 87 84
62 422 819 448 73 654
14 551 825 539 16 892
556 166 201 294 55 676
429 747 892 843 45 83
151 816 753 51 2 325
119 654 336 904 4 323
386 877 647 282 70 793
9 684 206 582 56 575
635 247 358 430 14 172
552 16 934 95 47 732
484 641 807 12 77 935
209 338 111 141 3 541
689 933 567 446 54 905
968 639 235 574 11 182
982 134 654 254 14 498
594 326 797 82 63 308
409 734 28 169 82 832
971 941 604 917 26 726
966 464 628 244 21 390
598 657 353 576 73 46
944 248 531 569 31 427
137 488 188 655 88 636
635 129 757 448 16 88
820 677 260 615 74 113
875 320 165 75 88 395
537 211 239 212 65 264
364 284 996 685 28 742
510 637 187 572 68 872
693 783 765 35 86 391
690 460 319 527 12 292
637 236 465 720 84 643
268 407 829 835 84 872
503 521 416 311 8 889
93 565 260 165 65 381
93 388 494 749 47 645
271 105 754 432 19 536
280 154 83 534 56 854
769 774 967 26 56 488
153 72 652 374 33 343
550 626 512 881 23 732
303 943 645 795 23 199
480 709 436 938 29 357
976 975 169 992 58 102
129 366 458 682 27 872
620 722 872 749 39 219
541 726 579 726 63 945
703 98 431 697 38 250
49 631 43 177 51 423
639 942 159 428 51 435
392 811 720 595 76 797
237 469 448 122 1 12
589 496 541 708 25 962
209 146 33 259 80 568
346 909 865 870 60 637
31 21 482 826 66 8
214 134 450 276 87 173
799 452 748 41 71 587
185 815 96 439 89 673
617 380 240 120 3 388
51 867 34 169 29 409
624 861 495 917 7 16
526 16 705 476 65 393
851 472 308 484 30 941
929 454 762 225 2 719
822 473 38 567 39 973
111 121 916 247 52 851
120 177 735 942 37 724
280 388 588 708 20 464
46 941 792 183 87 614
454 762 304 95 86 714
968 466 943 41 70 72
445 188 342 980 44 917
72 711 668 930 62 960
506 107 258 923 32 577
892 714 383 330 58 29
176 982 682 430 52 489
271 904 203 953 28 277
250 378 111 729 24 311
280 160 591 444 33 549
378 855 349 345 21 447
71 890 778 165 62 481
414 991 772 59 31 448
720 686 579 224 27 24
378 765 714 686 80 285
734 897 969 340 66 253
689 227 983 407 49 876
163 386 717 474 73 977
277 1001 826 957 85 118
86 212 314 258 64 825
154 555 542 914 22 348
670 616 528 259 42 987
166 467 466 627 10 748
31 814 60 941 29 624
799 3 109 933 65 565
728 469 70 872 85 166
253 297 920 794 80 272
966 493 651 204 64 228
328 207 443 285 41 858
349 885 808 868 5 773
196 565 454 47 12 390
451 810 29 71 48 344
656 32 182 277 7 709
461 836 159 790 84 784
180 93 732 726 42 781
737 437 30 790 68 735
769 893 509 810 6 643
292 289 121 481 27 486
540 639 647 17 65 196
8 730 412 471 51 315
864 169 331 142 34 244
744 903 654 113 38 428
958 949 294 602 83 148
449 592 317 607 76 854
934 352 801 160 51 305
987 638 734 326 2 307
547 457 77 795 33 336
478 954 207 990 84 988
227 797 306 180 33 373
746 756 244 109 28 594
345 640 171 367 68 199
776 454 568 776 54 493
232 234 277 663 41 214
21 885 120 316 11 995
23 275 818 525 56 219
937 136 918 732 59 10
120 417 409 371 3 936
207 110 428 939 36 64
853 136 201 715 28 878
873 233 924 897 30 685
804 543 172 818 47 807
861 294 278 547 81 536
219 866 852 227 31 396
309 374 660 192 54 404
40 341 692 68 22 13
585 56 751 506 59 209
216 52 857 783 3 635
984 780 309 731 88 596
231 949 378 230 16 867
756 141 254 884 51 457
143 767 306 563 37 815
411 273 837 847 37 778
857 983 895 193 7 249
94 90 976 160 33 684
913 68 740 372 2 918
303 176 454 90 40 315
695 429 326 457 30 264
278 450 350 150 45 302
689 249 572 891 27 921
11 427 881 727 53 74
253 239 651 103 59 399
117 934 707 748 83 55
275 824 699 209 12 253
596 479 735 464 72 937
76 776 877 258 30 680
983 265 523 413 72 764
74 519 808 106 21 97
377 811 561 463 19 356
854 482 437 603 55 596
497 632 942 504 46 819
637 792 83 745 31 435
66 129 321 856 77 422
489 434 712 761 45 798
704 959 478 865 53 982
103 625 315 771 15 968
843 576 357 303 68 123
550 633 776 636 1 840
205 445 77 297 32 345
77 613 622 979 77 302
980 520 151 351 61 750
767 199 728 31 64 466
980 71 951 802 46 493
737 605 290 16 22 33
868 763 400 596 52 665
509 846 205 115 0 214
893 16 847 726 82 219
207 412 432 826 25 617
548 223 214 909 31 848
381 256 943 561 49 338
97 191 683 207 9 346
493 345 469 748 20 165
