544
503 849 424 248 88 789
792 364 214 939 69 182
792 777 951 278 67 332
698 852 655 490 22 648
935 435 904 738 76 239
23 654 43 534 87 394
799 426 692 475 43 431
58 794 98 849 52 393
251 197 841 273 24 656
189 263 716 73 42 712
35 52 527 75 55 836
429 758 91 177 71 613
410 136 494 183 57 851
551 395 396 594 24 781
209 52 977 373 12 710
980 335 438 309 13 146
146 860 371 530 86 426
228 625 982 889 9 933
497 182 60 374 2 147
871 344 773 920 49 136
659 946 78 138 85 193
846 221 744 729 85 454
583 887 184 747 36 537
289 315 432 431 81 973
628 499 326 20 43 77
91 178 257 398 29 432
62 363 610 796 20 626
952 988 53 158 71 815
203 32 461 515 28 3
893 646 48 441 31 261
9 611 953 907 55 926
961 657 430 690 85 898
918 67 117 708 40 531
220 709 610 756 81 115
756 993 447 154 33 331
99 448 426 787 82 85
656 89 856 970 53 259
715 727 720 412 63 991
178 51 978 37 13 113
928 825 986 287 51 341
129 738 880 677 55 242
655 666 221 852 73 113
9 614 85 518 34 651
286 922 536 811 50 96
496 377 201 445 0 948
963 132 684 329 6 802
8 422 430 837 9 551
60 518 328 236 80 693
71 431 845 448 49 514
251 62 617 755 37 110
995 827 463 793 84 36
316 734 500 243 7 365
274 113 968 639 80 303
129 247 149 315 5 813
68 284 256 434 8 745
149 762 913 424 60 440
240 450 971 962 62 39
261 164 340 505 8 575
530 681 744 361 21 324
875 214 52 710 1 733
768 719 985 867 38 17
889 807 557 461 70 357
329 740 853 101 28 449
389 919 531 152 59 308
510 704 323 708 17 158
818 452 560 747 80 406
43 31 241 235 81 169
829 215 0 290 67 84
580 398 754 847 85 924
80 580 236 945 52 387
723 334 633 244 55 699
870 103 490 643 10 951
4 31 711 531 8 342
776 381 134 724 66 485
107 373 984 259 52 62
280 797 501 70 19 373
664 581 780 890 33 662
799 568 232 255 89 555
29 188 951 178 6 198
571 513 358 20 84 669
668 124 80 587 30 400
447 416 595 105 46 641
43 647 400 838 69 452
872 577 652 928 83 416
308 701 397 1001 9 794
135 257 842 14 42 438
566 859 928 194 32 548
358 160 777 265 89 671
26 543 154 959 89 907
703 859 597 171 70 525
83 517 636 711 22 467
857 229 896 27 74 983
52 830 605 388 12 920
30 395 335 895 36 435
203 408 636 405 65 832
483 525 838 639 85 359
636 340 831 436 42 354
965 959 291 840 40 896
608 621 3 249 76 727
405 656 749 557 55 669
44 653 408 887 48 245
766 807 362 131 70 813
195 206 180 879 73 40
94 613 527 87 30 159
728 769 843 958 79 525
569 803 144 45 81 811
946 296 48 800 66 761
680 306 335 163 81 47
345 297 150 789 16 130
584 741 560 139 21 424
324 957 144 558 80 841
240 919 737 108 23 379
542 599 151 206 29 590
13 502 703 963 21 236
236 272 763 552 2 515
160 169 247 634 64 613
669 505 368 584 87 112
929 259 850 725 71 576
860 436 922 460 14 214
887 809 342 599 7 612
849 524 615 870 40 425
575 152 795 579 82 556
865 843 413 452 4 466
716 914 218 281 83 13
65 651 635 113 4 894
831 157 920 386 70 565
843 464 430 670 30 412
434 810 846 172 84 160
175 174 399 59 76 657
821 85 678 112 38 503
964 4 499 643 68 825
945 697 111 567 8 52
46 119 915 631 69 816
901 916 404 230 64 368
176 597 692 612 27 779
233 302 87 447 21 8
200 214 647 389 63 923
484 906 619 783 47 990
474 72 351 946 81 341
252 129 725 433 5 995
654 512 921 273 45 289
470 191 250 970 15 998
37 33 810 107 15 924
618 136 517 808 74 823
866 53 896 216 36 863
223 809 427 422 34 356
279 268 842 871 29 207
194 906 914 871 6 646
965 218 976 444 19 709
352 348 784 525 55 13
103 256 807 723 18 726
930 645 544 145 30 489
664 641 758 541 24 325
766 690 421 442 28 523
903 778 741 671 2 556
567 582 531 196 59 718
545 826 876 606 85 336
732 512 959 726 38 690
101 889 856 893 29 698
50 576 443 60 10 687
618 867 346 65 25 300
925 533 339 641 41 563
276 781 189 924 29 64
762 32 679 567 89 985
332 879 261 983 0 658
687 671 300 604 54 364
161 273 380 341 38 200
938 430 327 45 20 996
455 57 957 916 0 77
993 588 689 361 88 170
65 961 803 146 73 136
857 49 785 200 4 718
476 485 985 673 7 711
836 302 36 795 74 414
499 278 539 276 20 988
672 712 695 138 19 37
476 70 512 518 34 120
24 831 44 500 27 548
70 981 914 961 39 209
981 615 983 836 15 910
607 274 995 670 5 887
618 44 931 519 19 420
907 824 588 876 89 624
494 585 35 545 81 154
612 483 243 144 76 168
483 210 776 858 71 208
191 430 427 273 21 634
413 321 324 901 48 787
53 195 211 298 72 706
696 892 299 683 33 977
561 628 622 559 65 225
356 448 5 744 73 126
166 382 143 609 20 60
780 180 731 339 45 175
453 751 818 3 37 670
955 466 295 916 88 92
497 673 910 554 51 64
998 438 711 558 10 668
652 681 192 540 34 64
472 910 667 552 72 413
760 252 658 631 85 780
188 17 348 507 34 102
611 632 752 848 83 68
41 295 152 609 62 676
569 600 112 862 36 450
876 643 900 569 54 700
325 940 305 169 28 516
381 681 301 670 19 442
962 459 146 353 12 223
629 419 714 973 42 798
804 376 839 567 33 752
112 911 580 259 28 850
894 684 477 732 22 642
904 642 350 677 3 696
438 741 303 556 82 852
997 873 275 200 22 426
110 830 581 527 84 189
847 895 68 141 60 664
792 744 5 325 51 104
740 338 157 766 79 41
66 645 197 840 84 367
797 88 80 859 65 151
638 445 116 984 45 386
181 210 489 635 81 216
823 835 13 851 65 97
456 435 243 808 43 545
247 762 8 547 21 339
5 256 143 929 15 224
71 749 398 8 81 444
966 527 117 186 82 45
254 796 403 598 25 457
305 650 880 816 9 691
710 863 283 970 53 919
371 974 543 89 16 478
619 11 572 826 47 486
627 886 83 468 87 640
652 203 544 601 79 890
194 313 166 999 72 120
501 505 59 898 55 775
326 912 493 372 35 183
764 97 493 641 57 841
111 123 575 220 10 867
62 891 654 355 49 457
357 532 724 251 52 302
114 889 342 823 16 506
949 553 965 679 32 312
511 562 613 492 33 602
858 419 625 124 72 434
951 491 725 552 58 141
490 708 508 678 39 559
930 339 337 401 66 723
111 300 753 248 36 784
68 944 658 442 6 429
819 594 832 526 33 849
666 762 1 656 55 283
758 150 530 968 28 594
488 329 520 305 44 801
178 576 286 170 73 327
341 546 858 308 36 78
368 460 847 718 65 793
620 699 930 406 58 164
582 535 909 217 24 506
763 959 211 165 28 634
705 901 189 720 45 745
317 905 607 58 83 324
648 193 271 969 68 276
301 126 259 539 75 15
316 974 541 97 43 32
501 451 587 885 76 582
400 285 593 382 19 516
483 541 321 918 35 664
286 450 652 451 65 474
264 780 386 325 11 294
996 535 837 75 71 641
901 269 165 256 70 180
258 689 416 138 32 845
633 595 974 205 0 393
643 648 657 762 76 652
681 631 402 842 75 151
93 149 442 778 49 965
392 150 668 442 56 139
145 744 401 761 24 516
79 359 203 928 44 442
760 682 93 742 73 142
648 596 281 216 40 597
845 950 566 470 39 958
995 502 804 586 13 570
314 407 528 635 62 138
51 807 165 184 2 631
923 91 392 927 8 972
443 573 533 478 89 51
70 272 560 38 38 123
836 308 968 546 63 396
285 692 484 856 60 646
269 726 332 496 71 862
332 597 359 18 18 319
109 191 236 54 89 606
528 713 669 834 4 104
668 947 23 467 8 395
274 190 297 170 13 269
39 153 206 281 63 91
700 751 468 458 67 655
288 538 780 377 7 551
833 862 475 201 13 944
881 55 390 721 10 396
859 632 877 663 89 471
957 411 543 809 42 853
720 402 733 314 87 133
991 628 816 551 60 442
624 601 362 559 17 360
341 925 363 543 89 714
907 344 174 920 51 804
253 212 31 124 8 501
239 568 241 439 63 464
63 311 893 525 53 254
184 106 508 412 34 409
592 676 208 523 82 8
855 84 871 840 89 957
84 933 519 645 34 294
661 311 748 39 84 312
484 890 976 738 60 968
11 33 304 788 53 68
385 886 856 29 65 422
298 379 59 132 25 790
629 398 830 308 33 956
560 203 337 627 34 994
240 710 589 794 22 261
836 702 792 183 75 324
217 178 209 491 87 2
508 211 113 51 5 544
629 227 886 454 58 328
729 987 17 558 70 105
436 613 620 278 2 840
496 464 702 242 89 568
591 755 879 456 31 123
924 578 69 841 16 978
166 77 397 853 51 300
914 119 330 243 63 516
530 214 917 503 57 332
612 852 927 81 24 248
994 765 959 287 6 858
869 234 159 948 59 683
810 901 601 650 67 282
289 986 450 446 61 77
3 642 664 576 86 596
492 558 806 358 15 975
145 912 806 349 89 31
739 690 775 42 49 389
975 679 630 314 1 82
317 660 2 985 50 268
595 514 192 911 81 740
798 728 414 931 74 508
937 722 108 602 68 946
699 350 74 525 83 683
213 946 909 58 85 199
996 291 841 573 12 968
227 667 281 3 36 151
526 595 158 219 6 351
621 423 510 553 49 653
446 552 620 246 4 189
476 803 582 621 26 223
675 355 305 508 49 495
78 358 271 57 7 321
562 981 361 169 54 981
199 475 891 625 54 953
971 81 921 880 75 899
814 60 414 715 18 226
494 236 44 362 45 60
891 444 222 800 86 338
612 778 185 57 3 91
683 419 964 127 2 238
354 720 513 493 21 42
811 586 740 940 11 761
290 862 370 890 63 814
434 338 216 683 39 466
607 98 176 235 2 600
864 813 234 163 83 685
505 256 249 605 57 611
125 931 40 441 82 376
233 385 209 884 49 739
257 360 383 474 8 358
781 416 979 301 70 591
486 737 517 8 61 278
497 404 795 252 54 390
831 817 433 138 58 308
779 238 152 811 54 711
279 482 617 129 75 76
460 694 214 104 22 769
261 537 130 710 14 624
534 52 921 330 33 137
929 121 921 906 87 402
563 197 798 644 10 201
515 334 31 763 61 292
294 143 373 453 50 518
991 199 598 887 21 530
904 297 74 803 87 359
265 569 525 680 52 100
691 512 562 482 4 244
223 780 129 435 10 710
51 27 607 372 52 120
149 43 191 44 28 870
231 805 875 172 73 5
334 451 511 107 21 802
511 531 365 198 48 476
63 316 335 477 77 26
327 631 648 277 49 235
673 183 906 972 73 345
199 95 632 993 58 217
896 347 821 988 50 765
357 704 195 553 12 267
429 33 985 65 79 457
518 328 757 490 85 318
377 582 539 166 32 346
475 515 679 78 86 255
104 971 433 462 16 199
900 310 309 985 51 240
953 896 130 782 78 242
166 482 480 65 56 216
338 328 352 617 38 281
926 790 391 492 76 592
867 997 818 621 54 192
762 772 982 509 47 733
343 651 539 963 26 258
361 750 199 59 45 847
850 209 439 640 28 390
406 248 961 344 5 179
519 934 877 948 34 602
730 916 78 983 75 76
96 749 59 750 49 338
192 255 965 974 77 499
23 537 306 962 6 275
271 36 655 936 19 877
444 894 740 809 37 124
473 158 378 321 12 911
348 264 119 855 67 707
393 1000 811 285 14 970
923 670 352 653 45 126
542 869 74 778 74 64
198 391 555 994 18 302
968 122 557 92 7 147
95 961 510 233 34 414
196 790 832 703 38 515
207 628 919 57 81 861
86 177 94 567 25 524
845 155 998 179 2 363
895 882 931 338 59 558
283 304 715 28 41 569
114 984 609 991 62 298
546 738 289 380 16 227
496 800 590 297 12 773
642 271 518 51 62 415
171 640 588 359 74 462
776 444 16 388 43 697
805 298 172 998 81 829
800 288 565 156 81 204
373 723 707 271 44 164
980 883 494 727 79 701
418 362 325 687 43 391
84 904 303 991 25 520
447 11 573 806 40 680
774 743 657 434 53 958
581 749 469 936 53 201
447 97 360 52 61 308
589 589 873 423 12 179
783 993 5 403 71 42
55 901 303 750 2 644
634 186 686 105 8 935
641 372 725 127 89 741
203 691 424 354 51 980
210 426 250 673 7 396
985 770 831 723 53 877
975 398 253 424 89 326
487 307 989 502 1 633
838 595 5 529 50 946
424 703 602 166 45 431
662 458 713 815 55 641
836 682 89 262 33 383
403 550 606 681 28 111
432 391 568 45 18 63
802 872 680 856 14 109
408 18 494 542 62 876
715 182 694 951 82 816
30 891 150 465 63 299
103 512 110 37 20 376
406 533 219 465 36 844
268 872 888 581 61 760
86 584 280 589 80 294
86 378 311 990 67 74
480 670 280 594 59 257
699 538 424 884 32 761
468 457 849 847 23 448
496 298 120 786 78 778
93 992 708 974 40 327
122 708 503 448 18 870
855 214 434 214 25 736
794 593 822 348 61 353
776 156 419 570 79 122
304 542 989 59 87 571
238 763 32 268 79 605
827 770 619 223 36 152
452 600 805 937 1 792
919 17 395 707 43 644
406 826 775 974 61 603
36 563 671 233 64 752
217 822 138 167 17 691
356 733 313 322 40 519
955 677 868 394 77 111
799 910 21 770 15 185
286 405 155 479 74 877
816 6 714 128 76 182
632 295 220 780 82 815
777 679 934 736 2 865
981 156 423 978 81 784
680 246 781 745 4 976
27 405 506 729 59 816
353 220 452 405 80 647
960 13 338 451 79 49
366 770 190 424 33 857
935 210 635 371 12 502
540 68 201 708 83 736
94 587 871 250 57 774
174 536 18 76 84 931
912 793 858 781 30 573
939 375 744 696 54 378
651 495 411 587 49 730
835 476 683 937 83 358
823 470 992 54 2 862
623 884 34 217 23 544
724 866 304 824 6 261
752 385 596 50 49 926
435 599 501 767 85 825
42 536 742 42 78 53
48 638 961 577 20 899
156 570 432 929 26 892
327 606 400 743 3 855
310 16 509 969 79 828
652 566 624 710 84 968
672 695 196 33 46 898
680 241 219 349 75 791
469 829 433 653 81 243
983 43 154 543 10 658
6 532 499 970 18 42
730 329 519 764 83 260
598 709 301 196 68 750
