106
126 416 194 208 14 221
280 917 476 102 0 596
101 136 842 737 85 293
840 630 892 985 51 363
311 165 247 450 88 679
830 955 729 876 38 562
869 522 434 520 53 478
840 44 487 572 9 432
330 644 292 720 46 841
669 463 312 728 11 974
822 978 573 53 75 46
126 37 183 373 58 901
773 394 64 884 82 914
143 49 328 116 27 148
148 800 366 1000 6 334
736 657 766 99 57 632
207 114 844 453 33 45
252 906 523 638 82 481
729 195 706 584 71 727
560 271 506 930 33 533
397 258 0 252 32 988
378 311 425 283 84 613
648 967 406 46 54 949
880 803 244 961 54 896
771 506 180 40 32 836
930 562 723 977 26 515
294 771 439 604 64 313
936 107 440 24 49 596
882 107 105 762 10 156
205 355 391 141 22 931
934 92 341 718 7 399
991 684 825 744 28 693
880 304 166 342 82 141
65 920 341 271 11 841
902 253 106 714 87 895
564 120 543 921 69 229
257 341 273 201 47 637
233 452 590 721 58 856
784 86 163 36 37 580
808 957 924 617 15 268
378 762 648 895 45 143
291 627 228 229 19 720
229 117 231 695 75 680
219 864 260 530 7 464
561 1 522 552 29 139
711 243 675 866 0 333
298 365 151 685 76 83
121 327 241 522 47 708
708 488 930 43 36 364
476 298 5 414 55 969
451 116 6 427 86 126
637 236 923 410 30 639
763 737 48 24 72 876
135 14 346 407 59 597
597 272 106 527 77 961
92 67 369 364 89 72
499 171 787 283 53 11
350 639 614 294 61 477
810 141 668 381 20 703
39 545 354 526 65 625
396 650 570 60 69 604
267 36 91 475 86 462
626 756 253 440 40 863
367 994 760 708 44 94
628 925 516 267 28 62
290 380 613 180 42 648
30 93 297 165 61 782
190 754 564 259 86 371
413 523 461 750 88 152
65 479 386 427 72 310
551 797 302 963 3 55
459 370 536 482 82 942
246 765 522 32 54 617
770 537 674 533 79 292
71 244 514 653 79 163
499 432 51 175 49 263
769 921 161 210 26 957
19 384 885 914 71 256
257 91 164 261 54 816
929 267 644 181 46 553
291 715 933 896 47 999
964 476 816 153 8 463
741 614 593 166 18 713
646 886 192 38 75 802
226 676 378 397 23 104
407 205 63 569 31 19
438 491 837 914 55 715
845 848 866 76 80 29
956 44 757 550 40 109
16 307 858 754 70 725
646 846 491 225 61 654
251 983 237 590 17 96
878 247 570 856 46 375
946 422 851 833 33 979
792 690 942 5 7 265
31 105 170 923 62 602
649 129 71 858 83 534
464 86 592 403 57 372
998 85 272 376 65 964
74 174 397 572 64 672
899 465 217 920 48 794
370 711 728 399 2 921
808 672 425 48 33 457
595 538 908 682 77 663
908 445 749 823 64 911
330 333 179 355 59 82
